850,1
866,1
882,1
888,1
892,3
896,4
898,2
900,4
901,1
902,6
904,4
905,1
906,3
907,2
908,3
910,4
911,4
912,3
913,3
914,3
915,3
916,8
917,1
918,5
919,1
920,6
921,4
922,7
923,6
924,12
925,9
926,8
927,11
928,13
929,12
930,12
931,8
932,14
933,18
934,9
935,15
936,21
937,17
938,23
939,16
940,30
941,27
942,26
943,26
944,23
945,17
946,29
947,25
948,39
949,40
950,36
951,43
952,46
953,44
954,46
955,59
956,65
957,75
958,73
959,59
960,75
961,68
962,86
963,87
964,83
965,86
966,99
967,94
968,101
969,92
970,109
971,118
972,138
973,131
974,127
975,146
976,176
977,171
978,176
979,173
980,174
981,195
982,213
983,213
984,239
985,230
986,256
987,250
988,268
989,296
990,297
991,328
992,355
993,330
994,385
995,361
996,385
997,390
998,443
999,431
1000,442
1001,485
1002,505
1003,529
1004,579
1005,536
1006,605
1007,582
1008,658
1009,660
1010,687
1011,725
1012,771
1013,779
1014,750
1015,855
1016,899
1017,964
1018,969
1019,1011
1020,1014
1021,1084
1022,1114
1023,1109
1024,1189
1025,1298
1026,1247
1027,1332
1028,1398
1029,1445
1030,1482
1031,1463
1032,1606
1033,1650
1034,1695
1035,1715
1036,1825
1037,1862
1038,1947
1039,2022
1040,2148
1041,2084
1042,2198
1043,2264
1044,2380
1045,2408
1046,2489
1047,2522
1048,2682
1049,2757
1050,2864
1051,2863
1052,3098
1053,3109
1054,3204
1055,3445
1056,3403
1057,3539
1058,3575
1059,3766
1060,3851
1061,3959
1062,3927
1063,4243
1064,4259
1065,4485
1066,4526
1067,4679
1068,4772
1069,4851
1070,5052
1071,5085
1072,5369
1073,5440
1074,5556
1075,5780
1076,5868
1077,6083
1078,6233
1079,6229
1080,6436
1081,6587
1082,6769
1083,7058
1084,7126
1085,7210
1086,7554
1087,7794
1088,7684
1089,7762
1090,8097
1091,8206
1092,8580
1093,8679
1094,9108
1095,9089
1096,9235
1097,9461
1098,9663
1099,9737
1100,10043
1101,10094
1102,10331
1103,10621
1104,10854
1105,10890
1106,11308
1107,11371
1108,11589
1109,11958
1110,12011
1111,12181
1112,12523
1113,12707
1114,13091
1115,13093
1116,13430
1117,13586
1118,13939
1119,14024
1120,14400
1121,14346
1122,14629
1123,14826
1124,15224
1125,15330
1126,15845
1127,15839
1128,16279
1129,16159
1130,16508
1131,16903
1132,17148
1133,17149
1134,17638
1135,17562
1136,17835
1137,18089
1138,18366
1139,18406
1140,18798
1141,18800
1142,19339
1143,19505
1144,19859
1145,19880
1146,20624
1147,20333
1148,20886
1149,20885
1150,20919
1151,21236
1152,21396
1153,21739
1154,21973
1155,22164
1156,22604
1157,22369
1158,22937
1159,23216
1160,23058
1161,23421
1162,23616
1163,23323
1164,23840
1165,24081
1166,24432
1167,24594
1168,24863
1169,25011
1170,24873
1171,25680
1172,25332
1173,25621
1174,25445
1175,25926
1176,26028
1177,26032
1178,26261
1179,26469
1180,26426
1181,26853
1182,26675
1183,27240
1184,27242
1185,27464
1186,27294
1187,27262
1188,27356
1189,27746
1190,27767
1191,27708
1192,27706
1193,28289
1194,28203
1195,28112
1196,28013
1197,28270
1198,28534
1199,28646
1200,28483
1201,28614
1202,28561
1203,29057
1204,28587
1205,28916
1206,28377
1207,28641
1208,28895
1209,28973
1210,28898
1211,28958
1212,28631
1213,29240
1214,28931
1215,29031
1216,29082
1217,29173
1218,29015
1219,28947
1220,29106
1221,29086
1222,28944
1223,29003
1224,28928
1225,28903
1226,28770
1227,28915
1228,28730
1229,28740
1230,28455
1231,28462
1232,28713
1233,28435
1234,28406
1235,28106
1236,28320
1237,28342
1238,28162
1239,28143
1240,28162
1241,27953
1242,27810
1243,27655
1244,27679
1245,27115
1246,27088
1247,27161
1248,26837
1249,26721
1250,26853
1251,26641
1252,26534
1253,26396
1254,26380
1255,26036
1256,26182
1257,25911
1258,25894
1259,25296
1260,25554
1261,25101
1262,25226
1263,24851
1264,24724
1265,24945
1266,24404
1267,24457
1268,24103
1269,24203
1270,24010
1271,23376
1272,23497
1273,23331
1274,23050
1275,23155
1276,22678
1277,22765
1278,22473
1279,22261
1280,22009
1281,22036
1282,21768
1283,21396
1284,21754
1285,21405
1286,20975
1287,20950
1288,20847
1289,20879
1290,20483
1291,20233
1292,19893
1293,19801
1294,19500
1295,19304
1296,19359
1297,19098
1298,18593
1299,18476
1300,18376
1301,18244
1302,18134
1303,17929
1304,17815
1305,17345
1306,17269
1307,17165
1308,16907
1309,16877
1310,16635
1311,16484
1312,16221
1313,16094
1314,15711
1315,15745
1316,15352
1317,15308
1318,14976
1319,14947
1320,14717
1321,14706
1322,14553
1323,14146
1324,14087
1325,13667
1326,13798
1327,13658
1328,13175
1329,13322
1330,12983
1331,12696
1332,12670
1333,12578
1334,12396
1335,12078
1336,12282
1337,11657
1338,11792
1339,11243
1340,11429
1341,11134
1342,11177
1343,11094
1344,10682
1345,10480
1346,10386
1347,10201
1348,10151
1349,10036
1350,10067
1351,9739
1352,9537
1353,9417
1354,9164
1355,9047
1356,9116
1357,8688
1358,8846
1359,8561
1360,8516
1361,8365
1362,8222
1363,8193
1364,7877
1365,7870
1366,7592
1367,7485
1368,7416
1369,7370
1370,7216
1371,7089
1372,7017
1373,6955
1374,6763
1375,6663
1376,6668
1377,6449
1378,6243
1379,6180
1380,6164
1381,6092
1382,5861
1383,5626
1384,5839
1385,5617
1386,5523
1387,5280
1388,5357
1389,5273
1390,5260
1391,5059
1392,5002
1393,4876
1394,4861
1395,4655
1396,4714
1397,4438
1398,4477
1399,4308
1400,4207
1401,4138
1402,4158
1403,3993
1404,3974
1405,3941
1406,3786
1407,3796
1408,3695
1409,3777
1410,3590
1411,3443
1412,3480
1413,3456
1414,3317
1415,3204
1416,3182
1417,2994
1418,3036
1419,2951
1420,3049
1421,2950
1422,2904
1423,2745
1424,2721
1425,2656
1426,2635
1427,2533
1428,2545
1429,2540
1430,2413
1431,2385
1432,2273
1433,2335
1434,2266
1435,2194
1436,2187
1437,2135
1438,2084
1439,2069
1440,2046
1441,1962
1442,1901
1443,1811
1444,1834
1445,1853
1446,1788
1447,1693
1448,1638
1449,1674
1450,1622
1451,1665
1452,1587
1453,1600
1454,1475
1455,1517
1456,1407
1457,1371
1458,1408
1459,1421
1460,1252
1461,1276
1462,1262
1463,1317
1464,1212
1465,1169
1466,1159
1467,1177
1468,1066
1469,1073
1470,1128
1471,1107
1472,1063
1473,998
1474,1094
1475,928
1476,971
1477,912
1478,860
1479,887
1480,906
1481,860
1482,786
1483,799
1484,812
1485,785
1486,748
1487,739
1488,726
1489,754
1490,716
1491,667
1492,716
1493,676
1494,656
1495,681
1496,622
1497,640
1498,542
1499,589
1500,592
1501,551
1502,522
1503,497
1504,500
1505,490
1506,491
1507,465
1508,522
1509,434
1510,397
1511,446
1512,418
1513,446
1514,443
1515,396
1516,396
1517,428
1518,401
1519,381
1520,338
1521,372
1522,342
1523,336
1524,308
1525,324
1526,314
1527,291
1528,282
1529,308
1530,286
1531,270
1532,291
1533,268
1534,264
1535,255
1536,243
1537,235
1538,249
1539,247
1540,232
1541,225
1542,222
1543,211
1544,208
1545,205
1546,199
1547,198
1548,233
1549,189
1550,184
1551,192
1552,195
1553,187
1554,152
1555,169
1556,158
1557,159
1558,159
1559,150
1560,140
1561,145
1562,112
1563,135
1564,116
1565,121
1566,155
1567,137
1568,111
1569,125
1570,114
1571,111
1572,116
1573,94
1574,111
1575,96
1576,114
1577,107
1578,85
1579,90
1580,98
1581,87
1582,112
1583,86
1584,88
1585,95
1586,67
1587,81
1588,79
1589,70
1590,73
1591,76
1592,76
1593,84
1594,65
1595,71
1596,72
1597,65
1598,70
1599,71
1600,60
1601,67
1602,46
1603,57
1604,48
1605,58
1606,54
1607,45
1608,46
1609,53
1610,35
1611,52
1612,52
1613,52
1614,37
1615,35
1616,49
1617,44
1618,69
1619,47
1620,55
1621,34
1622,39
1623,45
1624,44
1625,46
1626,22
1627,40
1628,37
1629,41
1630,43
1631,38
1632,34
1633,39
1634,21
1635,36
1636,17
1637,38
1638,23
1639,37
1640,32
1641,34
1642,34
1643,22
1644,25
1645,22
1646,26
1647,24
1648,19
1649,21
1650,22
1651,20
1652,21
1653,16
1654,17
1655,21
1656,15
1657,16
1658,18
1659,15
1660,23
1661,24
1662,12
1663,16
1664,22
1665,23
1666,14
1667,9
1668,17
1669,13
1670,9
1671,16
1672,16
1673,9
1674,11
1675,13
1676,15
1677,10
1678,8
1679,11
1680,8
1681,8
1682,8
1683,7
1684,7
1685,10
1686,10
1687,9
1688,12
1689,10
1690,14
1691,3
1692,12
1693,11
1694,6
1695,10
1696,7
1697,9
1698,9
1699,11
1700,5
1701,8
1702,8
1703,9
1704,6
1705,6
1706,4
1707,5
1708,5
1709,3
1710,4
1711,6
1712,5
1713,10
1714,7
1715,5
1716,7
1717,6
1718,4
1719,8
1720,7
1721,4
1722,4
1723,6
1724,4
1725,7
1726,1
1727,1
1728,7
1729,3
1730,1
1731,3
1733,1
1734,3
1735,7
1736,4
1738,3
1739,3
1740,3
1741,1
1742,4
1743,3
1744,1
1745,1
1746,1
1747,1
1748,2
1749,2
1750,2
1751,1
1752,1
1754,1
1755,1
1756,1
1758,1
1759,2
1760,2
1761,1
1762,2
1764,3
1766,1
1767,2
1768,1
1772,2
1775,1
1777,1
1778,1
1779,1
1783,1
1784,1
1785,3
1790,1
1794,1
1795,1
1796,1
1801,1
1802,1
1807,1
1813,2
1835,1
1844,1
1857,1
1888,1
1907,1
3526,1
3527,1
3530,1
3534,1
3545,1
3550,1
3555,1
3562,1
3563,1
3564,1
3565,1
3572,3
3573,1
3576,1
3577,1
3579,1
3580,2
3581,1
3582,2
3583,3
3584,1
3585,3
3587,2
3588,1
3589,1
3591,2
3594,2
3595,4
3596,2
3597,3
3598,1
3599,5
3601,6
3602,1
3603,1
3604,2
3605,3
3606,1
3607,2
3608,5
3609,1
3610,2
3611,3
3613,5
3615,5
3616,2
3617,1
3618,6
3619,6
3620,5
3621,3
3622,6
3623,2
3624,5
3625,4
3626,8
3627,3
3628,6
3629,8
3630,4
3631,5
3632,9
3634,7
3635,9
3636,6
3637,4
3638,6
3639,7
3640,7
3641,10
3642,3
3643,8
3644,6
3645,10
3646,9
3647,10
3648,6
3649,9
3650,5
3651,9
3652,7
3653,12
3654,8
3655,9
3656,14
3657,7
3658,9
3659,8
3660,12
3661,11
3662,12
3663,13
3664,12
3665,12
3666,14
3667,17
3668,8
3669,12
3670,13
3671,8
3672,11
3673,13
3674,10
3675,8
3676,12
3677,15
3678,15
3679,14
3680,12
3681,23
3682,11
3683,9
3684,14
3685,16
3686,14
3687,15
3688,20
3689,16
3690,22
3691,12
3692,12
3693,16
3694,21
3695,19
3696,17
3697,10
3698,19
3699,25
3700,22
3701,18
3702,26
3703,17
3704,12
3705,18
3706,17
3707,10
3708,13
3709,20
3710,20
3711,20
3712,16
3713,26
3714,14
3715,17
3716,20
3717,17
3718,17
3719,20
3720,17
3721,18
3722,12
3723,18
3724,12
3725,20
3726,20
3727,15
3728,9
3729,19
3730,23
3731,26
3732,25
3733,7
3734,13
3735,20
3736,17
3737,12
3738,13
3739,15
3740,14
3741,18
3742,23
3743,13
3744,14
3745,20
3746,16
3747,14
3748,11
3749,17
3750,9
3751,11
3752,10
3753,17
3754,14
3755,13
3756,16
3757,16
3758,7
3759,11
3760,8
3761,11
3762,9
3763,8
3764,10
3765,15
3766,17
3767,16
3768,9
3769,10
3770,16
3771,18
3772,10
3773,16
3774,9
3775,10
3776,6
3777,3
3778,11
3779,9
3780,7
3781,4
3782,9
3783,8
3784,11
3785,4
3786,9
3787,12
3788,7
3789,6
3790,11
3791,7
3792,9
3793,7
3794,3
3795,4
3796,4
3797,4
3798,8
3799,5
3800,3
3801,8
3802,5
3803,4
3804,6
3805,1
3806,6
3807,2
3808,3
3809,8
3810,6
3811,5
3812,9
3813,5
3814,7
3815,4
3816,3
3817,5
3818,6
3819,7
3820,2
3821,3
3822,4
3823,3
3824,5
3825,1
3826,3
3827,4
3828,3
3829,3
3830,7
3831,4
3832,5
3833,6
3834,2
3835,3
3836,3
3837,3
3838,1
3839,3
3840,1
3841,4
3842,3
3843,1
3845,3
3846,1
3848,3
3849,3
3850,3
3853,1
3854,3
3856,2
3857,2
3858,1
3861,1
3863,1
3864,1
3865,1
3866,2
3867,2
3868,3
3869,2
3871,1
3872,1
3876,2
3878,1
3879,1
3880,1
3883,1
3884,1
3885,2
3886,1
3888,2
3894,1
3900,1
3907,1
3918,1
3928,1
3933,1
3961,1
3973,1
5897,1
6056,1
6081,1
6082,1
6090,1
6092,1
6093,1
6101,1
6103,1
6104,1
6105,1
6107,1
6108,1
6111,1
6112,3
6114,1
6115,1
6117,1
6123,2
6124,1
6127,1
6128,1
6130,2
6133,2
6134,2
6136,1
6137,1
6139,3
6140,1
6141,2
6145,1
6146,3
6147,2
6150,1
6151,2
6152,1
6153,1
6154,1
6155,2
6156,3
6157,1
6158,2
6159,3
6160,2
6161,2
6162,3
6163,1
6164,3
6166,4
6167,2
6168,2
6169,5
6170,3
6171,2
6172,2
6173,2
6174,3
6175,1
6176,4
6178,3
6180,4
6181,4
6182,5
6183,1
6184,4
6185,3
6186,3
6187,5
6188,6
6189,4
6190,7
6191,2
6192,2
6193,3
6194,3
6195,7
6196,7
6197,7
6198,3
6199,5
6200,4
6201,4
6202,8
6203,5
6204,6
6205,7
6206,4
6207,7
6208,5
6209,7
6210,3
6211,10
6212,4
6213,5
6214,7
6215,8
6216,7
6217,11
6218,10
6219,8
6220,7
6221,6
6222,9
6223,8
6224,8
6225,10
6226,17
6227,9
6228,10
6229,9
6230,13
6231,11
6232,11
6233,8
6234,8
6235,13
6236,13
6237,17
6238,17
6239,9
6240,13
6241,13
6242,15
6243,9
6244,11
6245,16
6246,13
6247,21
6248,14
6249,12
6250,17
6251,16
6252,14
6253,11
6254,19
6255,7
6256,13
6257,11
6258,26
6259,15
6260,17
6261,19
6262,18
6263,18
6264,15
6265,16
6266,24
6267,12
6268,14
6269,14
6270,19
6271,21
6272,14
6273,20
6274,12
6275,22
6276,25
6277,16
6278,23
6279,16
6280,18
6281,19
6282,22
6283,24
6284,19
6285,22
6286,22
6287,15
6288,20
6289,15
6290,20
6291,18
6292,19
6293,14
6294,21
6295,20
6296,12
6297,13
6298,16
6299,14
6300,13
6301,20
6302,17
6303,18
6304,16
6305,18
6306,19
6307,15
6308,20
6309,18
6310,22
6311,17
6312,11
6313,14
6314,18
6315,13
6316,14
6317,8
6318,13
6319,13
6320,11
6321,17
6322,19
6323,9
6324,10
6325,14
6326,10
6327,6
6328,11
6329,17
6330,20
6331,12
6332,16
6333,12
6334,12
6335,10
6336,14
6337,11
6338,11
6339,11
6340,12
6341,12
6342,9
6343,9
6344,6
6345,8
6346,9
6347,4
6348,9
6349,7
6350,5
6351,6
6352,7
6353,9
6354,7
6355,7
6356,9
6357,9
6358,3
6359,8
6360,8
6361,5
6362,9
6363,10
6364,7
6365,3
6366,8
6367,7
6368,3
6369,2
6370,5
6371,3
6372,8
6373,10
6374,7
6375,5
6376,7
6377,7
6378,6
6379,8
6380,4
6381,3
6382,3
6383,4
6384,3
6385,2
6386,4
6387,3
6389,4
6390,4
6392,1
6393,1
6395,3
6396,1
6397,5
6398,2
6399,3
6400,1
6401,2
6403,3
6404,3
6405,2
6408,1
6409,3
6410,2
6412,3
6413,1
6414,2
6416,3
6418,1
6419,1
6424,1
6426,2
6428,1
6436,2
6441,1
6447,2
6450,1
6458,1
6460,1
6471,1
6472,1
6502,1
8055,1
8094,1
8114,1
8134,1
8152,1
8155,1
8157,1
8178,1
8180,2
8186,2
8187,1
8191,2
8193,1
8196,1
8199,1
8200,1
8201,1
8202,1
8209,1
8211,1
8212,1
8213,1
8218,1
8220,1
8221,1
8222,1
8223,1
8224,3
8225,1
8226,1
8227,2
8231,1
8234,2
8235,2
8237,1
8238,1
8239,2
8240,5
8241,1
8243,3
8244,2
8245,1
8246,3
8247,1
8248,4
8249,1
8250,3
8251,3
8252,2
8254,2
8255,3
8256,1
8257,4
8258,3
8259,1
8260,2
8261,1
8262,1
8263,2
8264,7
8265,4
8266,3
8267,4
8268,4
8269,2
8270,2
8271,1
8272,5
8273,5
8274,5
8275,6
8276,3
8277,4
8278,6
8279,5
8280,2
8281,2
8282,3
8283,7
8284,3
8285,1
8286,4
8287,8
8288,1
8289,8
8290,6
8291,4
8292,4
8293,7
8294,8
8295,8
8296,5
8297,5
8298,6
8299,7
8300,6
8301,10
8302,6
8303,6
8304,8
8305,5
8306,10
8307,6
8308,12
8309,17
8310,6
8311,12
8312,16
8313,8
8314,13
8315,7
8316,9
8317,7
8318,9
8319,9
8320,10
8321,11
8322,13
8323,10
8324,14
8325,5
8326,10
8327,16
8328,17
8329,18
8330,15
8331,15
8332,16
8333,13
8334,14
8335,23
8336,10
8337,18
8338,24
8339,16
8340,17
8341,18
8342,11
8343,20
8344,22
8345,26
8346,18
8347,17
8348,13
8349,21
8350,23
8351,26
8352,25
8353,28
8354,32
8355,21
8356,22
8357,16
8358,23
8359,30
8360,29
8361,32
8362,25
8363,25
8364,28
8365,33
8366,34
8367,29
8368,27
8369,28
8370,28
8371,40
8372,31
8373,39
8374,25
8375,32
8376,36
8377,47
8378,29
8379,21
8380,38
8381,32
8382,33
8383,39
8384,30
8385,53
8386,44
8387,46
8388,55
8389,61
8390,53
8391,38
8392,57
8393,46
8394,51
8395,58
8396,60
8397,65
8398,54
8399,61
8400,70
8401,75
8402,62
8403,49
8404,65
8405,77
8406,68
8407,70
8408,80
8409,71
8410,76
8411,65
8412,85
8413,82
8414,88
8415,80
8416,83
8417,94
8418,84
8419,92
8420,93
8421,94
8422,87
8423,103
8424,95
8425,98
8426,107
8427,130
8428,97
8429,110
8430,122
8431,124
8432,104
8433,137
8434,122
8435,161
8436,113
8437,147
8438,150
8439,155
8440,138
8441,116
8442,151
8443,138
8444,153
8445,165
8446,172
8447,166
8448,188
8449,172
8450,194
8451,190
8452,202
8453,224
8454,171
8455,217
8456,199
8457,204
8458,228
8459,240
8460,249
8461,202
8462,235
8463,259
8464,273
8465,236
8466,228
8467,251
8468,293
8469,275
8470,252
8471,309
8472,311
8473,321
8474,312
8475,356
8476,330
8477,369
8478,324
8479,347
8480,346
8481,365
8482,380
8483,365
8484,407
8485,433
8486,439
8487,408
8488,439
8489,443
8490,410
8491,457
8492,461
8493,496
8494,533
8495,525
8496,513
8497,541
8498,572
8499,569
8500,564
8501,581
8502,616
8503,557
8504,613
8505,644
8506,608
8507,662
8508,634
8509,684
8510,771
8511,782
8512,736
8513,736
8514,785
8515,722
8516,823
8517,786
8518,829
8519,821
8520,873
8521,844
8522,890
8523,972
8524,971
8525,901
8526,967
8527,1088
8528,1008
8529,1095
8530,1091
8531,1036
8532,1106
8533,1126
8534,1144
8535,1214
8536,1178
8537,1277
8538,1272
8539,1310
8540,1357
8541,1387
8542,1392
8543,1344
8544,1427
8545,1479
8546,1522
8547,1496
8548,1573
8549,1563
8550,1586
8551,1684
8552,1655
8553,1756
8554,1798
8555,1768
8556,1861
8557,1938
8558,1938
8559,1952
8560,2026
8561,2068
8562,2092
8563,2095
8564,2211
8565,2202
8566,2191
8567,2319
8568,2404
8569,2372
8570,2484
8571,2526
8572,2468
8573,2555
8574,2700
8575,2657
8576,2779
8577,2755
8578,2799
8579,2935
8580,3023
8581,2962
8582,3110
8583,3161
8584,3130
8585,3237
8586,3277
8587,3416
8588,3469
8589,3513
8590,3465
8591,3644
8592,3751
8593,3781
8594,3808
8595,3952
8596,4039
8597,4095
8598,4162
8599,4187
8600,4379
8601,4422
8602,4443
8603,4493
8604,4643
8605,4605
8606,4845
8607,4778
8608,4997
8609,4986
8610,5153
8611,5255
8612,5495
8613,5550
8614,5538
8615,5712
8616,5655
8617,5847
8618,5858
8619,6036
8620,6042
8621,6293
8622,6239
8623,6417
8624,6572
8625,6770
8626,6774
8627,6774
8628,7051
8629,7000
8630,7183
8631,7341
8632,7313
8633,7547
8634,7889
8635,7944
8636,8012
8637,8100
8638,8186
8639,8311
8640,8361
8641,8709
8642,8630
8643,8937
8644,9051
8645,9196
8646,9483
8647,9251
8648,9716
8649,9760
8650,9910
8651,9971
8652,10294
8653,10222
8654,10627
8655,10438
8656,10644
8657,10926
8658,11172
8659,11159
8660,11414
8661,11721
8662,11528
8663,12014
8664,12121
8665,12288
8666,12126
8667,12224
8668,12636
8669,12747
8670,12945
8671,13053
8672,13297
8673,13685
8674,13927
8675,13883
8676,14034
8677,14333
8678,14689
8679,14526
8680,14671
8681,14744
8682,15163
8683,15307
8684,15474
8685,15506
8686,15698
8687,15912
8688,16387
8689,16399
8690,16364
8691,16556
8692,16954
8693,17079
8694,17282
8695,17510
8696,17629
8697,17657
8698,17951
8699,18159
8700,18386
8701,18661
8702,18922
8703,18832
8704,19059
8705,19338
8706,19573
8707,20074
8708,20164
8709,20241
8710,20491
8711,20697
8712,20701
8713,21140
8714,21191
8715,21204
8716,21452
8717,21659
8718,21900
8719,21947
8720,21993
8721,22217
8722,22410
8723,22640
8724,23029
8725,23126
8726,23024
8727,23359
8728,23240
8729,23777
8730,23605
8731,24145
8732,24205
8733,24601
8734,24662
8735,24524
8736,24928
8737,24994
8738,24936
8739,25683
8740,25528
8741,25476
8742,25568
8743,26066
8744,25998
8745,26258
8746,26491
8747,26431
8748,26508
8749,26804
8750,26844
8751,27038
8752,26908
8753,26787
8754,27223
8755,27289
8756,27471
8757,27503
8758,27545
8759,27752
8760,27941
8761,27797
8762,28194
8763,28024
8764,28082
8765,28375
8766,28316
8767,28305
8768,28539
8769,28649
8770,28495
8771,28342
8772,28337
8773,29100
8774,28561
8775,28969
8776,29040
8777,29061
8778,28962
8779,29038
8780,29105
8781,28977
8782,29191
8783,28911
8784,29053
8785,29011
8786,29188
8787,29030
8788,28953
8789,28869
8790,28914
8791,29183
8792,28963
8793,29088
8794,28662
8795,28876
8796,28603
8797,28929
8798,28579
8799,28922
8800,28644
8801,28447
8802,28436
8803,28588
8804,28164
8805,28190
8806,28412
8807,28276
8808,27698
8809,27916
8810,27852
8811,27689
8812,27593
8813,27688
8814,27589
8815,27457
8816,27114
8817,27003
8818,27068
8819,26789
8820,26582
8821,26580
8822,26387
8823,26155
8824,26030
8825,25669
8826,25672
8827,25515
8828,25485
8829,25157
8830,25182
8831,24681
8832,24699
8833,24212
8834,24573
8835,23935
8836,23868
8837,23678
8838,23437
8839,23377
8840,23185
8841,23076
8842,22655
8843,22693
8844,22548
8845,22162
8846,21813
8847,21647
8848,21439
8849,21497
8850,21000
8851,20965
8852,20804
8853,20525
8854,20060
8855,20166
8856,19421
8857,19401
8858,19487
8859,19224
8860,18869
8861,18906
8862,18535
8863,18274
8864,18174
8865,17735
8866,17352
8867,17239
8868,16838
8869,16745
8870,16617
8871,16233
8872,16006
8873,15938
8874,15792
8875,15510
8876,15254
8877,15010
8878,14672
8879,14483
8880,14151
8881,13984
8882,13657
8883,13715
8884,13241
8885,13117
8886,12891
8887,12781
8888,12714
8889,12253
8890,12112
8891,11908
8892,11708
8893,11217
8894,11272
8895,10976
8896,10814
8897,10660
8898,10522
8899,10256
8900,9930
8901,9720
8902,9582
8903,9381
8904,9183
8905,9082
8906,8845
8907,8570
8908,8370
8909,8299
8910,8085
8911,8030
8912,7913
8913,7545
8914,7363
8915,7179
8916,7162
8917,6925
8918,6683
8919,6596
8920,6356
8921,6375
8922,6144
8923,6084
8924,5988
8925,5844
8926,5365
8927,5397
8928,5306
8929,5120
8930,4978
8931,4905
8932,4874
8933,4498
8934,4522
8935,4441
8936,4298
8937,4179
8938,3957
8939,4051
8940,3773
8941,3790
8942,3605
8943,3593
8944,3442
8945,3258
8946,3156
8947,3040
8948,3071
8949,2910
8950,2868
8951,2848
8952,2694
8953,2682
8954,2555
8955,2444
8956,2339
8957,2269
8958,2262
8959,2338
8960,2129
8961,2048
8962,1887
8963,1915
8964,1828
8965,1833
8966,1646
8967,1717
8968,1500
8969,1569
8970,1426
8971,1491
8972,1367
8973,1360
8974,1272
8975,1205
8976,1137
8977,1207
8978,1069
8979,1068
8980,997
8981,1010
8982,965
8983,938
8984,889
8985,891
8986,834
8987,788
8988,734
8989,757
8990,708
8991,673
8992,614
8993,620
8994,558
8995,581
8996,531
8997,543
8998,538
8999,492
9000,430
9001,455
9002,400
9003,402
9004,391
9005,366
9006,361
9007,347
9008,308
9009,324
9010,296
9011,306
9012,281
9013,260
9014,255
9015,253
9016,215
9017,232
9018,205
9019,197
9020,197
9021,182
9022,181
9023,159
9024,139
9025,157
9026,159
9027,144
9028,118
9029,105
9030,128
9031,128
9032,89
9033,97
9034,87
9035,82
9036,72
9037,90
9038,94
9039,66
9040,74
9041,48
9042,58
9043,58
9044,57
9045,42
9046,45
9047,44
9048,52
9049,45
9050,41
9051,36
9052,32
9053,27
9054,30
9055,32
9056,24
9057,25
9058,20
9059,28
9060,21
9061,15
9062,23
9063,19
9064,22
9065,27
9066,15
9067,14
9068,13
9069,12
9070,16
9071,10
9072,10
9073,11
9074,8
9075,13
9076,10
9077,3
9078,9
9079,11
9080,6
9081,4
9082,4
9083,2
9084,3
9085,4
9086,4
9087,10
9088,2
9089,3
9090,2
9091,2
9093,8
9094,2
9095,1
9096,1
9097,3
9099,4
9100,1
9101,3
9103,1
9105,1
9109,1
9111,1
9113,1
9115,1
9117,1
9125,2
