1911,1
1919,1
1936,1
1938,1
1942,1
1944,1
1948,1
1949,1
1962,1
1965,1
1966,1
1967,1
1969,1
1971,2
1974,1
1983,1
1984,1
1985,1
1987,1
1988,1
1989,2
1990,3
1991,1
1994,1
1996,2
1997,1
1998,1
1999,1
2000,1
2001,2
2002,2
2005,1
2009,1
2011,1
2012,1
2013,3
2014,1
2015,1
2017,3
2019,3
2020,3
2021,1
2023,1
2024,2
2025,1
2026,2
2030,1
2031,2
2032,2
2033,3
2034,1
2035,4
2036,4
2037,2
2038,1
2040,2
2041,1
2042,2
2043,4
2044,3
2045,4
2046,4
2047,1
2048,2
2049,1
2050,4
2051,1
2052,5
2053,6
2054,2
2055,2
2056,2
2057,6
2058,3
2059,4
2060,3
2061,7
2062,3
2063,1
2064,7
2065,5
2066,3
2067,2
2068,6
2069,6
2070,9
2071,3
2072,6
2073,4
2074,5
2075,5
2076,9
2077,8
2078,10
2079,4
2080,7
2081,8
2082,6
2083,6
2084,10
2085,3
2086,3
2087,11
2088,2
2089,6
2090,7
2091,4
2092,6
2093,4
2094,8
2095,9
2096,5
2097,4
2098,8
2099,9
2100,7
2101,4
2102,8
2103,8
2104,21
2105,14
2106,12
2107,9
2108,6
2109,8
2110,12
2111,8
2112,11
2113,9
2114,10
2115,13
2116,9
2117,6
2118,15
2119,9
2120,5
2121,11
2122,11
2123,12
2124,14
2125,7
2126,9
2127,7
2128,19
2129,11
2130,16
2131,12
2132,10
2133,13
2134,12
2135,17
2136,19
2137,22
2138,12
2139,20
2140,14
2141,26
2142,16
2143,27
2144,16
2145,26
2146,18
2147,16
2148,20
2149,24
2150,27
2151,35
2152,28
2153,23
2154,19
2155,24
2156,15
2157,22
2158,21
2159,24
2160,26
2161,17
2162,25
2163,34
2164,23
2165,31
2166,26
2167,23
2168,30
2169,26
2170,32
2171,32
2172,33
2173,29
2174,32
2175,20
2176,33
2177,34
2178,40
2179,32
2180,23
2181,39
2182,32
2183,29
2184,31
2185,44
2186,43
2187,44
2188,41
2189,45
2190,32
2191,36
2192,36
2193,37
2194,36
2195,45
2196,65
2197,38
2198,41
2199,35
2200,59
2201,44
2202,63
2203,38
2204,46
2205,53
2206,52
2207,51
2208,59
2209,62
2210,45
2211,49
2212,43
2213,51
2214,44
2215,65
2216,65
2217,51
2218,52
2219,65
2220,56
2221,58
2222,73
2223,68
2224,75
2225,66
2226,70
2227,62
2228,67
2229,53
2230,69
2231,80
2232,74
2233,57
2234,93
2235,77
2236,79
2237,96
2238,85
2239,70
2240,77
2241,88
2242,96
2243,87
2244,79
2245,78
2246,74
2247,99
2248,104
2249,99
2250,111
2251,109
2252,119
2253,97
2254,102
2255,90
2256,87
2257,113
2258,107
2259,103
2260,114
2261,138
2262,116
2263,104
2264,101
2265,110
2266,101
2267,135
2268,112
2269,104
2270,135
2271,127
2272,152
2273,106
2274,132
2275,125
2276,128
2277,143
2278,140
2279,119
2280,143
2281,134
2282,132
2283,153
2284,143
2285,138
2286,140
2287,152
2288,153
2289,152
2290,140
2291,144
2292,157
2293,169
2294,181
2295,169
2296,172
2297,154
2298,154
2299,167
2300,162
2301,153
2302,177
2303,158
2304,190
2305,181
2306,181
2307,193
2308,160
2309,214
2310,197
2311,201
2312,201
2313,211
2314,214
2315,211
2316,192
2317,198
2318,203
2319,212
2320,211
2321,228
2322,206
2323,239
2324,198
2325,239
2326,244
2327,230
2328,247
2329,248
2330,253
2331,268
2332,253
2333,259
2334,243
2335,267
2336,268
2337,269
2338,245
2339,277
2340,263
2341,272
2342,259
2343,248
2344,270
2345,280
2346,285
2347,311
2348,299
2349,275
2350,278
2351,284
2352,281
2353,301
2354,320
2355,325
2356,283
2357,324
2358,301
2359,307
2360,311
2361,333
2362,328
2363,327
2364,359
2365,323
2366,316
2367,362
2368,338
2369,341
2370,342
2371,350
2372,370
2373,358
2374,347
2375,393
2376,395
2377,361
2378,398
2379,411
2380,426
2381,359
2382,396
2383,394
2384,405
2385,404
2386,371
2387,443
2388,400
2389,418
2390,431
2391,412
2392,434
2393,452
2394,433
2395,432
2396,457
2397,427
2398,419
2399,469
2400,446
2401,476
2402,473
2403,454
2404,466
2405,493
2406,515
2407,515
2408,478
2409,495
2410,505
2411,469
2412,486
2413,487
2414,491
2415,511
2416,541
2417,517
2418,542
2419,545
2420,538
2421,561
2422,544
2423,591
2424,553
2425,574
2426,579
2427,597
2428,594
2429,582
2430,593
2431,572
2432,546
2433,568
2434,628
2435,617
2436,582
2437,600
2438,649
2439,626
2440,638
2441,594
2442,633
2443,672
2444,636
2445,709
2446,681
2447,668
2448,667
2449,665
2450,713
2451,653
2452,627
2453,658
2454,721
2455,676
2456,708
2457,724
2458,708
2459,758
2460,718
2461,690
2462,767
2463,805
2464,757
2465,751
2466,777
2467,711
2468,746
2469,736
2470,749
2471,739
2472,849
2473,817
2474,851
2475,813
2476,781
2477,782
2478,793
2479,796
2480,831
2481,858
2482,864
2483,850
2484,846
2485,904
2486,897
2487,859
2488,856
2489,860
2490,863
2491,927
2492,883
2493,869
2494,856
2495,946
2496,903
2497,927
2498,910
2499,953
2500,907
2501,956
2502,916
2503,948
2504,996
2505,981
2506,961
2507,969
2508,965
2509,950
2510,1014
2511,931
2512,985
2513,951
2514,1000
2515,994
2516,1002
2517,1031
2518,1011
2519,1106
2520,1041
2521,1064
2522,1005
2523,1070
2524,946
2525,1098
2526,1033
2527,1109
2528,1132
2529,1141
2530,1158
2531,1070
2532,1137
2533,1058
2534,1084
2535,1170
2536,1122
2537,1154
2538,1172
2539,1206
2540,1141
2541,1111
2542,1144
2543,1164
2544,1173
2545,1144
2546,1196
2547,1218
2548,1148
2549,1166
2550,1239
2551,1200
2552,1235
2553,1250
2554,1252
2555,1300
2556,1302
2557,1267
2558,1249
2559,1265
2560,1310
2561,1316
2562,1252
2563,1308
2564,1319
2565,1334
2566,1283
2567,1324
2568,1301
2569,1364
2570,1396
2571,1389
2572,1315
2573,1318
2574,1377
2575,1389
2576,1425
2577,1371
2578,1379
2579,1391
2580,1443
2581,1393
2582,1484
2583,1460
2584,1438
2585,1435
2586,1425
2587,1464
2588,1449
2589,1340
2590,1431
2591,1526
2592,1490
2593,1553
2594,1479
2595,1568
2596,1485
2597,1567
2598,1546
2599,1497
2600,1506
2601,1540
2602,1561
2603,1584
2604,1565
2605,1578
2606,1571
2607,1529
2608,1657
2609,1552
2610,1595
2611,1595
2612,1546
2613,1667
2614,1630
2615,1656
2616,1558
2617,1712
2618,1667
2619,1705
2620,1667
2621,1697
2622,1640
2623,1710
2624,1713
2625,1635
2626,1755
2627,1714
2628,1754
2629,1761
2630,1764
2631,1756
2632,1746
2633,1708
2634,1800
2635,1773
2636,1829
2637,1837
2638,1781
2639,1771
2640,1849
2641,1840
2642,1876
2643,1852
2644,1807
2645,1758
2646,1864
2647,1863
2648,1833
2649,1851
2650,1902
2651,1869
2652,1806
2653,1955
2654,1837
2655,1924
2656,1926
2657,1984
2658,1954
2659,1933
2660,1908
2661,1878
2662,1969
2663,1940
2664,1964
2665,1971
2666,1886
2667,1983
2668,2039
2669,1964
2670,1999
2671,1961
2672,1999
2673,2051
2674,1948
2675,1993
2676,2012
2677,2107
2678,2096
2679,2007
2680,2070
2681,2131
2682,2137
2683,2095
2684,2118
2685,2132
2686,2132
2687,2014
2688,2070
2689,2202
2690,2082
2691,2090
2692,2125
2693,2186
2694,2163
2695,2104
2696,2161
2697,2151
2698,2179
2699,2214
2700,2148
2701,2236
2702,2164
2703,2146
2704,2246
2705,2157
2706,2271
2707,2178
2708,2299
2709,2228
2710,2272
2711,2278
2712,2226
2713,2284
2714,2311
2715,2228
2716,2222
2717,2342
2718,2263
2719,2178
2720,2298
2721,2389
2722,2297
2723,2293
2724,2255
2725,2328
2726,2433
2727,2303
2728,2337
2729,2440
2730,2437
2731,2360
2732,2447
2733,2407
2734,2393
2735,2407
2736,2411
2737,2447
2738,2359
2739,2437
2740,2437
2741,2349
2742,2471
2743,2440
2744,2437
2745,2402
2746,2389
2747,2488
2748,2532
2749,2493
2750,2583
2751,2492
2752,2475
2753,2563
2754,2442
2755,2552
2756,2544
2757,2500
2758,2534
2759,2496
2760,2491
2761,2561
2762,2563
2763,2571
2764,2579
2765,2587
2766,2587
2767,2588
2768,2474
2769,2533
2770,2602
2771,2580
2772,2515
2773,2552
2774,2634
2775,2551
2776,2553
2777,2548
2778,2605
2779,2510
2780,2618
2781,2583
2782,2650
2783,2676
2784,2703
2785,2720
2786,2665
2787,2641
2788,2686
2789,2674
2790,2673
2791,2729
2792,2729
2793,2756
2794,2684
2795,2631
2796,2703
2797,2732
2798,2761
2799,2723
2800,2698
2801,2729
2802,2610
2803,2694
2804,2754
2805,2735
2806,2707
2807,2739
2808,2789
2809,2761
2810,2719
2811,2767
2812,2740
2813,2786
2814,2870
2815,2816
2816,2857
2817,2789
2818,2761
2819,2833
2820,2910
2821,2842
2822,2693
2823,2846
2824,2833
2825,2854
2826,2864
2827,2837
2828,2885
2829,2902
2830,2818
2831,2869
2832,2853
2833,2769
2834,2814
2835,2877
2836,2883
2837,3035
2838,2935
2839,2825
2840,2854
2841,2878
2842,2903
2843,2950
2844,2949
2845,2804
2846,2947
2847,2889
2848,2873
2849,2867
2850,2976
2851,2927
2852,3004
2853,2891
2854,2988
2855,3010
2856,3003
2857,2888
2858,2952
2859,2875
2860,3015
2861,3027
2862,2957
2863,3006
2864,2972
2865,2983
2866,3042
2867,3068
2868,2951
2869,3090
2870,2927
2871,3032
2872,2963
2873,3077
2874,3034
2875,3050
2876,3035
2877,3038
2878,3041
2879,2987
2880,3049
2881,3034
2882,3056
2883,3082
2884,3046
2885,3156
2886,3094
2887,3103
2888,3130
2889,3228
2890,3187
2891,3111
2892,3003
2893,3175
2894,3062
2895,3067
2896,3077
2897,3144
2898,3114
2899,3093
2900,3139
2901,3127
2902,3081
2903,3138
2904,2960
2905,3165
2906,3097
2907,3114
2908,3105
2909,3204
2910,3034
2911,3198
2912,3146
2913,3116
2914,3143
2915,3095
2916,3053
2917,3186
2918,3188
2919,3193
2920,3088
2921,3142
2922,3254
2923,3182
2924,3136
2925,3252
2926,3155
2927,3146
2928,3208
2929,3214
2930,3213
2931,3224
2932,3204
2933,3155
2934,3220
2935,3263
2936,3153
2937,3216
2938,3261
2939,3392
2940,3229
2941,3330
2942,3187
2943,3154
2944,3168
2945,3256
2946,3269
2947,3282
2948,3337
2949,3141
2950,3267
2951,3248
2952,3275
2953,3185
2954,3284
2955,3295
2956,3346
2957,3353
2958,3286
2959,3220
2960,3360
2961,3320
2962,3218
2963,3156
2964,3202
2965,3214
2966,3316
2967,3322
2968,3442
2969,3270
2970,3326
2971,3371
2972,3269
2973,3220
2974,3290
2975,3239
2976,3267
2977,3314
2978,3289
2979,3312
2980,3194
2981,3338
2982,3412
2983,3377
2984,3408
2985,3361
2986,3370
2987,3331
2988,3299
2989,3344
2990,3466
2991,3321
2992,3370
2993,3366
2994,3442
2995,3397
2996,3425
2997,3398
2998,3495
2999,3378
3000,3359
3001,3286
3002,3326
3003,3424
3004,3314
3005,3300
3006,3345
3007,3300
3008,3226
3009,3366
3010,3381
3011,3365
3012,3398
3013,3393
3014,3394
3015,3293
3016,3469
3017,3318
3018,3397
3019,3411
3020,3370
3021,3467
3022,3449
3023,3391
3024,3429
3025,3443
3026,3400
3027,3325
3028,3405
3029,3389
3030,3327
3031,3498
3032,3398
3033,3485
3034,3508
3035,3472
3036,3449
3037,3497
3038,3361
3039,3378
3040,3541
3041,3438
3042,3474
3043,3489
3044,3476
3045,3343
3046,3441
3047,3448
3048,3482
3049,3534
3050,3448
3051,3416
3052,3532
3053,3372
3054,3477
3055,3386
3056,3535
3057,3484
3058,3512
3059,3426
3060,3441
3061,3371
3062,3444
3063,3441
3064,3603
3065,3414
3066,3366
3067,3341
3068,3485
3069,3479
3070,3426
3071,3440
3072,3436
3073,3418
3074,3377
3075,3444
3076,3474
3077,3445
3078,3490
3079,3412
3080,3446
3081,3475
3082,3363
3083,3444
3084,3517
3085,3388
3086,3400
3087,3402
3088,3534
3089,3526
3090,3468
3091,3545
3092,3407
3093,3520
3094,3407
3095,3382
3096,3409
3097,3571
3098,3403
3099,3599
3100,3460
3101,3401
3102,3564
3103,3526
3104,3467
3105,3418
3106,3566
3107,3532
3108,3405
3109,3518
3110,3430
3111,3409
3112,3389
3113,3508
3114,3500
3115,3481
3116,3439
3117,3419
3118,3489
3119,3402
3120,3409
3121,3493
3122,3510
3123,3418
3124,3439
3125,3497
3126,3476
3127,3408
3128,3408
3129,3521
3130,3569
3131,3496
3132,3472
3133,3490
3134,3537
3135,3427
3136,3478
3137,3537
3138,3424
3139,3536
3140,3478
3141,3392
3142,3527
3143,3398
3144,3428
3145,3504
3146,3328
3147,3476
3148,3447
3149,3499
3150,3366
3151,3351
3152,3432
3153,3325
3154,3456
3155,3476
3156,3460
3157,3495
3158,3537
3159,3524
3160,3442
3161,3518
3162,3488
3163,3474
3164,3481
3165,3398
3166,3347
3167,3364
3168,3434
3169,3419
3170,3599
3171,3440
3172,3437
3173,3349
3174,3332
3175,3473
3176,3521
3177,3381
3178,3493
3179,3540
3180,3487
3181,3452
3182,3509
3183,3466
3184,3469
3185,3468
3186,3333
3187,3432
3188,3498
3189,3432
3190,3434
3191,3407
3192,3399
3193,3397
3194,3371
3195,3535
3196,3408
3197,3373
3198,3355
3199,3382
3200,3333
3201,3501
3202,3368
3203,3285
3204,3335
3205,3357
3206,3330
3207,3503
3208,3534
3209,3396
3210,3431
3211,3323
3212,3449
3213,3452
3214,3342
3215,3420
3216,3306
3217,3321
3218,3443
3219,3370
3220,3425
3221,3314
3222,3401
3223,3375
3224,3330
3225,3278
3226,3384
3227,3413
3228,3377
3229,3440
3230,3305
3231,3437
3232,3408
3233,3425
3234,3371
3235,3360
3236,3374
3237,3470
3238,3392
3239,3424
3240,3425
3241,3462
3242,3321
3243,3298
3244,3350
3245,3318
3246,3394
3247,3321
3248,3404
3249,3377
3250,3461
3251,3450
3252,3339
3253,3399
3254,3393
3255,3418
3256,3342
3257,3368
3258,3329
3259,3459
3260,3449
3261,3430
3262,3354
3263,3367
3264,3448
3265,3409
3266,3423
3267,3422
3268,3298
3269,3353
3270,3409
3271,3317
3272,3292
3273,3275
3274,3359
3275,3189
3276,3278
3277,3306
3278,3343
3279,3370
3280,3428
3281,3240
3282,3390
3283,3273
3284,3363
3285,3368
3286,3261
3287,3331
3288,3349
3289,3328
3290,3308
3291,3337
3292,3317
3293,3240
3294,3281
3295,3237
3296,3260
3297,3417
3298,3435
3299,3232
3300,3317
3301,3283
3302,3215
3303,3272
3304,3211
3305,3308
3306,3278
3307,3276
3308,3254
3309,3211
3310,3186
3311,3286
3312,3249
3313,3270
3314,3254
3315,3349
3316,3229
3317,3149
3318,3308
3319,3273
3320,3320
3321,3174
3322,3221
3323,3215
3324,3211
3325,3251
3326,3257
3327,3208
3328,3235
3329,3162
3330,3298
3331,3279
3332,3226
3333,3192
3334,3223
3335,3153
3336,3244
3337,3218
3338,3267
3339,3274
3340,3241
3341,3180
3342,3118
3343,3163
3344,3135
3345,3138
3346,3243
3347,3195
3348,3114
3349,3206
3350,3151
3351,3171
3352,3301
3353,3144
3354,3206
3355,3242
3356,3225
3357,3148
3358,3175
3359,3089
3360,3160
3361,3188
3362,3282
3363,3272
3364,3071
3365,3249
3366,3214
3367,3129
3368,3157
3369,3280
3370,3235
3371,3166
3372,3244
3373,3073
3374,3143
3375,3183
3376,3115
3377,3218
3378,3058
3379,3190
3380,3148
3381,3138
3382,3213
3383,3172
3384,3141
3385,3129
3386,3150
3387,3177
3388,3134
3389,3087
3390,3135
3391,3146
3392,3155
3393,3016
3394,3096
3395,3112
3396,3086
3397,3164
3398,3151
3399,3201
3400,3204
3401,3066
3402,3232
3403,3108
3404,3077
3405,3141
3406,3127
3407,3175
3408,3137
3409,3139
3410,3091
3411,3050
3412,3024
3413,3182
3414,3071
3415,3100
3416,3035
3417,3145
3418,3049
3419,3166
3420,3148
3421,3068
3422,3058
3423,3116
3424,3000
3425,2960
3426,2981
3427,3115
3428,3000
3429,3150
3430,3035
3431,3065
3432,3122
3433,3048
3434,2950
3435,3113
3436,3109
3437,3098
3438,2986
3439,3005
3440,3082
3441,3034
3442,3042
3443,3005
3444,3019
3445,2979
3446,3000
3447,3043
3448,3064
3449,3077
3450,3000
3451,3066
3452,2935
3453,3010
3454,3045
3455,3034
3456,3039
3457,3014
3458,2936
3459,3015
3460,2901
3461,3031
3462,3105
3463,2994
3464,3014
3465,3084
3466,2987
3467,3016
3468,2946
3469,2892
3470,3081
3471,2958
3472,2955
3473,2996
3474,2991
3475,2932
3476,2990
3477,3007
3478,2925
3479,2901
3480,2953
3481,2966
3482,3059
3483,2893
3484,2940
3485,3132
3486,2966
3487,2970
3488,2927
3489,2888
3490,2906
3491,3002
3492,2932
3493,2950
3494,2830
3495,2882
3496,2894
3497,2941
3498,2935
3499,3060
3500,2923
3501,2992
3502,2926
3503,2848
3504,2907
3505,2862
3506,2954
3507,2905
3508,2882
3509,2947
3510,2853
3511,2907
3512,2922
3513,2973
3514,2953
3515,2883
3516,2906
3517,2964
3518,2887
3519,2892
3520,2957
3521,2742
3522,2789
3523,2858
3524,2860
3525,2934
3526,2944
3527,2974
3528,2883
3529,2831
3530,2852
3531,2875
3532,2873
3533,2961
3534,2930
3535,2874
3536,2875
3537,2929
3538,2881
3539,2876
3540,2934
3541,2820
3542,2803
3543,2871
3544,2841
3545,2881
3546,2852
3547,2898
3548,2799
3549,2857
3550,2858
3551,2880
3552,2894
3553,2928
3554,2793
3555,2869
3556,2821
3557,2812
3558,2766
3559,2827
3560,2800
3561,2785
3562,2803
3563,2878
3564,2822
3565,2735
3566,2822
3567,2761
3568,2832
3569,2783
3570,2793
3571,2822
3572,2799
3573,2835
3574,2825
3575,2795
3576,2888
3577,2816
3578,2835
3579,2854
3580,2836
3581,2769
3582,2840
3583,2783
3584,2829
3585,2838
3586,2892
3587,2777
3588,2761
3589,2741
3590,2875
3591,2728
3592,2850
3593,2679
3594,2781
3595,2848
3596,2773
3597,2764
3598,2816
3599,2722
3600,2840
3601,2792
3602,2745
3603,2718
3604,2764
3605,2744
3606,2846
3607,2784
3608,2726
3609,2813
3610,2763
3611,2815
3612,2766
3613,2807
3614,2802
3615,2724
3616,2711
3617,2748
3618,2734
3619,2726
3620,2605
3621,2709
3622,2742
3623,2781
3624,2750
3625,2710
3626,2762
3627,2747
3628,2716
3629,2703
3630,2767
3631,2737
3632,2754
3633,2718
3634,2729
3635,2721
3636,2794
3637,2757
3638,2717
3639,2702
3640,2610
3641,2728
3642,2675
3643,2694
3644,2696
3645,2620
3646,2704
3647,2640
3648,2702
3649,2706
3650,2726
3651,2711
3652,2676
3653,2691
3654,2802
3655,2755
3656,2630
3657,2712
3658,2733
3659,2681
3660,2691
3661,2688
3662,2698
3663,2663
3664,2694
3665,2724
3666,2643
3667,2638
3668,2686
3669,2733
3670,2615
3671,2691
3672,2695
3673,2723
3674,2735
3675,2703
3676,2684
3677,2717
3678,2697
3679,2670
3680,2698
3681,2686
3682,2657
3683,2549
3684,2680
3685,2652
3686,2661
3687,2644
3688,2542
3689,2686
3690,2652
3691,2669
3692,2727
3693,2607
3694,2721
3695,2696
3696,2683
3697,2715
3698,2631
3699,2659
3700,2685
3701,2643
3702,2650
3703,2608
3704,2649
3705,2619
3706,2641
3707,2584
3708,2589
3709,2603
3710,2635
3711,2533
3712,2653
3713,2615
3714,2685
3715,2676
3716,2529
3717,2735
3718,2637
3719,2500
3720,2658
3721,2573
3722,2492
3723,2633
3724,2581
3725,2552
3726,2650
3727,2594
3728,2539
3729,2695
3730,2538
3731,2576
3732,2510
3733,2591
3734,2792
3735,2583
3736,2553
3737,2599
3738,2540
3739,2628
3740,2561
3741,2559
3742,2574
3743,2546
3744,2485
3745,2528
3746,2558
3747,2560
3748,2548
3749,2622
3750,2521
3751,2543
3752,2669
3753,2527
3754,2433
3755,2558
3756,2622
3757,2638
3758,2651
3759,2498
3760,2509
3761,2597
3762,2529
3763,2515
3764,2668
3765,2507
3766,2527
3767,2542
3768,2525
3769,2595
3770,2489
3771,2515
3772,2590
3773,2554
3774,2591
3775,2556
3776,2547
3777,2527
3778,2523
3779,2531
3780,2511
3781,2595
3782,2503
3783,2473
3784,2501
3785,2506
3786,2408
3787,2510
3788,2429
3789,2587
3790,2571
3791,2504
3792,2490
3793,2550
3794,2463
3795,2462
3796,2430
3797,2544
3798,2580
3799,2551
3800,2446
3801,2466
3802,2491
3803,2441
3804,2633
3805,2530
3806,2424
3807,2462
3808,2465
3809,2476
3810,2489
3811,2453
3812,2352
3813,2409
3814,2434
3815,2437
3816,2509
3817,2476
3818,2527
3819,2535
3820,2541
3821,2500
3822,2406
3823,2586
3824,2422
3825,2475
3826,2406
3827,2501
3828,2451
3829,2442
3830,2427
3831,2444
3832,2468
3833,2436
3834,2393
3835,2462
3836,2472
3837,2423
3838,2312
3839,2463
3840,2404
3841,2406
3842,2544
3843,2359
3844,2453
3845,2426
3846,2335
3847,2377
3848,2533
3849,2414
3850,2384
3851,2422
3852,2370
3853,2464
3854,2408
3855,2466
3856,2448
3857,2413
3858,2360
3859,2448
3860,2468
3861,2466
3862,2372
3863,2449
3864,2470
3865,2397
3866,2435
3867,2403
3868,2366
3869,2410
3870,2433
3871,2444
3872,2363
3873,2385
3874,2420
3875,2388
3876,2430
3877,2334
3878,2368
3879,2379
3880,2420
3881,2339
3882,2417
3883,2443
3884,2340
3885,2383
3886,2369
3887,2395
3888,2431
3889,2360
3890,2370
3891,2308
3892,2355
3893,2364
3894,2464
3895,2457
3896,2407
3897,2338
3898,2336
3899,2441
3900,2314
3901,2379
3902,2390
3903,2358
3904,2378
3905,2429
3906,2318
3907,2391
3908,2330
3909,2332
3910,2396
3911,2339
3912,2376
3913,2308
3914,2305
3915,2282
3916,2343
3917,2345
3918,2338
3919,2386
3920,2402
3921,2266
3922,2349
3923,2366
3924,2353
3925,2337
3926,2342
3927,2355
3928,2390
3929,2367
3930,2358
3931,2343
3932,2403
3933,2337
3934,2395
3935,2375
3936,2314
3937,2232
3938,2334
3939,2415
3940,2354
3941,2366
3942,2306
3943,2297
3944,2342
3945,2322
3946,2322
3947,2191
3948,2334
3949,2337
3950,2378
3951,2278
3952,2292
3953,2329
3954,2300
3955,2235
3956,2251
3957,2243
3958,2309
3959,2323
3960,2335
3961,2338
3962,2290
3963,2249
3964,2292
3965,2312
3966,2259
3967,2266
3968,2315
3969,2290
3970,2244
3971,2421
3972,2276
3973,2258
3974,2325
3975,2289
3976,2331
3977,2225
3978,2265
3979,2367
3980,2332
3981,2294
3982,2343
3983,2363
3984,2275
3985,2231
3986,2380
3987,2329
3988,2352
3989,2361
3990,2303
3991,2403
3992,2267
3993,2289
3994,2334
3995,2283
3996,2305
3997,2247
3998,2324
3999,2172
4000,2149
4001,2227
4002,2312
4003,2213
4004,2191
4005,2338
4006,2300
4007,2320
4008,2237
4009,2220
4010,2249
4011,2292
4012,2298
4013,2223
4014,2214
4015,2253
4016,2243
4017,2321
4018,2216
4019,2285
4020,2194
4021,2227
4022,2315
4023,2131
4024,2278
4025,2187
4026,2245
4027,2276
4028,2210
4029,2210
4030,2226
4031,2230
4032,2392
4033,2207
4034,2325
4035,2221
4036,2230
4037,2243
4038,2262
4039,2236
4040,2285
4041,2230
4042,2197
4043,2183
4044,2224
4045,2170
4046,2365
4047,2169
4048,2215
4049,2161
4050,2245
4051,2274
4052,2126
4053,2214
4054,2254
4055,2225
4056,2180
4057,2222
4058,2233
4059,2262
4060,2222
4061,2253
4062,2231
4063,2190
4064,2256
4065,2234
4066,2155
4067,2185
4068,2176
4069,2199
4070,2225
4071,2194
4072,2274
4073,2295
4074,2287
4075,2143
4076,2090
4077,2173
4078,2259
4079,2213
4080,2163
4081,2185
4082,2187
4083,2185
4084,2215
4085,2240
4086,2230
4087,2256
4088,2221
4089,2213
4090,2178
4091,2168
4092,2182
4093,2231
4094,2234
4095,2241
4096,2244
4097,2112
4098,2186
4099,2160
4100,2252
4101,2199
4102,2152
4103,2190
4104,2165
4105,2191
4106,2198
4107,2217
4108,2178
4109,2231
4110,2175
4111,2180
4112,2115
4113,2193
4114,2150
4115,2185
4116,2139
4117,2110
4118,2185
4119,2153
4120,2176
4121,2206
4122,2176
4123,2153
4124,2186
4125,2171
4126,2147
4127,2187
4128,2187
4129,2082
4130,2198
4131,2183
4132,2196
4133,2160
4134,2161
4135,2127
4136,2202
4137,2197
4138,2188
4139,2099
4140,2176
4141,2172
4142,2102
4143,2250
4144,2208
4145,2205
4146,2222
4147,2095
4148,2117
4149,2206
4150,2195
4151,2201
4152,2077
4153,2225
4154,2175
4155,2192
4156,2104
4157,2173
4158,2211
4159,2033
4160,2215
4161,2114
4162,2153
4163,2217
4164,2132
4165,2189
4166,2161
4167,2184
4168,2111
4169,2102
4170,2090
4171,2164
4172,2132
4173,2148
4174,2144
4175,2200
4176,2206
4177,2087
4178,2103
4179,2185
4180,2140
4181,2206
4182,2135
4183,2130
4184,2109
4185,2062
4186,2162
4187,2249
4188,2127
4189,2121
4190,2139
4191,2101
4192,2248
4193,2120
4194,2091
4195,2171
4196,2210
4197,2144
4198,2102
4199,2046
4200,2067
4201,2084
4202,2091
4203,2139
4204,2086
4205,2091
4206,2121
4207,2090
4208,2115
4209,2137
4210,2189
4211,2086
4212,2110
4213,2094
4214,2195
4215,2126
4216,2251
4217,2176
4218,2172
4219,2069
4220,2082
4221,2118
4222,2109
4223,2175
4224,2104
4225,2079
4226,2120
4227,2117
4228,2223
4229,2088
4230,2185
4231,2116
4232,2098
4233,2155
4234,2160
4235,2047
4236,2129
4237,2136
4238,2102
4239,2106
4240,2125
4241,2085
4242,2144
4243,2038
4244,2074
4245,2134
4246,2081
4247,2132
4248,2145
4249,2139
4250,2111
4251,2117
4252,2041
4253,2133
4254,2088
4255,2091
4256,2110
4257,2089
4258,2167
4259,2111
4260,2074
4261,2221
4262,2126
4263,2097
4264,2106
4265,2174
4266,2084
4267,2129
4268,2072
4269,2083
4270,1992
4271,2040
4272,2117
4273,2133
4274,2067
4275,2120
4276,2014
4277,2106
4278,2101
4279,2099
4280,2089
4281,2100
4282,2104
4283,2180
4284,2093
4285,2087
4286,2077
4287,2102
4288,2019
4289,2071
4290,2106
4291,2083
4292,2114
4293,2011
4294,2101
4295,2072
4296,2140
4297,2025
4298,2093
4299,2073
4300,2056
4301,2070
4302,2074
4303,2126
4304,2087
4305,2133
4306,2078
4307,2066
4308,2049
4309,2067
4310,2005
4311,2147
4312,2162
4313,2067
4314,2104
4315,2118
4316,2090
4317,2125
4318,2055
4319,2185
4320,2195
4321,1999
4322,2064
4323,2056
4324,2103
4325,2065
4326,1998
4327,2071
4328,2029
4329,2059
4330,2071
4331,2047
4332,2069
4333,2094
4334,2090
4335,2068
4336,2110
4337,2024
4338,2070
4339,2103
4340,2010
4341,2031
4342,2034
4343,2134
4344,2089
4345,2064
4346,2031
4347,2054
4348,2053
4349,2120
4350,2112
4351,2007
4352,1963
4353,2061
4354,2142
4355,2081
4356,2054
4357,2092
4358,2091
4359,1986
4360,2077
4361,2130
4362,1985
4363,2022
4364,2096
4365,2037
4366,2055
4367,2028
4368,2025
4369,2115
4370,2087
4371,2072
4372,2012
4373,2054
4374,2137
4375,1962
4376,2103
4377,2037
4378,2074
4379,1998
4380,1943
4381,2078
4382,1982
4383,2013
4384,2079
4385,2091
4386,2087
4387,2013
4388,2052
4389,2036
4390,1984
4391,2107
4392,2050
4393,2065
4394,2063
4395,2096
4396,2052
4397,2120
4398,2095
4399,2068
4400,2027
4401,2044
4402,2000
4403,2007
4404,2045
4405,2055
4406,2180
4407,2052
4408,2020
4409,2076
4410,2002
4411,2016
4412,2078
4413,2007
4414,2014
4415,2122
4416,1975
4417,1982
4418,2093
4419,2098
4420,2077
4421,2026
4422,2021
4423,2128
4424,2020
4425,2045
4426,2026
4427,2124
4428,2006
4429,2080
4430,2091
4431,2038
4432,2018
4433,2001
4434,2060
4435,2087
4436,2008
4437,2037
4438,2069
4439,2011
4440,2046
4441,2049
4442,2033
4443,2041
4444,2034
4445,2070
4446,1989
4447,2000
4448,2056
4449,2036
4450,2026
4451,1996
4452,2015
4453,2013
4454,2136
4455,1983
4456,1998
4457,2089
4458,1953
4459,2004
4460,2008
4461,2009
4462,2106
4463,2048
4464,1997
4465,1980
4466,1955
4467,2017
4468,2029
4469,1949
4470,2074
4471,1963
4472,1928
4473,2101
4474,2041
4475,2008
4476,2005
4477,1987
4478,2055
4479,2028
4480,2071
4481,1977
4482,2124
4483,2115
4484,2079
4485,1949
4486,2027
4487,2111
4488,1960
4489,2037
4490,1988
4491,2003
4492,2006
4493,2028
4494,2004
4495,1951
4496,1964
4497,2018
4498,2042
4499,2026
4500,2019
4501,2048
4502,2012
4503,2109
4504,1973
4505,2017
4506,1925
4507,1999
4508,1975
4509,1950
4510,2013
4511,2018
4512,1944
4513,2050
4514,2033
4515,2033
4516,2052
4517,1979
4518,2046
4519,2084
4520,2001
4521,2016
4522,1994
4523,2061
4524,1962
4525,1959
4526,2079
4527,2020
4528,2030
4529,1931
4530,2023
4531,2081
4532,2025
4533,2042
4534,1959
4535,1965
4536,2016
4537,2010
4538,1995
4539,2052
4540,1962
4541,1972
4542,1992
4543,2024
4544,2012
4545,2022
4546,2082
4547,2026
4548,2009
4549,1998
4550,2059
4551,2065
4552,2048
4553,2023
4554,1947
4555,2025
4556,2011
4557,1969
4558,2009
4559,1885
4560,2005
4561,2092
4562,1994
4563,1985
4564,2021
4565,1968
4566,2061
4567,1977
4568,1955
4569,1992
4570,1929
4571,1968
4572,1991
4573,2009
4574,1995
4575,2087
4576,1959
4577,1989
4578,1900
4579,1963
4580,1989
4581,1941
4582,1984
4583,2085
4584,2016
4585,1993
4586,2022
4587,2023
4588,1993
4589,2008
4590,1993
4591,1963
4592,1940
4593,2063
4594,1978
4595,1970
4596,2046
4597,1968
4598,1998
4599,1961
4600,1888
4601,2041
4602,1976
4603,2054
4604,2018
4605,1981
4606,2038
4607,2064
4608,2041
4609,1978
4610,1974
4611,1926
4612,2004
4613,2002
4614,2113
4615,1955
4616,1950
4617,1959
4618,2010
4619,1898
4620,1996
4621,1997
4622,1968
4623,2020
4624,1953
4625,1932
4626,1970
4627,2010
4628,1961
4629,1943
4630,1969
4631,1972
4632,1892
4633,1924
4634,2015
4635,1970
4636,2021
4637,2057
4638,1992
4639,1894
4640,1958
4641,1952
4642,2012
4643,1972
4644,1925
4645,2036
4646,1926
4647,1956
4648,2050
4649,1933
4650,2052
4651,1922
4652,2024
4653,1988
4654,2013
4655,1981
4656,1960
4657,2037
4658,1930
4659,1885
4660,1990
4661,1959
4662,1931
4663,1936
4664,1957
4665,1932
4666,1934
4667,1960
4668,1928
4669,1926
4670,1920
4671,1927
4672,1945
4673,1947
4674,1981
4675,1985
4676,1962
4677,1965
4678,1966
4679,1964
4680,1913
4681,1892
4682,2019
4683,1927
4684,1883
4685,1979
4686,2023
4687,1947
4688,1919
4689,1953
4690,1948
4691,1951
4692,1917
4693,1918
4694,1968
4695,1936
4696,1945
4697,2003
4698,2001
4699,1987
4700,1985
4701,1931
4702,1918
4703,1965
4704,1945
4705,1901
4706,1925
4707,1982
4708,1909
4709,1876
4710,1924
4711,1901
4712,1943
4713,1851
4714,1791
4715,1999
4716,1925
4717,1982
4718,1985
4719,1946
4720,1937
4721,1894
4722,1946
4723,1876
4724,1925
4725,1858
4726,1950
4727,1966
4728,1981
4729,1886
4730,1916
4731,1930
4732,1947
4733,1964
4734,1900
4735,1955
4736,1919
4737,1934
4738,1970
4739,1873
4740,1906
4741,1964
4742,1886
4743,1948
4744,1983
4745,1940
4746,1848
4747,1939
4748,1918
4749,1914
4750,1974
4751,1925
4752,1872
4753,1935
4754,1920
4755,1961
4756,1933
4757,1837
4758,1885
4759,1898
4760,1944
4761,1934
4762,1870
4763,1885
4764,1927
4765,1910
4766,1925
4767,1954
4768,1955
4769,1991
4770,1926
4771,2005
4772,1904
4773,1916
4774,1874
4775,1965
4776,1928
4777,1957
4778,1915
4779,1958
4780,2006
4781,1882
4782,1926
4783,1959
4784,1918
4785,1921
4786,2014
4787,1847
4788,1886
4789,1892
4790,1897
4791,1864
4792,1908
4793,1899
4794,1857
4795,1876
4796,1992
4797,1919
4798,1980
4799,1881
4800,1882
4801,1880
4802,1885
4803,1887
4804,1912
4805,1934
4806,1930
4807,1843
4808,1842
4809,1914
4810,1879
4811,1903
4812,1866
4813,1845
4814,1958
4815,1893
4816,1867
4817,1954
4818,1875
4819,1906
4820,1927
4821,1907
4822,1850
4823,1895
4824,1944
4825,1866
4826,1971
4827,1925
4828,1930
4829,1925
4830,1870
4831,1933
4832,1921
4833,1889
4834,1856
4835,1921
4836,1998
4837,1911
4838,1902
4839,1970
4840,1884
4841,1958
4842,1982
4843,1851
4844,1864
4845,1945
4846,1897
4847,1876
4848,1904
4849,1924
4850,1902
4851,1910
4852,1912
4853,1876
4854,1882
4855,1980
4856,1827
4857,1872
4858,1894
4859,1857
4860,1894
4861,1880
4862,1938
4863,1912
4864,1908
4865,1929
4866,1907
4867,1973
4868,1936
4869,1862
4870,1917
4871,2030
4872,1910
4873,1949
4874,1890
4875,1984
4876,1956
4877,1961
4878,1893
4879,1954
4880,1826
4881,1791
4882,1908
4883,1892
4884,1803
4885,1904
4886,1962
4887,1877
4888,1938
4889,1956
4890,1928
4891,1859
4892,1926
4893,1904
4894,1852
4895,1969
4896,1950
4897,1829
4898,1936
4899,1832
4900,1932
4901,1794
4902,1912
4903,1864
4904,1847
4905,1900
4906,1891
4907,1857
4908,1854
4909,1901
4910,1873
4911,1939
4912,1865
4913,1841
4914,1940
4915,1870
4916,1885
4917,1903
4918,1954
4919,1875
4920,1881
4921,1902
4922,1859
4923,1835
4924,1894
4925,1927
4926,1854
4927,1875
4928,1917
4929,1965
4930,1820
4931,1997
4932,1881
4933,1892
4934,1913
4935,1875
4936,1879
4937,1929
4938,1907
4939,1852
4940,1843
4941,1891
4942,1900
4943,1840
4944,1854
4945,1840
4946,1872
4947,1851
4948,1963
4949,1852
4950,1985
4951,1898
4952,1861
4953,1903
4954,1890
4955,1895
4956,1834
4957,1861
4958,1887
4959,1917
4960,1906
4961,1932
4962,1852
4963,1957
4964,1869
4965,1783
4966,1885
4967,1847
4968,1955
4969,1919
4970,1871
4971,1846
4972,1902
4973,1891
4974,1889
4975,1950
4976,1950
4977,1852
4978,1943
4979,1901
4980,1854
4981,1862
4982,1916
4983,1817
4984,1928
4985,1916
4986,1864
4987,1901
4988,1802
4989,1904
4990,1850
4991,1930
4992,1916
4993,1969
4994,1936
4995,1856
4996,1845
4997,1804
4998,1909
4999,1913
5000,1839
5001,1893
5002,1922
5003,1843
5004,1872
5005,1916
5006,1898
5007,1871
5008,1909
5009,1923
5010,1850
5011,1874
5012,1893
5013,1860
5014,1853
5015,1913
5016,1889
5017,1828
5018,1959
5019,1820
5020,1864
5021,1892
5022,1862
5023,1936
5024,1843
5025,1807
5026,1869
5027,1875
5028,1859
5029,1926
5030,1798
5031,1819
5032,1812
5033,1849
5034,1901
5035,1902
5036,1859
5037,1904
5038,1888
5039,1885
5040,1916
5041,1897
5042,1846
5043,1947
5044,1850
5045,1842
5046,1899
5047,1853
5048,1830
5049,1935
5050,1871
5051,1906
5052,1797
5053,1813
5054,1914
5055,1799
5056,1869
5057,1812
5058,1921
5059,1867
5060,1899
5061,1902
5062,1856
5063,1894
5064,1893
5065,1928
5066,1875
5067,1895
5068,1832
5069,1868
5070,1987
5071,1915
5072,1991
5073,1903
5074,1877
5075,1949
5076,1858
5077,1948
5078,1895
5079,1817
5080,1887
5081,1901
5082,1848
5083,1860
5084,1942
5085,1916
5086,1818
5087,1944
5088,1913
5089,1860
5090,1828
5091,1859
5092,1911
5093,1883
5094,1866
5095,1937
5096,1920
5097,1885
5098,1953
5099,1863
5100,1777
5101,1902
5102,1876
5103,1885
5104,1836
5105,1885
5106,1938
5107,1954
5108,1905
5109,1909
5110,1882
5111,1896
5112,1982
5113,1807
5114,1833
5115,1902
5116,1964
5117,1827
5118,1900
5119,1901
5120,1924
5121,1871
5122,1902
5123,1957
5124,1916
5125,1831
5126,1853
5127,1892
5128,1881
5129,1945
5130,1896
5131,1927
5132,1931
5133,1918
5134,1884
5135,1911
5136,1916
5137,1851
5138,1991
5139,1899
5140,1942
5141,1927
5142,1916
5143,1879
5144,1876
5145,1942
5146,1936
5147,1896
5148,1947
5149,1946
5150,1929
5151,1882
5152,1888
5153,1915
5154,1877
5155,1949
5156,1847
5157,1909
5158,1898
5159,1881
5160,1939
5161,1992
5162,1963
5163,1885
5164,1958
5165,1954
5166,1961
5167,1932
5168,1895
5169,1857
5170,1863
5171,1939
5172,1994
5173,1934
5174,1900
5175,1895
5176,1900
5177,1924
5178,1814
5179,1921
5180,1944
5181,1856
5182,1893
5183,1928
5184,1851
5185,1839
5186,1924
5187,1917
5188,1880
5189,1869
5190,1919
5191,1849
5192,1943
5193,1959
5194,2010
5195,1893
5196,1902
5197,1992
5198,1899
5199,1874
5200,1867
5201,1909
5202,1901
5203,1947
5204,1980
5205,1872
5206,1890
5207,1907
5208,1880
5209,1946
5210,1954
5211,1921
5212,1845
5213,1970
5214,2031
5215,1924
5216,1924
5217,1926
5218,1859
5219,1919
5220,1921
5221,1795
5222,1878
5223,1965
5224,1956
5225,1939
5226,1885
5227,1888
5228,1889
5229,1872
5230,1956
5231,1896
5232,1873
5233,1928
5234,1953
5235,1896
5236,1831
5237,1971
5238,1878
5239,1878
5240,1946
5241,1931
5242,1966
5243,1965
5244,1892
5245,1960
5246,1934
5247,1921
5248,1877
5249,1924
5250,1967
5251,1921
5252,1960
5253,1944
5254,1918
5255,1877
5256,1925
5257,1953
5258,1872
5259,1873
5260,2049
5261,1881
5262,1906
5263,1978
5264,1863
5265,1877
5266,1956
5267,1881
5268,1910
5269,1931
5270,1879
5271,1955
5272,1965
5273,1968
5274,1981
5275,1926
5276,2020
5277,1939
5278,1882
5279,1984
5280,1905
5281,1904
5282,1946
5283,1965
5284,1911
5285,2023
5286,1910
5287,1971
5288,1912
5289,2002
5290,1861
5291,1925
5292,1916
5293,1949
5294,2030
5295,1909
5296,1985
5297,1912
5298,1941
5299,1956
5300,1967
5301,1991
5302,1867
5303,1932
5304,2000
5305,1933
5306,1889
5307,1949
5308,1988
5309,1985
5310,1897
5311,1956
5312,1991
5313,1957
5314,1888
5315,2009
5316,1928
5317,1871
5318,1933
5319,2033
5320,1953
5321,1932
5322,1948
5323,1967
5324,1932
5325,1893
5326,1975
5327,1942
5328,1932
5329,1931
5330,1960
5331,1990
5332,2005
5333,1893
5334,1936
5335,1961
5336,1935
5337,1960
5338,2012
5339,1913
5340,1930
5341,1953
5342,1967
5343,2022
5344,1979
5345,1986
5346,1997
5347,1972
5348,1888
5349,2012
5350,1964
5351,1951
5352,1983
5353,1972
5354,1999
5355,1939
5356,1969
5357,1934
5358,1997
5359,2025
5360,1962
5361,2011
5362,1981
5363,1983
5364,1895
5365,2112
5366,1958
5367,1935
5368,1928
5369,1948
5370,1970
5371,1989
5372,1946
5373,1919
5374,1933
5375,2015
5376,1990
5377,2026
5378,1985
5379,1995
5380,2067
5381,2029
5382,2063
5383,2035
5384,2013
5385,2007
5386,1942
5387,1990
5388,1872
5389,1930
5390,2023
5391,1947
5392,1914
5393,2102
5394,2018
5395,2045
5396,1933
5397,2006
5398,2015
5399,2016
5400,1934
5401,2086
5402,2077
5403,1988
5404,1985
5405,2021
5406,1966
5407,1977
5408,2018
5409,1964
5410,1952
5411,1966
5412,2094
5413,1952
5414,1978
5415,1936
5416,1922
5417,1997
5418,1978
5419,1990
5420,1956
5421,2010
5422,1983
5423,1990
5424,2022
5425,2099
5426,1949
5427,1961
5428,1958
5429,2034
5430,2033
5431,2057
5432,1910
5433,1998
5434,2014
5435,1976
5436,2043
5437,2049
5438,1944
5439,1959
5440,2063
5441,1913
5442,1972
5443,1999
5444,1954
5445,2019
5446,1914
5447,2028
5448,1930
5449,2066
5450,2061
5451,1970
5452,1971
5453,1948
5454,1973
5455,2036
5456,1938
5457,2018
5458,2056
5459,2074
5460,2020
5461,2010
5462,2085
5463,1939
5464,2025
5465,2072
5466,2008
5467,2056
5468,2039
5469,1994
5470,1985
5471,2028
5472,1978
5473,1965
5474,2011
5475,1993
5476,2031
5477,2147
5478,2035
5479,2000
5480,1995
5481,2008
5482,1972
5483,2021
5484,1967
5485,2068
5486,2042
5487,2001
5488,2044
5489,2085
5490,1960
5491,2077
5492,2000
5493,2077
5494,2042
5495,2041
5496,2042
5497,1974
5498,2006
5499,2003
5500,2115
5501,2029
5502,1930
5503,1922
5504,2014
5505,2020
5506,2042
5507,1957
5508,1990
5509,1996
5510,1979
5511,1991
5512,2001
5513,1936
5514,1987
5515,2013
5516,2026
5517,2024
5518,1990
5519,2134
5520,1976
5521,2050
5522,2057
5523,2024
5524,2086
5525,1993
5526,2074
5527,1959
5528,2018
5529,2013
5530,2046
5531,2033
5532,1970
5533,2070
5534,2051
5535,2007
5536,2090
5537,1974
5538,1937
5539,1977
5540,2063
5541,2025
5542,1978
5543,2026
5544,2054
5545,2052
5546,1978
5547,2066
5548,1976
5549,1994
5550,2036
5551,2068
5552,2051
5553,1992
5554,1982
5555,2011
5556,1998
5557,1922
5558,2105
5559,1996
5560,2059
5561,2077
5562,2036
5563,2028
5564,1972
5565,2050
5566,2027
5567,2019
5568,2002
5569,2039
5570,2042
5571,2052
5572,2017
5573,2048
5574,2086
5575,2002
5576,2076
5577,2120
5578,2057
5579,2022
5580,2074
5581,2091
5582,2086
5583,1920
5584,2085
5585,2075
5586,1995
5587,2022
5588,2034
5589,2036
5590,2086
5591,2083
5592,2027
5593,1941
5594,2105
5595,2075
5596,2086
5597,2028
5598,2049
5599,2003
5600,2101
5601,2043
5602,2037
5603,2062
5604,2014
5605,2031
5606,2038
5607,2087
5608,2115
5609,2004
5610,2006
5611,1979
5612,1993
5613,2105
5614,2047
5615,1985
5616,2091
5617,1960
5618,2067
5619,2062
5620,2035
5621,2059
5622,2029
5623,2021
5624,2100
5625,1946
5626,2091
5627,2063
5628,2112
5629,2075
5630,2113
5631,1981
5632,2056
5633,2084
5634,1978
5635,2082
5636,1985
5637,2050
5638,2057
5639,2097
5640,2070
5641,2067
5642,2057
5643,2115
5644,2053
5645,2131
5646,2076
5647,2029
5648,2042
5649,2068
5650,2049
5651,2083
5652,2028
5653,2024
5654,2067
5655,2076
5656,2111
5657,1966
5658,2063
5659,2044
5660,2063
5661,2099
5662,2080
5663,2036
5664,2090
5665,2115
5666,2035
5667,2001
5668,2120
5669,2057
5670,2023
5671,2005
5672,2108
5673,2064
5674,2041
5675,2011
5676,2107
5677,2059
5678,2046
5679,2056
5680,2110
5681,2055
5682,2066
5683,2092
5684,2131
5685,2011
5686,1996
5687,2057
5688,2091
5689,2129
5690,2052
5691,2078
5692,2141
5693,2109
5694,2094
5695,2092
5696,1999
5697,2079
5698,2052
5699,2046
5700,2086
5701,2042
5702,2206
5703,2019
5704,2081
5705,2068
5706,2090
5707,2116
5708,2041
5709,2063
5710,2095
5711,2046
5712,2130
5713,2073
5714,2158
5715,2101
5716,2070
5717,2101
5718,2060
5719,2052
5720,2153
5721,2051
5722,2106
5723,2116
5724,2068
5725,2158
5726,2138
5727,2099
5728,2032
5729,2114
5730,2108
5731,2138
5732,2162
5733,2134
5734,2087
5735,2111
5736,2104
5737,2109
5738,2100
5739,2106
5740,2122
5741,2101
5742,2062
5743,2134
5744,2141
5745,2116
5746,2074
5747,2158
5748,2047
5749,2125
5750,2077
5751,2092
5752,2130
5753,2122
5754,2160
5755,2086
5756,2128
5757,2076
5758,2094
5759,2175
5760,2113
5761,2140
5762,2096
5763,2164
5764,2093
5765,2066
5766,2103
5767,2029
5768,2136
5769,2165
5770,2175
5771,2091
5772,2125
5773,2102
5774,2157
5775,2099
5776,2072
5777,2132
5778,2178
5779,2112
5780,2062
5781,2075
5782,2098
5783,2121
5784,2083
5785,2127
5786,2164
5787,2058
5788,2182
5789,2143
5790,2102
5791,2056
5792,2106
5793,2177
5794,2170
5795,2117
5796,2151
5797,2111
5798,2174
5799,2177
5800,2175
5801,2220
5802,2111
5803,2110
5804,2088
5805,2119
5806,2188
5807,2107
5808,2156
5809,2191
5810,2183
5811,2118
5812,2157
5813,2154
5814,2100
5815,2195
5816,2141
5817,2141
5818,2194
5819,2221
5820,2140
5821,2147
5822,2095
5823,2182
5824,2128
5825,2152
5826,2111
5827,2171
5828,2155
5829,2179
5830,2130
5831,2154
5832,2166
5833,2080
5834,2104
5835,2103
5836,2130
5837,2104
5838,2190
5839,2203
5840,2141
5841,2120
5842,2123
5843,2137
5844,2192
5845,2248
5846,2191
5847,2055
5848,2109
5849,2184
5850,2174
5851,2169
5852,2143
5853,2242
5854,2222
5855,2185
5856,2178
5857,2147
5858,2141
5859,2188
5860,2243
5861,2139
5862,2165
5863,2225
5864,2171
5865,2169
5866,2215
5867,2167
5868,2192
5869,2132
5870,2174
5871,2235
5872,2262
5873,2125
5874,2172
5875,2214
5876,2207
5877,2210
5878,2175
5879,2216
5880,2162
5881,2226
5882,2186
5883,2220
5884,2187
5885,2123
5886,2120
5887,2216
5888,2235
5889,2160
5890,2219
5891,2273
5892,2271
5893,2180
5894,2127
5895,2232
5896,2205
5897,2191
5898,2228
5899,2199
5900,2204
5901,2285
5902,2204
5903,2181
5904,2232
5905,2237
5906,2183
5907,2257
5908,2176
5909,2141
5910,2190
5911,2155
5912,2233
5913,2242
5914,2232
5915,2171
5916,2239
5917,2274
5918,2299
5919,2264
5920,2192
5921,2338
5922,2305
5923,2144
5924,2226
5925,2229
5926,2185
5927,2134
5928,2224
5929,2266
5930,2143
5931,2221
5932,2205
5933,2272
5934,2280
5935,2209
5936,2183
5937,2183
5938,2242
5939,2221
5940,2110
5941,2124
5942,2238
5943,2207
5944,2254
5945,2184
5946,2300
5947,2271
5948,2145
5949,2274
5950,2153
5951,2247
5952,2145
5953,2282
5954,2205
5955,2240
5956,2333
5957,2234
5958,2200
5959,2254
5960,2224
5961,2232
5962,2263
5963,2346
5964,2265
5965,2259
5966,2199
5967,2247
5968,2278
5969,2292
5970,2308
5971,2306
5972,2232
5973,2184
5974,2232
5975,2350
5976,2385
5977,2203
5978,2253
5979,2303
5980,2273
5981,2316
5982,2246
5983,2163
5984,2313
5985,2288
5986,2283
5987,2252
5988,2241
5989,2334
5990,2291
5991,2227
5992,2297
5993,2215
5994,2262
5995,2317
5996,2323
5997,2314
5998,2319
5999,2320
6000,2282
6001,2282
6002,2127
6003,2263
6004,2295
6005,2231
6006,2287
6007,2299
6008,2328
6009,2293
6010,2299
6011,2297
6012,2112
6013,2334
6014,2199
6015,2343
6016,2374
6017,2236
6018,2294
6019,2355
6020,2210
6021,2244
6022,2283
6023,2238
6024,2325
6025,2239
6026,2315
6027,2354
6028,2269
6029,2319
6030,2334
6031,2330
6032,2232
6033,2252
6034,2312
6035,2373
6036,2273
6037,2233
6038,2299
6039,2370
6040,2292
6041,2340
6042,2308
6043,2304
6044,2429
6045,2233
6046,2267
6047,2271
6048,2317
6049,2294
6050,2289
6051,2333
6052,2274
6053,2295
6054,2321
6055,2298
6056,2301
6057,2299
6058,2291
6059,2311
6060,2366
6061,2288
6062,2332
6063,2340
6064,2416
6065,2325
6066,2336
6067,2337
6068,2353
6069,2281
6070,2395
6071,2389
6072,2338
6073,2371
6074,2403
6075,2213
6076,2388
6077,2373
6078,2372
6079,2311
6080,2289
6081,2366
6082,2377
6083,2365
6084,2399
6085,2376
6086,2426
6087,2283
6088,2321
6089,2416
6090,2329
6091,2352
6092,2312
6093,2392
6094,2350
6095,2278
6096,2322
6097,2329
6098,2299
6099,2309
6100,2342
6101,2337
6102,2385
6103,2386
6104,2303
6105,2444
6106,2315
6107,2367
6108,2469
6109,2307
6110,2370
6111,2300
6112,2429
6113,2372
6114,2323
6115,2321
6116,2475
6117,2439
6118,2344
6119,2382
6120,2406
6121,2517
6122,2377
6123,2475
6124,2426
6125,2436
6126,2381
6127,2385
6128,2456
6129,2424
6130,2336
6131,2370
6132,2401
6133,2420
6134,2452
6135,2407
6136,2397
6137,2407
6138,2398
6139,2335
6140,2345
6141,2471
6142,2409
6143,2380
6144,2358
6145,2369
6146,2388
6147,2488
6148,2442
6149,2376
6150,2457
6151,2373
6152,2400
6153,2429
6154,2400
6155,2428
6156,2404
6157,2438
6158,2421
6159,2462
6160,2429
6161,2466
6162,2398
6163,2431
6164,2357
6165,2418
6166,2406
6167,2462
6168,2428
6169,2477
6170,2487
6171,2484
6172,2514
6173,2412
6174,2459
6175,2418
6176,2456
6177,2447
6178,2431
6179,2432
6180,2448
6181,2481
6182,2409
6183,2409
6184,2471
6185,2464
6186,2503
6187,2463
6188,2450
6189,2378
6190,2504
6191,2465
6192,2451
6193,2650
6194,2513
6195,2534
6196,2530
6197,2504
6198,2502
6199,2534
6200,2467
6201,2594
6202,2403
6203,2512
6204,2491
6205,2504
6206,2534
6207,2620
6208,2447
6209,2520
6210,2528
6211,2459
6212,2479
6213,2512
6214,2457
6215,2452
6216,2545
6217,2504
6218,2581
6219,2523
6220,2466
6221,2595
6222,2600
6223,2539
6224,2611
6225,2472
6226,2624
6227,2550
6228,2546
6229,2506
6230,2519
6231,2533
6232,2531
6233,2535
6234,2518
6235,2535
6236,2542
6237,2563
6238,2565
6239,2485
6240,2575
6241,2503
6242,2562
6243,2560
6244,2481
6245,2553
6246,2567
6247,2577
6248,2541
6249,2518
6250,2556
6251,2536
6252,2553
6253,2581
6254,2646
6255,2622
6256,2620
6257,2482
6258,2572
6259,2589
6260,2565
6261,2619
6262,2601
6263,2572
6264,2502
6265,2689
6266,2548
6267,2591
6268,2519
6269,2722
6270,2584
6271,2613
6272,2498
6273,2647
6274,2491
6275,2631
6276,2677
6277,2597
6278,2628
6279,2622
6280,2509
6281,2538
6282,2605
6283,2626
6284,2733
6285,2639
6286,2601
6287,2708
6288,2683
6289,2591
6290,2627
6291,2627
6292,2604
6293,2560
6294,2628
6295,2651
6296,2609
6297,2517
6298,2658
6299,2597
6300,2614
6301,2667
6302,2585
6303,2605
6304,2600
6305,2695
6306,2621
6307,2672
6308,2633
6309,2613
6310,2579
6311,2673
6312,2655
6313,2650
6314,2666
6315,2652
6316,2620
6317,2620
6318,2616
6319,2609
6320,2676
6321,2672
6322,2619
6323,2657
6324,2714
6325,2645
6326,2683
6327,2616
6328,2715
6329,2609
6330,2681
6331,2630
6332,2702
6333,2710
6334,2654
6335,2724
6336,2700
6337,2784
6338,2617
6339,2735
6340,2719
6341,2721
6342,2756
6343,2660
6344,2782
6345,2654
6346,2737
6347,2706
6348,2710
6349,2740
6350,2685
6351,2774
6352,2699
6353,2670
6354,2652
6355,2755
6356,2745
6357,2692
6358,2728
6359,2676
6360,2693
6361,2688
6362,2749
6363,2661
6364,2632
6365,2801
6366,2748
6367,2724
6368,2684
6369,2760
6370,2745
6371,2774
6372,2772
6373,2766
6374,2750
6375,2684
6376,2683
6377,2719
6378,2682
6379,2802
6380,2701
6381,2712
6382,2741
6383,2766
6384,2773
6385,2791
6386,2799
6387,2736
6388,2707
6389,2749
6390,2789
6391,2794
6392,2772
6393,2865
6394,2625
6395,2728
6396,2742
6397,2754
6398,2748
6399,2824
6400,2823
6401,2709
6402,2774
6403,2750
6404,2768
6405,2806
6406,2779
6407,2831
6408,2851
6409,2761
6410,2714
6411,2788
6412,2864
6413,2806
6414,2830
6415,2808
6416,2884
6417,2729
6418,2817
6419,2771
6420,2820
6421,2841
6422,2788
6423,2820
6424,2851
6425,2907
6426,2813
6427,2771
6428,2942
6429,2788
6430,2770
6431,2790
6432,2870
6433,2870
6434,2866
6435,2966
6436,2842
6437,2921
6438,2788
6439,2753
6440,2858
6441,2871
6442,2950
6443,2948
6444,2854
6445,2807
6446,2834
6447,2864
6448,2886
6449,2897
6450,2895
6451,2813
6452,2855
6453,2849
6454,2867
6455,2890
6456,2945
6457,2873
6458,2868
6459,2843
6460,2879
6461,2911
6462,2880
6463,2924
6464,2824
6465,2956
6466,2988
6467,2915
6468,2909
6469,2916
6470,2891
6471,2885
6472,2888
6473,2903
6474,2911
6475,2969
6476,2866
6477,2833
6478,2933
6479,2952
6480,2842
6481,2876
6482,2840
6483,2900
6484,2917
6485,2971
6486,2799
6487,2952
6488,2877
6489,2984
6490,2947
6491,2932
6492,2886
6493,2896
6494,3018
6495,2985
6496,2968
6497,2896
6498,2954
6499,2924
6500,2881
6501,2906
6502,2943
6503,3001
6504,2973
6505,2893
6506,3009
6507,3004
6508,2902
6509,2861
6510,2836
6511,3054
6512,3013
6513,3021
6514,2967
6515,2965
6516,3016
6517,3000
6518,3049
6519,2982
6520,2997
6521,2910
6522,2927
6523,3042
6524,3054
6525,3059
6526,2995
6527,2985
6528,2934
6529,2935
6530,2970
6531,3001
6532,2985
6533,2933
6534,2918
6535,2975
6536,2904
6537,2992
6538,3014
6539,3055
6540,2952
6541,3016
6542,3068
6543,3048
6544,2955
6545,3036
6546,3039
6547,3015
6548,3044
6549,3037
6550,2927
6551,2991
6552,3035
6553,2979
6554,2989
6555,2961
6556,3085
6557,3016
6558,3004
6559,3043
6560,3052
6561,3084
6562,3014
6563,2899
6564,3028
6565,3025
6566,3031
6567,3034
6568,3065
6569,3096
6570,2976
6571,3061
6572,3133
6573,3103
6574,3071
6575,3077
6576,3021
6577,3079
6578,2983
6579,3090
6580,3103
6581,3015
6582,3032
6583,3079
6584,3099
6585,3094
6586,3214
6587,3107
6588,3148
6589,3139
6590,3171
6591,3124
6592,3071
6593,3121
6594,3182
6595,3107
6596,3081
6597,3153
6598,3106
6599,3157
6600,3143
6601,3097
6602,3224
6603,3098
6604,2993
6605,3217
6606,3146
6607,3227
6608,3217
6609,3047
6610,3178
6611,3129
6612,3132
6613,3159
6614,3141
6615,3176
6616,3200
6617,3087
6618,3048
6619,3230
6620,3160
6621,3023
6622,3093
6623,3230
6624,3108
6625,3170
6626,3185
6627,3223
6628,3145
6629,3252
6630,3120
6631,3112
6632,3119
6633,3169
6634,3164
6635,3206
6636,3165
6637,3134
6638,3205
6639,3231
6640,3190
6641,3176
6642,3166
6643,3150
6644,3138
6645,3130
6646,3164
6647,3211
6648,3201
6649,3108
6650,3218
6651,3216
6652,3256
6653,3227
6654,3179
6655,3264
6656,3170
6657,3175
6658,3182
6659,3192
6660,3148
6661,3135
6662,3271
6663,3185
6664,3278
6665,3284
6666,3237
6667,3229
6668,3160
6669,3162
6670,3181
6671,3190
6672,3094
6673,3211
6674,3226
6675,3187
6676,3306
6677,3333
6678,3185
6679,3331
6680,3132
6681,3321
6682,3278
6683,3277
6684,3234
6685,3289
6686,3343
6687,3249
6688,3262
6689,3326
6690,3309
6691,3288
6692,3299
6693,3381
6694,3309
6695,3367
6696,3384
6697,3203
6698,3283
6699,3257
6700,3255
6701,3257
6702,3278
6703,3205
6704,3296
6705,3279
6706,3320
6707,3306
6708,3295
6709,3329
6710,3305
6711,3246
6712,3255
6713,3306
6714,3323
6715,3264
6716,3280
6717,3240
6718,3296
6719,3296
6720,3305
6721,3361
6722,3322
6723,3261
6724,3256
6725,3371
6726,3319
6727,3363
6728,3387
6729,3228
6730,3349
6731,3428
6732,3424
6733,3316
6734,3418
6735,3352
6736,3374
6737,3319
6738,3252
6739,3415
6740,3305
6741,3362
6742,3332
6743,3302
6744,3319
6745,3381
6746,3362
6747,3361
6748,3444
6749,3340
6750,3387
6751,3354
6752,3453
6753,3346
6754,3456
6755,3466
6756,3333
6757,3360
6758,3353
6759,3347
6760,3231
6761,3374
6762,3289
6763,3392
6764,3301
6765,3384
6766,3387
6767,3468
6768,3376
6769,3414
6770,3472
6771,3345
6772,3540
6773,3373
6774,3456
6775,3396
6776,3373
6777,3488
6778,3528
6779,3395
6780,3403
6781,3440
6782,3428
6783,3483
6784,3513
6785,3431
6786,3360
6787,3436
6788,3475
6789,3383
6790,3504
6791,3352
6792,3418
6793,3484
6794,3263
6795,3360
6796,3470
6797,3267
6798,3431
6799,3352
6800,3441
6801,3474
6802,3439
6803,3403
6804,3484
6805,3432
6806,3412
6807,3481
6808,3463
6809,3367
6810,3494
6811,3466
6812,3452
6813,3447
6814,3420
6815,3377
6816,3406
6817,3421
6818,3440
6819,3453
6820,3424
6821,3387
6822,3373
6823,3480
6824,3372
6825,3441
6826,3369
6827,3419
6828,3414
6829,3399
6830,3315
6831,3585
6832,3479
6833,3297
6834,3339
6835,3446
6836,3359
6837,3510
6838,3467
6839,3422
6840,3450
6841,3473
6842,3440
6843,3473
6844,3509
6845,3462
6846,3495
6847,3540
6848,3375
6849,3346
6850,3519
6851,3432
6852,3454
6853,3443
6854,3481
6855,3364
6856,3582
6857,3409
6858,3558
6859,3400
6860,3457
6861,3445
6862,3473
6863,3504
6864,3503
6865,3557
6866,3634
6867,3450
6868,3475
6869,3478
6870,3474
6871,3550
6872,3443
6873,3440
6874,3460
6875,3414
6876,3520
6877,3465
6878,3434
6879,3390
6880,3396
6881,3527
6882,3380
6883,3324
6884,3404
6885,3366
6886,3411
6887,3424
6888,3415
6889,3376
6890,3468
6891,3521
6892,3371
6893,3480
6894,3498
6895,3417
6896,3388
6897,3497
6898,3542
6899,3610
6900,3420
6901,3508
6902,3383
6903,3417
6904,3417
6905,3466
6906,3398
6907,3416
6908,3498
6909,3504
6910,3475
6911,3526
6912,3489
6913,3512
6914,3456
6915,3604
6916,3540
6917,3439
6918,3405
6919,3470
6920,3518
6921,3450
6922,3386
6923,3426
6924,3463
6925,3434
6926,3452
6927,3477
6928,3472
6929,3421
6930,3568
6931,3384
6932,3438
6933,3443
6934,3416
6935,3340
6936,3363
6937,3484
6938,3517
6939,3536
6940,3560
6941,3418
6942,3559
6943,3417
6944,3387
6945,3406
6946,3462
6947,3457
6948,3335
6949,3347
6950,3474
6951,3359
6952,3440
6953,3474
6954,3494
6955,3409
6956,3428
6957,3501
6958,3498
6959,3509
6960,3536
6961,3424
6962,3409
6963,3476
6964,3516
6965,3415
6966,3474
6967,3502
6968,3492
6969,3405
6970,3445
6971,3447
6972,3412
6973,3445
6974,3456
6975,3377
6976,3405
6977,3587
6978,3433
6979,3348
6980,3414
6981,3517
6982,3417
6983,3461
6984,3352
6985,3294
6986,3361
6987,3396
6988,3418
6989,3373
6990,3417
6991,3370
6992,3458
6993,3422
6994,3283
6995,3390
6996,3351
6997,3309
6998,3445
6999,3393
7000,3394
7001,3372
7002,3396
7003,3309
7004,3306
7005,3255
7006,3312
7007,3398
7008,3347
7009,3359
7010,3407
7011,3342
7012,3357
7013,3326
7014,3349
7015,3405
7016,3359
7017,3221
7018,3286
7019,3358
7020,3319
7021,3265
7022,3293
7023,3293
7024,3285
7025,3295
7026,3385
7027,3301
7028,3316
7029,3275
7030,3252
7031,3325
7032,3279
7033,3338
7034,3334
7035,3267
7036,3301
7037,3310
7038,3254
7039,3323
7040,3118
7041,3375
7042,3345
7043,3290
7044,3355
7045,3198
7046,3312
7047,3177
7048,3356
7049,3319
7050,3251
7051,3292
7052,3249
7053,3345
7054,3176
7055,3240
7056,3286
7057,3195
7058,3145
7059,3234
7060,3320
7061,3272
7062,3263
7063,3276
7064,3230
7065,3132
7066,3156
7067,3360
7068,3116
7069,3248
7070,3070
7071,3276
7072,3205
7073,3097
7074,3280
7075,3196
7076,3209
7077,3141
7078,3187
7079,3187
7080,3121
7081,3199
7082,3200
7083,3249
7084,3172
7085,3120
7086,3240
7087,3225
7088,3116
7089,3188
7090,3056
7091,3270
7092,3116
7093,3032
7094,3106
7095,3195
7096,3210
7097,3039
7098,3155
7099,3065
7100,3118
7101,3111
7102,3123
7103,3069
7104,3117
7105,3131
7106,3006
7107,3176
7108,3007
7109,3093
7110,3137
7111,2984
7112,3109
7113,3100
7114,3046
7115,3051
7116,3058
7117,3051
7118,3068
7119,3084
7120,2996
7121,2966
7122,3031
7123,3061
7124,3047
7125,3045
7126,3054
7127,3001
7128,2997
7129,2997
7130,2885
7131,3087
7132,3066
7133,3038
7134,3034
7135,3038
7136,3041
7137,2980
7138,2979
7139,3004
7140,2915
7141,2875
7142,2963
7143,2918
7144,2893
7145,2943
7146,2899
7147,3037
7148,2965
7149,2954
7150,2977
7151,3015
7152,2994
7153,2902
7154,2854
7155,2860
7156,2877
7157,2937
7158,2860
7159,2953
7160,2947
7161,2898
7162,2958
7163,2886
7164,2939
7165,2885
7166,2800
7167,2841
7168,2825
7169,2808
7170,2927
7171,2876
7172,2784
7173,2873
7174,2896
7175,2867
7176,2881
7177,2845
7178,2765
7179,2853
7180,2856
7181,2742
7182,2789
7183,2837
7184,2777
7185,2863
7186,2845
7187,2811
7188,2823
7189,2808
7190,2743
7191,2776
7192,2737
7193,2828
7194,2781
7195,2841
7196,2721
7197,2673
7198,2735
7199,2695
7200,2638
7201,2786
7202,2756
7203,2711
7204,2794
7205,2740
7206,2684
7207,2816
7208,2638
7209,2683
7210,2664
7211,2592
7212,2697
7213,2680
7214,2688
7215,2597
7216,2729
7217,2607
7218,2620
7219,2613
7220,2661
7221,2683
7222,2672
7223,2605
7224,2649
7225,2720
7226,2629
7227,2538
7228,2592
7229,2569
7230,2478
7231,2484
7232,2605
7233,2595
7234,2546
7235,2555
7236,2471
7237,2587
7238,2513
7239,2543
7240,2527
7241,2526
7242,2398
7243,2498
7244,2573
7245,2490
7246,2493
7247,2387
7248,2431
7249,2549
7250,2475
7251,2526
7252,2451
7253,2425
7254,2506
7255,2429
7256,2440
7257,2481
7258,2389
7259,2448
7260,2450
7261,2394
7262,2325
7263,2344
7264,2436
7265,2377
7266,2346
7267,2315
7268,2399
7269,2380
7270,2346
7271,2369
7272,2362
7273,2247
7274,2410
7275,2399
7276,2338
7277,2340
7278,2332
7279,2295
7280,2369
7281,2304
7282,2274
7283,2313
7284,2224
7285,2203
7286,2238
7287,2251
7288,2291
7289,2182
7290,2239
7291,2322
7292,2311
7293,2285
7294,2198
7295,2209
7296,2187
7297,2089
7298,2209
7299,2110
7300,2130
7301,2214
7302,2179
7303,2246
7304,2170
7305,2212
7306,2167
7307,2112
7308,2133
7309,2101
7310,2141
7311,2178
7312,2066
7313,2030
7314,2159
7315,2004
7316,2072
7317,2034
7318,2051
7319,2019
7320,2036
7321,2096
7322,2055
7323,2014
7324,2068
7325,1941
7326,2065
7327,2008
7328,1912
7329,2023
7330,2054
7331,1998
7332,1993
7333,2028
7334,1989
7335,1981
7336,2018
7337,1943
7338,1967
7339,1949
7340,1963
7341,1861
7342,1887
7343,1947
7344,1896
7345,1873
7346,1885
7347,1837
7348,1840
7349,1895
7350,1888
7351,1839
7352,1921
7353,1857
7354,1868
7355,1915
7356,1816
7357,1763
7358,1816
7359,1841
7360,1812
7361,1809
7362,1719
7363,1760
7364,1724
7365,1722
7366,1785
7367,1701
7368,1687
7369,1779
7370,1813
7371,1842
7372,1738
7373,1776
7374,1685
7375,1743
7376,1705
7377,1722
7378,1698
7379,1660
7380,1758
7381,1670
7382,1668
7383,1700
7384,1621
7385,1586
7386,1656
7387,1606
7388,1630
7389,1592
7390,1630
7391,1582
7392,1667
7393,1561
7394,1651
7395,1571
7396,1581
7397,1541
7398,1558
7399,1527
7400,1502
7401,1549
7402,1557
7403,1538
7404,1572
7405,1516
7406,1462
7407,1491
7408,1478
7409,1462
7410,1493
7411,1526
7412,1490
7413,1421
7414,1442
7415,1465
7416,1499
7417,1453
7418,1417
7419,1428
7420,1422
7421,1408
7422,1450
7423,1408
7424,1355
7425,1336
7426,1359
7427,1353
7428,1367
7429,1422
7430,1398
7431,1326
7432,1389
7433,1309
7434,1353
7435,1314
7436,1340
7437,1291
7438,1270
7439,1306
7440,1207
7441,1354
7442,1314
7443,1260
7444,1318
7445,1261
7446,1221
7447,1223
7448,1224
7449,1233
7450,1172
7451,1196
7452,1209
7453,1211
7454,1189
7455,1170
7456,1224
7457,1155
7458,1162
7459,1220
7460,1135
7461,1194
7462,1124
7463,1126
7464,1078
7465,1134
7466,1155
7467,1102
7468,1120
7469,1058
7470,1130
7471,1130
7472,1108
7473,1093
7474,1074
7475,1070
7476,1076
7477,1094
7478,1050
7479,1105
7480,1069
7481,1042
7482,1051
7483,1047
7484,1087
7485,997
7486,977
7487,1007
7488,1041
7489,997
7490,962
7491,973
7492,979
7493,869
7494,956
7495,972
7496,960
7497,946
7498,955
7499,911
7500,882
7501,942
7502,947
7503,936
7504,936
7505,863
7506,913
7507,890
7508,872
7509,934
7510,941
7511,834
7512,829
7513,934
7514,860
7515,844
7516,875
7517,836
7518,828
7519,859
7520,804
7521,842
7522,804
7523,848
7524,819
7525,746
7526,784
7527,802
7528,765
7529,791
7530,783
7531,764
7532,779
7533,756
7534,738
7535,727
7536,788
7537,689
7538,705
7539,735
7540,710
7541,692
7542,687
7543,665
7544,677
7545,698
7546,732
7547,716
7548,637
7549,677
7550,678
7551,684
7552,676
7553,630
7554,629
7555,678
7556,684
7557,631
7558,659
7559,605
7560,634
7561,613
7562,558
7563,614
7564,610
7565,627
7566,631
7567,594
7568,631
7569,539
7570,569
7571,577
7572,581
7573,546
7574,517
7575,572
7576,580
7577,573
7578,569
7579,525
7580,543
7581,497
7582,513
7583,528
7584,478
7585,562
7586,550
7587,519
7588,478
7589,492
7590,505
7591,497
7592,494
7593,514
7594,507
7595,454
7596,463
7597,465
7598,462
7599,448
7600,464
7601,447
7602,445
7603,450
7604,477
7605,443
7606,403
7607,408
7608,430
7609,406
7610,418
7611,419
7612,438
7613,423
7614,403
7615,413
7616,391
7617,399
7618,361
7619,370
7620,359
7621,415
7622,335
7623,349
7624,367
7625,362
7626,389
7627,358
7628,378
7629,367
7630,369
7631,350
7632,359
7633,373
7634,348
7635,314
7636,312
7637,362
7638,322
7639,312
7640,335
7641,342
7642,310
7643,305
7644,315
7645,323
7646,291
7647,287
7648,278
7649,283
7650,296
7651,292
7652,294
7653,328
7654,268
7655,310
7656,272
7657,260
7658,281
7659,230
7660,244
7661,265
7662,261
7663,254
7664,242
7665,257
7666,274
7667,261
7668,258
7669,238
7670,231
7671,276
7672,223
7673,217
7674,225
7675,214
7676,243
7677,216
7678,218
7679,209
7680,182
7681,231
7682,218
7683,206
7684,216
7685,195
7686,189
7687,208
7688,201
7689,199
7690,206
7691,201
7692,186
7693,205
7694,194
7695,172
7696,178
7697,189
7698,193
7699,139
7700,190
7701,167
7702,149
7703,168
7704,159
7705,171
7706,151
7707,190
7708,164
7709,157
7710,151
7711,142
7712,160
7713,154
7714,140
7715,149
7716,126
7717,139
7718,143
7719,144
7720,135
7721,126
7722,113
7723,148
7724,133
7725,142
7726,130
7727,143
7728,153
7729,119
7730,124
7731,132
7732,141
7733,108
7734,138
7735,101
7736,125
7737,109
7738,125
7739,108
7740,111
7741,117
7742,108
7743,102
7744,109
7745,83
7746,98
7747,93
7748,88
7749,90
7750,106
7751,89
7752,85
7753,115
7754,82
7755,88
7756,75
7757,86
7758,84
7759,89
7760,76
7761,77
7762,78
7763,68
7764,73
7765,67
7766,72
7767,69
7768,71
7769,69
7770,50
7771,77
7772,71
7773,72
7774,65
7775,77
7776,77
7777,64
7778,66
7779,56
7780,57
7781,66
7782,65
7783,58
7784,61
7785,68
7786,54
7787,57
7788,54
7789,52
7790,53
7791,56
7792,47
7793,55
7794,30
7795,54
7796,52
7797,53
7798,42
7799,33
7800,50
7801,43
7802,51
7803,44
7804,45
7805,35
7806,47
7807,34
7808,51
7809,38
7810,39
7811,41
7812,34
7813,33
7814,33
7815,45
7816,40
7817,28
7818,26
7819,35
7820,32
7821,38
7822,31
7823,36
7824,32
7825,32
7826,27
7827,32
7828,20
7829,27
7830,34
7831,33
7832,30
7833,38
7834,25
7835,31
7836,22
7837,32
7838,18
7839,20
7840,23
7841,28
7842,25
7843,23
7844,21
7845,15
7846,20
7847,15
7848,24
7849,24
7850,10
7851,24
7852,16
7853,16
7854,17
7855,27
7856,22
7857,16
7858,23
7859,17
7860,19
7861,18
7862,16
7863,18
7864,16
7865,14
7866,16
7867,16
7868,16
7869,13
7870,13
7871,15
7872,17
7873,17
7874,16
7875,14
7876,10
7877,15
7878,9
7879,8
7880,13
7881,16
7882,14
7883,15
7884,7
7885,13
7886,11
7887,4
7888,9
7889,12
7890,12
7891,15
7892,6
7893,9
7894,14
7895,4
7896,12
7897,12
7898,8
7899,7
7900,9
7901,3
7902,8
7903,6
7904,10
7905,8
7906,3
7907,8
7908,7
7909,8
7910,6
7911,9
7912,10
7913,7
7914,11
7915,3
7916,4
7917,4
7918,9
7919,8
7920,5
7921,7
7922,11
7923,3
7924,4
7926,4
7927,4
7928,4
7929,4
7930,4
7931,4
7932,5
7933,9
7934,2
7935,3
7936,2
7937,6
7938,1
7939,6
7940,4
7941,5
7942,4
7943,3
7944,6
7945,3
7946,7
7947,3
7948,6
7949,2
7950,4
7951,5
7953,1
7954,1
7955,2
7957,3
7958,2
7959,4
7961,4
7962,1
7964,1
7965,4
7966,2
7967,3
7968,2
7969,1
7970,2
7971,1
7973,3
7974,1
7975,2
7976,1
7977,2
7980,2
7981,3
7983,1
7987,2
7988,3
7989,2
7990,2
7991,1
7993,1
7994,1
7995,3
7996,1
7997,1
7998,1
7999,1
8002,2
8003,1
8006,2
8011,1
8012,1
8013,2
8014,1
8017,1
8021,2
8023,1
8024,1
8025,1
8028,1
8030,2
8031,2
8034,1
8036,1
8039,1
8040,1
8041,1
8043,1
8046,2
8051,1
8066,1
8071,1
8074,1
