3864,1
3903,1
3913,1
3923,1
3934,1
3937,1
3938,1
3951,1
3952,1
3956,1
3957,1
3958,2
3959,1
3966,1
3967,1
3973,1
3976,3
3977,1
3978,3
3981,1
3982,1
3983,1
3986,3
3987,1
3990,1
3992,2
3994,1
3997,1
3999,1
4000,1
4002,1
4008,2
4009,2
4011,1
4014,2
4015,1
4016,1
4017,2
4018,2
4020,1
4021,3
4022,1
4023,1
4024,2
4025,1
4027,1
4028,2
4029,3
4030,2
4031,2
4032,1
4033,2
4035,3
4036,1
4037,1
4038,1
4039,1
4040,2
4041,2
4043,1
4044,4
4046,4
4047,1
4048,1
4049,2
4050,3
4051,2
4052,1
4053,3
4054,4
4055,2
4056,3
4058,3
4059,2
4060,3
4061,1
4062,2
4063,3
4064,4
4065,2
4066,2
4067,2
4068,6
4069,1
4070,5
4071,2
4072,4
4073,3
4074,2
4075,5
4076,4
4077,6
4078,6
4079,2
4080,1
4081,5
4082,1
4083,6
4084,6
4085,2
4086,4
4087,7
4088,6
4089,5
4090,5
4091,6
4092,5
4093,3
4094,4
4095,3
4096,8
4097,4
4098,9
4099,10
4100,2
4101,5
4102,6
4103,3
4104,7
4105,7
4106,6
4107,3
4108,4
4109,10
4110,10
4111,7
4112,6
4113,9
4114,4
4115,3
4116,10
4117,6
4118,7
4119,7
4120,8
4121,9
4122,4
4123,11
4124,7
4125,6
4126,6
4127,11
4128,9
4129,13
4130,7
4131,8
4132,8
4133,8
4134,11
4135,9
4136,16
4137,7
4138,12
4139,8
4140,8
4141,12
4142,10
4143,13
4144,17
4145,15
4146,6
4147,13
4148,15
4149,8
4150,16
4151,13
4152,15
4153,11
4154,17
4155,12
4156,17
4157,15
4158,16
4159,14
4160,14
4161,12
4162,17
4163,13
4164,19
4165,20
4166,15
4167,9
4168,10
4169,14
4170,20
4171,24
4172,17
4173,22
4174,19
4175,24
4176,23
4177,26
4178,24
4179,15
4180,19
4181,21
4182,23
4183,25
4184,21
4185,18
4186,35
4187,22
4188,23
4189,19
4190,24
4191,18
4192,22
4193,28
4194,24
4195,26
4196,32
4197,35
4198,30
4199,35
4200,26
4201,26
4202,38
4203,32
4204,36
4205,23
4206,28
4207,34
4208,28
4209,33
4210,41
4211,40
4212,45
4213,53
4214,37
4215,34
4216,34
4217,38
4218,33
4219,26
4220,20
4221,33
4222,51
4223,48
4224,42
4225,50
4226,26
4227,54
4228,42
4229,37
4230,51
4231,45
4232,47
4233,37
4234,52
4235,51
4236,51
4237,68
4238,61
4239,62
4240,55
4241,74
4242,67
4243,53
4244,70
4245,42
4246,64
4247,65
4248,66
4249,78
4250,58
4251,59
4252,64
4253,66
4254,69
4255,61
4256,62
4257,57
4258,84
4259,84
4260,78
4261,71
4262,78
4263,81
4264,84
4265,62
4266,68
4267,77
4268,89
4269,86
4270,96
4271,100
4272,96
4273,94
4274,94
4275,82
4276,100
4277,91
4278,110
4279,111
4280,94
4281,120
4282,94
4283,111
4284,104
4285,130
4286,115
4287,112
4288,127
4289,95
4290,115
4291,112
4292,122
4293,108
4294,111
4295,118
4296,123
4297,135
4298,129
4299,120
4300,125
4301,149
4302,155
4303,165
4304,126
4305,150
4306,145
4307,147
4308,161
4309,182
4310,155
4311,182
4312,167
4313,161
4314,180
4315,167
4316,183
4317,180
4318,164
4319,189
4320,187
4321,176
4322,194
4323,197
4324,193
4325,203
4326,192
4327,190
4328,206
4329,193
4330,198
4331,199
4332,222
4333,204
4334,226
4335,253
4336,223
4337,211
4338,235
4339,256
4340,244
4341,231
4342,259
4343,235
4344,252
4345,252
4346,261
4347,264
4348,225
4349,264
4350,311
4351,301
4352,264
4353,278
4354,276
4355,278
4356,285
4357,290
4358,291
4359,323
4360,340
4361,315
4362,311
4363,315
4364,364
4365,350
4366,344
4367,325
4368,363
4369,413
4370,314
4371,336
4372,384
4373,389
4374,364
4375,435
4376,397
4377,388
4378,395
4379,366
4380,398
4381,424
4382,412
4383,431
4384,419
4385,441
4386,472
4387,449
4388,472
4389,501
4390,431
4391,473
4392,490
4393,494
4394,508
4395,522
4396,476
4397,501
4398,551
4399,518
4400,521
4401,503
4402,539
4403,560
4404,530
4405,581
4406,569
4407,585
4408,594
4409,599
4410,559
4411,598
4412,627
4413,597
4414,654
4415,668
4416,681
4417,676
4418,645
4419,697
4420,665
4421,683
4422,672
4423,724
4424,728
4425,706
4426,710
4427,728
4428,736
4429,749
4430,806
4431,792
4432,738
4433,795
4434,813
4435,810
4436,830
4437,793
4438,867
4439,888
4440,885
4441,813
4442,890
4443,938
4444,892
4445,907
4446,890
4447,973
4448,903
4449,965
4450,938
4451,957
4452,935
4453,1030
4454,1042
4455,984
4456,1003
4457,1046
4458,1043
4459,1087
4460,1098
4461,1069
4462,1131
4463,1069
4464,1139
4465,1139
4466,1117
4467,1112
4468,1146
4469,1217
4470,1175
4471,1205
4472,1230
4473,1256
4474,1218
4475,1261
4476,1330
4477,1324
4478,1315
4479,1285
4480,1397
4481,1411
4482,1357
4483,1419
4484,1441
4485,1422
4486,1485
4487,1433
4488,1492
4489,1518
4490,1490
4491,1566
4492,1455
4493,1559
4494,1575
4495,1554
4496,1549
4497,1592
4498,1678
4499,1586
4500,1698
4501,1663
4502,1722
4503,1662
4504,1783
4505,1704
4506,1783
4507,1788
4508,1804
4509,1851
4510,1860
4511,1848
4512,1846
4513,1927
4514,1959
4515,1907
4516,2024
4517,1906
4518,1983
4519,1962
4520,2048
4521,2121
4522,2019
4523,2107
4524,2105
4525,2128
4526,2206
4527,2173
4528,2241
4529,2341
4530,2227
4531,2281
4532,2317
4533,2280
4534,2382
4535,2514
4536,2319
4537,2438
4538,2483
4539,2375
4540,2528
4541,2596
4542,2581
4543,2513
4544,2729
4545,2543
4546,2603
4547,2637
4548,2665
4549,2817
4550,2732
4551,2693
4552,2816
4553,2790
4554,2801
4555,2868
4556,3014
4557,2967
4558,2995
4559,2994
4560,2963
4561,3040
4562,3094
4563,3082
4564,3081
4565,3138
4566,3061
4567,3179
4568,3204
4569,3344
4570,3316
4571,3358
4572,3311
4573,3407
4574,3504
4575,3423
4576,3488
4577,3430
4578,3525
4579,3585
4580,3538
4581,3676
4582,3647
4583,3586
4584,3699
4585,3733
4586,3828
4587,3833
4588,3845
4589,3873
4590,3879
4591,3919
4592,4035
4593,3987
4594,4001
4595,4064
4596,4306
4597,4153
4598,4192
4599,4098
4600,4299
4601,4350
4602,4321
4603,4354
4604,4308
4605,4477
4606,4407
4607,4469
4608,4600
4609,4558
4610,4656
4611,4657
4612,4727
4613,4795
4614,4939
4615,4792
4616,4802
4617,4884
4618,4946
4619,5035
4620,4983
4621,5065
4622,5123
4623,5129
4624,5257
4625,5232
4626,5279
4627,5321
4628,5238
4629,5442
4630,5531
4631,5525
4632,5530
4633,5455
4634,5622
4635,5723
4636,5780
4637,5793
4638,5737
4639,5870
4640,5903
4641,5797
4642,5922
4643,5870
4644,6096
4645,6066
4646,6108
4647,6208
4648,6258
4649,6205
4650,6333
4651,6299
4652,6266
4653,6447
4654,6522
4655,6545
4656,6542
4657,6570
4658,6901
4659,6760
4660,6740
4661,6983
4662,6978
4663,6962
4664,7064
4665,7136
4666,7233
4667,7163
4668,7107
4669,7298
4670,7290
4671,7262
4672,7438
4673,7463
4674,7614
4675,7616
4676,7822
4677,7618
4678,7513
4679,7727
4680,7855
4681,7702
4682,7970
4683,8023
4684,8106
4685,7985
4686,8115
4687,8103
4688,8232
4689,8195
4690,8269
4691,8431
4692,8331
4693,8540
4694,8527
4695,8493
4696,8649
4697,8535
4698,8652
4699,8892
4700,8790
4701,9101
4702,9088
4703,9055
4704,9121
4705,9157
4706,9241
4707,9343
4708,9329
4709,9467
4710,9568
4711,9451
4712,9500
4713,9612
4714,9757
4715,9659
4716,9783
4717,9698
4718,9989
4719,10048
4720,9998
4721,9855
4722,10210
4723,10152
4724,10449
4725,10182
4726,10438
4727,10560
4728,10352
4729,10508
4730,10713
4731,10716
4732,10526
4733,10876
4734,10915
4735,10838
4736,10977
4737,11158
4738,11166
4739,11172
4740,11332
4741,11447
4742,11381
4743,11363
4744,11473
4745,11458
4746,11586
4747,11564
4748,11688
4749,11813
4750,11885
4751,11980
4752,11854
4753,11849
4754,11941
4755,12206
4756,12098
4757,12335
4758,12479
4759,12560
4760,12720
4761,12606
4762,12546
4763,12547
4764,12795
4765,12759
4766,12990
4767,12937
4768,12965
4769,13019
4770,12993
4771,13265
4772,13214
4773,13153
4774,13432
4775,13473
4776,13410
4777,13654
4778,13554
4779,13499
4780,13666
4781,13640
4782,13696
4783,14090
4784,13896
4785,14009
4786,14318
4787,14004
4788,14082
4789,14163
4790,14357
4791,14287
4792,14359
4793,14464
4794,14610
4795,14591
4796,14936
4797,14835
4798,14722
4799,15114
4800,14941
4801,15134
4802,15045
4803,15160
4804,15269
4805,15539
4806,15299
4807,15655
4808,15329
4809,15599
4810,15742
4811,15615
4812,15853
4813,15584
4814,15719
4815,15796
4816,15948
4817,16077
4818,16032
4819,16037
4820,16186
4821,16239
4822,16332
4823,16430
4824,16496
4825,16434
4826,16906
4827,16522
4828,16993
4829,16814
4830,17022
4831,16772
4832,16933
4833,16812
4834,17054
4835,16915
4836,17240
4837,17099
4838,17397
4839,17447
4840,17535
4841,17176
4842,17498
4843,17499
4844,17672
4845,17701
4846,17854
4847,17893
4848,18015
4849,17930
4850,18167
4851,18052
4852,17995
4853,18413
4854,18401
4855,18370
4856,18449
4857,18638
4858,18573
4859,18500
4860,18705
4861,18487
4862,18719
4863,18627
4864,18885
4865,18919
4866,18926
4867,18853
4868,18989
4869,19098
4870,19109
4871,19103
4872,19282
4873,19193
4874,19303
4875,19406
4876,19304
4877,19510
4878,19527
4879,19518
4880,19735
4881,19745
4882,19720
4883,19628
4884,19999
4885,19817
4886,19944
4887,20163
4888,20053
4889,20072
4890,20261
4891,20219
4892,20264
4893,19996
4894,20157
4895,20134
4896,20570
4897,20337
4898,20438
4899,20312
4900,20535
4901,20569
4902,20666
4903,20400
4904,20722
4905,20641
4906,20855
4907,20845
4908,21043
4909,20884
4910,21081
4911,21294
4912,21164
4913,21185
4914,20637
4915,21291
4916,21068
4917,21271
4918,21359
4919,21284
4920,21602
4921,21409
4922,21229
4923,21383
4924,21420
4925,21379
4926,21205
4927,21577
4928,21210
4929,21641
4930,21638
4931,21626
4932,21915
4933,21808
4934,21721
4935,21785
4936,21676
4937,21691
4938,21934
4939,21823
4940,22021
4941,22057
4942,22042
4943,21798
4944,22056
4945,21875
4946,22318
4947,22356
4948,22307
4949,22162
4950,22519
4951,22103
4952,22240
4953,22373
4954,22309
4955,22538
4956,22425
4957,22503
4958,22181
4959,22407
4960,22301
4961,22486
4962,22738
4963,22513
4964,22288
4965,22447
4966,22762
4967,22437
4968,22896
4969,22465
4970,22796
4971,22464
4972,22816
4973,22595
4974,22597
4975,22671
4976,22771
4977,22816
4978,22669
4979,22717
4980,22887
4981,22645
4982,22817
4983,22649
4984,22710
4985,22706
4986,22906
4987,22768
4988,22912
4989,22796
4990,22701
4991,22917
4992,22736
4993,22690
4994,22684
4995,22923
4996,22912
4997,22727
4998,22671
4999,22790
5000,22835
5001,22760
5002,23010
5003,22931
5004,22630
5005,22846
5006,22787
5007,22891
5008,22867
5009,22656
5010,22894
5011,22941
5012,22785
5013,22621
5014,22789
5015,22517
5016,22504
5017,22969
5018,22990
5019,22896
5020,22937
5021,22899
5022,22754
5023,22647
5024,22743
5025,22982
5026,22544
5027,22738
5028,22668
5029,22820
5030,22364
5031,22439
5032,22467
5033,22411
5034,22726
5035,22456
5036,22629
5037,22475
5038,22480
5039,22480
5040,22364
5041,22464
5042,22231
5043,22385
5044,22329
5045,22316
5046,22443
5047,22461
5048,22326
5049,22155
5050,22551
5051,22256
5052,22169
5053,22016
5054,22083
5055,21827
5056,22106
5057,22224
5058,21992
5059,22162
5060,22098
5061,21958
5062,21917
5063,21904
5064,21875
5065,21611
5066,21908
5067,21523
5068,21676
5069,21594
5070,21725
5071,21839
5072,21377
5073,21623
5074,21434
5075,21415
5076,21717
5077,21415
5078,21497
5079,21281
5080,21495
5081,21566
5082,21264
5083,21406
5084,21187
5085,21162
5086,21191
5087,21070
5088,21020
5089,20961
5090,21371
5091,20658
5092,20806
5093,20788
5094,20755
5095,20841
5096,20724
5097,20654
5098,20647
5099,20795
5100,20628
5101,20520
5102,20582
5103,20094
5104,20476
5105,20275
5106,20338
5107,20322
5108,19992
5109,20261
5110,20360
5111,20218
5112,19858
5113,20025
5114,19952
5115,19727
5116,19577
5117,19387
5118,19624
5119,19845
5120,19529
5121,19638
5122,19494
5123,19378
5124,19407
5125,19275
5126,19280
5127,19326
5128,19316
5129,19121
5130,19001
5131,19278
5132,19066
5133,19058
5134,18949
5135,18977
5136,18804
5137,18735
5138,18697
5139,18708
5140,18504
5141,18719
5142,18337
5143,18551
5144,18425
5145,18552
5146,18056
5147,18301
5148,18208
5149,18315
5150,18069
5151,17895
5152,17949
5153,17782
5154,17578
5155,17707
5156,17713
5157,17560
5158,17484
5159,17536
5160,17293
5161,17510
5162,17285
5163,17249
5164,17188
5165,17035
5166,16953
5167,17046
5168,17024
5169,17063
5170,16919
5171,16776
5172,16609
5173,16769
5174,16685
5175,16373
5176,16599
5177,16697
5178,16486
5179,16271
5180,16230
5181,16289
5182,16149
5183,15946
5184,16045
5185,15976
5186,15885
5187,15637
5188,15633
5189,15658
5190,15549
5191,15682
5192,15500
5193,15558
5194,15480
5195,15374
5196,15337
5197,15193
5198,15081
5199,15251
5200,14988
5201,14854
5202,14965
5203,14824
5204,14678
5205,14691
5206,14710
5207,14439
5208,14610
5209,14340
5210,14281
5211,14092
5212,14238
5213,13907
5214,14109
5215,14121
5216,13818
5217,13805
5218,13950
5219,13811
5220,13591
5221,13796
5222,13317
5223,13674
5224,13541
5225,13596
5226,13294
5227,13158
5228,13342
5229,13089
5230,13238
5231,13045
5232,12788
5233,12639
5234,12715
5235,12993
5236,12754
5237,12688
5238,12410
5239,12599
5240,12439
5241,12315
5242,12490
5243,12311
5244,12278
5245,12136
5246,11854
5247,12045
5248,11884
5249,12025
5250,11867
5251,11719
5252,11733
5253,11618
5254,11601
5255,11382
5256,11455
5257,11603
5258,11182
5259,11202
5260,11403
5261,11009
5262,11345
5263,11144
5264,11131
5265,10855
5266,10887
5267,10777
5268,10766
5269,10648
5270,10714
5271,10532
5272,10481
5273,10547
5274,10342
5275,10284
5276,10369
5277,10262
5278,10190
5279,10078
5280,10061
5281,10060
5282,10029
5283,9873
5284,9831
5285,9723
5286,9656
5287,9534
5288,9625
5289,9472
5290,9502
5291,9301
5292,9295
5293,9271
5294,9171
5295,9089
5296,9056
5297,9210
5298,9054
5299,9035
5300,9015
5301,8806
5302,8862
5303,8745
5304,8737
5305,8676
5306,8558
5307,8518
5308,8411
5309,8483
5310,8263
5311,8268
5312,8279
5313,8067
5314,8103
5315,7948
5316,7913
5317,8121
5318,7743
5319,7845
5320,7821
5321,7849
5322,7541
5323,7635
5324,7626
5325,7545
5326,7570
5327,7464
5328,7506
5329,7469
5330,7234
5331,7280
5332,7109
5333,7123
5334,7095
5335,7111
5336,6896
5337,6968
5338,6730
5339,6762
5340,6752
5341,6764
5342,6709
5343,6491
5344,6559
5345,6550
5346,6641
5347,6542
5348,6478
5349,6433
5350,6356
5351,6363
5352,6250
5353,6165
5354,6147
5355,6063
5356,5927
5357,6064
5358,5931
5359,5932
5360,5783
5361,5768
5362,5755
5363,5863
5364,5570
5365,5719
5366,5639
5367,5495
5368,5353
5369,5573
5370,5456
5371,5498
5372,5399
5373,5256
5374,5242
5375,5247
5376,5219
5377,5235
5378,5226
5379,5087
5380,5072
5381,5060
5382,5117
5383,4965
5384,4979
5385,4898
5386,4740
5387,4812
5388,4776
5389,4587
5390,4709
5391,4672
5392,4617
5393,4645
5394,4511
5395,4466
5396,4339
5397,4373
5398,4444
5399,4257
5400,4280
5401,4394
5402,4264
5403,4185
5404,4179
5405,4136
5406,3939
5407,4036
5408,4010
5409,3927
5410,3928
5411,3871
5412,3832
5413,3776
5414,3831
5415,3868
5416,3783
5417,3702
5418,3637
5419,3696
5420,3620
5421,3583
5422,3614
5423,3448
5424,3542
5425,3381
5426,3464
5427,3408
5428,3352
5429,3338
5430,3283
5431,3260
5432,3138
5433,3242
5434,3291
5435,3071
5436,2984
5437,3075
5438,3058
5439,2994
5440,2964
5441,2987
5442,3019
5443,2916
5444,2907
5445,2873
5446,2842
5447,2815
5448,2765
5449,2766
5450,2758
5451,2691
5452,2647
5453,2494
5454,2714
5455,2523
5456,2587
5457,2487
5458,2532
5459,2482
5460,2524
5461,2531
5462,2490
5463,2381
5464,2414
5465,2338
5466,2408
5467,2281
5468,2235
5469,2287
5470,2231
5471,2228
5472,2239
5473,2238
5474,2216
5475,2237
5476,2174
5477,2085
5478,2077
5479,1994
5480,2037
5481,2107
5482,2034
5483,1990
5484,2045
5485,2006
5486,1934
5487,1971
5488,1892
5489,1876
5490,1832
5491,1778
5492,1778
5493,1822
5494,1856
5495,1738
5496,1701
5497,1764
5498,1682
5499,1798
5500,1612
5501,1635
5502,1631
5503,1612
5504,1639
5505,1517
5506,1577
5507,1519
5508,1525
5509,1541
5510,1480
5511,1447
5512,1453
5513,1552
5514,1445
5515,1428
5516,1410
5517,1372
5518,1355
5519,1353
5520,1294
5521,1342
5522,1266
5523,1279
5524,1275
5525,1326
5526,1268
5527,1260
5528,1256
5529,1246
5530,1247
5531,1200
5532,1208
5533,1139
5534,1229
5535,1160
5536,1121
5537,1108
5538,1134
5539,1065
5540,1053
5541,1091
5542,1112
5543,1091
5544,1011
5545,948
5546,976
5547,1060
5548,1028
5549,900
5550,941
5551,985
5552,909
5553,914
5554,892
5555,927
5556,951
5557,880
5558,899
5559,860
5560,824
5561,879
5562,831
5563,823
5564,836
5565,785
5566,825
5567,806
5568,801
5569,751
5570,799
5571,779
5572,726
5573,699
5574,742
5575,736
5576,710
5577,715
5578,696
5579,678
5580,647
5581,682
5582,608
5583,682
5584,627
5585,600
5586,602
5587,652
5588,590
5589,649
5590,634
5591,629
5592,576
5593,549
5594,570
5595,550
5596,559
5597,518
5598,523
5599,525
5600,568
5601,547
5602,513
5603,518
5604,483
5605,484
5606,469
5607,499
5608,483
5609,468
5610,476
5611,451
5612,433
5613,465
5614,409
5615,409
5616,462
5617,463
5618,405
5619,418
5620,391
5621,432
5622,432
5623,391
5624,432
5625,440
5626,405
5627,380
5628,358
5629,385
5630,365
5631,383
5632,331
5633,366
5634,347
5635,337
5636,349
5637,299
5638,324
5639,309
5640,303
5641,321
5642,325
5643,322
5644,319
5645,281
5646,286
5647,290
5648,301
5649,268
5650,295
5651,284
5652,302
5653,241
5654,248
5655,238
5656,253
5657,235
5658,256
5659,251
5660,227
5661,239
5662,232
5663,220
5664,217
5665,216
5666,220
5667,219
5668,242
5669,195
5670,225
5671,209
5672,192
5673,198
5674,207
5675,173
5676,216
5677,168
5678,181
5679,221
5680,200
5681,185
5682,183
5683,174
5684,185
5685,157
5686,171
5687,181
5688,159
5689,177
5690,159
5691,179
5692,147
5693,172
5694,141
5695,134
5696,132
5697,145
5698,141
5699,156
5700,132
5701,119
5702,136
5703,152
5704,147
5705,139
5706,108
5707,124
5708,125
5709,123
5710,134
5711,116
5712,122
5713,93
5714,109
5715,107
5716,99
5717,102
5718,99
5719,107
5720,96
5721,97
5722,108
5723,114
5724,104
5725,90
5726,96
5727,108
5728,98
5729,84
5730,99
5731,86
5732,85
5733,83
5734,71
5735,77
5736,65
5737,76
5738,77
5739,66
5740,79
5741,81
5742,84
5743,87
5744,77
5745,69
5746,84
5747,72
5748,84
5749,84
5750,61
5751,55
5752,71
5753,57
5754,67
5755,66
5756,54
5757,57
5758,44
5759,39
5760,54
5761,52
5762,56
5763,68
5764,61
5765,56
5766,49
5767,33
5768,42
5769,57
5770,50
5771,49
5772,43
5773,43
5774,39
5775,36
5776,46
5777,44
5778,44
5779,38
5780,42
5781,43
5782,45
5783,43
5784,44
5785,37
5786,35
5787,39
5788,35
5789,41
5790,35
5791,44
5792,30
5793,29
5794,20
5795,24
5796,30
5797,31
5798,35
5799,27
5800,38
5801,31
5802,24
5803,21
5804,38
5805,26
5806,23
5807,24
5808,26
5809,16
5810,20
5811,15
5812,28
5813,27
5814,21
5815,17
5816,28
5817,22
5818,19
5819,36
5820,14
5821,19
5822,25
5823,26
5824,14
5825,19
5826,14
5827,19
5828,18
5829,13
5830,18
5831,16
5832,20
5833,17
5834,16
5835,21
5836,15
5837,11
5838,15
5839,14
5840,17
5841,13
5842,16
5843,6
5844,18
5845,13
5846,17
5847,19
5848,12
5849,11
5850,15
5851,13
5852,13
5853,9
5854,7
5855,15
5856,13
5857,14
5858,15
5859,15
5860,15
5861,9
5862,8
5863,12
5864,6
5865,8
5866,11
5867,3
5868,11
5869,7
5870,7
5871,6
5872,9
5873,5
5874,3
5875,4
5876,7
5877,7
5878,9
5879,6
5880,11
5881,3
5882,9
5883,8
5884,4
5885,5
5886,2
5887,7
5888,6
5889,6
5890,6
5891,3
5892,4
5893,6
5894,8
5895,9
5896,8
5897,6
5898,6
5899,10
5900,4
5901,7
5902,6
5903,6
5904,3
5905,5
5906,9
5907,6
5908,5
5909,3
5910,3
5911,4
5912,3
5913,5
5914,7
5915,6
5916,4
5917,3
5918,3
5919,5
5920,5
5921,4
5922,3
5923,4
5924,3
5925,4
5926,2
5927,3
5928,1
5929,1
5930,4
5931,5
5932,2
5933,2
5934,1
5935,4
5936,3
5937,2
5938,2
5939,1
5940,5
5941,4
5942,3
5943,1
5944,1
5945,2
5946,4
5947,2
5948,2
5949,2
5951,1
5952,2
5953,2
5955,1
5956,1
5958,1
5959,2
5961,1
5963,1
5964,1
5965,2
5966,3
5967,2
5968,2
5970,1
5972,2
5974,2
5975,2
5976,4
5977,1
5978,2
5979,1
5981,2
5982,1
5984,3
5987,1
5988,3
5989,3
5992,2
5997,1
6000,1
6001,4
6003,1
6004,1
6007,2
6008,2
6009,1
6012,1
6014,1
6016,1
6017,1
6018,2
6020,1
6024,1
6025,1
6026,1
6027,1
6028,2
6034,1
6053,1
6055,1
6060,2
6073,1
6084,2
6092,1
6114,1
6166,1
6252,1
