2401,1
2414,1
2426,1
2436,1
2441,1
2447,1
2453,1
2456,1
2458,2
2468,1
2473,1
2476,1
2477,2
2478,3
2482,1
2485,1
2487,2
2488,1
2492,1
2495,1
2497,1
2498,1
2499,1
2502,1
2503,1
2505,1
2507,1
2510,2
2512,4
2515,3
2516,2
2517,1
2518,4
2519,2
2522,3
2523,2
2524,1
2526,5
2527,1
2528,2
2529,2
2530,2
2531,2
2533,1
2534,3
2535,1
2536,2
2537,4
2538,2
2539,1
2541,2
2542,3
2543,1
2544,2
2545,1
2546,2
2548,3
2549,1
2550,1
2552,1
2553,2
2554,2
2555,1
2556,3
2557,1
2558,4
2559,2
2560,3
2561,1
2562,3
2563,2
2564,1
2565,2
2566,5
2567,2
2568,2
2569,3
2570,2
2571,4
2572,2
2573,3
2575,6
2576,5
2577,3
2579,5
2581,1
2582,6
2583,2
2584,5
2585,2
2586,1
2587,6
2588,2
2589,4
2590,1
2591,4
2592,6
2593,4
2594,2
2595,4
2596,4
2597,6
2598,3
2599,3
2600,5
2601,2
2602,4
2603,2
2604,5
2605,6
2606,7
2607,4
2608,3
2609,7
2610,5
2611,4
2612,4
2613,5
2614,5
2615,4
2617,5
2618,2
2619,6
2620,4
2621,10
2622,6
2623,5
2624,6
2625,5
2626,7
2627,3
2629,7
2630,6
2631,3
2632,7
2633,4
2634,8
2635,11
2636,5
2637,8
2638,6
2639,4
2640,2
2641,5
2642,4
2643,6
2644,10
2645,5
2646,6
2647,8
2648,3
2649,9
2650,4
2651,7
2652,16
2653,6
2654,11
2655,6
2656,6
2657,2
2658,9
2659,9
2660,1
2661,7
2662,13
2663,7
2664,6
2665,8
2666,5
2667,11
2668,8
2669,6
2670,8
2671,11
2672,5
2673,11
2674,12
2675,11
2676,10
2677,7
2678,7
2679,6
2680,10
2681,6
2682,8
2683,8
2684,9
2685,9
2686,13
2687,10
2688,12
2689,14
2690,13
2691,5
2692,19
2693,10
2694,9
2695,12
2696,9
2697,13
2698,17
2699,15
2700,16
2701,14
2702,14
2703,7
2704,9
2705,16
2706,14
2707,14
2708,5
2709,10
2710,14
2711,12
2712,11
2713,12
2714,16
2715,14
2716,20
2717,12
2718,10
2719,11
2720,14
2721,20
2722,9
2723,11
2724,20
2725,10
2726,11
2727,15
2728,17
2729,9
2730,14
2731,11
2732,13
2733,17
2734,18
2735,20
2736,16
2737,12
2738,13
2739,11
2740,22
2741,17
2742,12
2743,15
2744,18
2745,15
2746,19
2747,20
2748,13
2749,25
2750,17
2751,28
2752,15
2753,12
2754,21
2755,22
2756,13
2757,19
2758,13
2759,20
2760,18
2761,23
2762,26
2763,23
2764,22
2765,26
2766,23
2767,19
2768,21
2769,21
2770,24
2771,20
2772,19
2773,16
2774,21
2775,17
2776,21
2777,21
2778,21
2779,24
2780,28
2781,25
2782,23
2783,24
2784,31
2785,13
2786,14
2787,31
2788,30
2789,29
2790,31
2791,31
2792,24
2793,23
2794,21
2795,23
2796,27
2797,35
2798,24
2799,31
2800,27
2801,32
2802,29
2803,32
2804,26
2805,30
2806,27
2807,33
2808,26
2809,23
2810,32
2811,28
2812,29
2813,29
2814,39
2815,28
2816,20
2817,35
2818,38
2819,35
2820,27
2821,36
2822,27
2823,37
2824,38
2825,30
2826,35
2827,25
2828,29
2829,36
2830,40
2831,34
2832,32
2833,38
2834,49
2835,43
2836,33
2837,35
2838,31
2839,43
2840,29
2841,36
2842,38
2843,37
2844,43
2845,41
2846,31
2847,30
2848,32
2849,46
2850,37
2851,40
2852,48
2853,47
2854,52
2855,35
2856,39
2857,43
2858,35
2859,49
2860,56
2861,48
2862,42
2863,42
2864,51
2865,39
2866,45
2867,42
2868,35
2869,43
2870,49
2871,45
2872,49
2873,36
2874,49
2875,42
2876,48
2877,47
2878,45
2879,56
2880,62
2881,43
2882,50
2883,48
2884,48
2885,46
2886,65
2887,56
2888,49
2889,63
2890,58
2891,44
2892,53
2893,57
2894,51
2895,70
2896,61
2897,56
2898,63
2899,66
2900,61
2901,66
2902,62
2903,71
2904,49
2905,68
2906,56
2907,48
2908,53
2909,70
2910,61
2911,60
2912,56
2913,54
2914,74
2915,61
2916,66
2917,80
2918,66
2919,66
2920,68
2921,61
2922,80
2923,73
2924,87
2925,69
2926,72
2927,72
2928,66
2929,68
2930,78
2931,72
2932,65
2933,72
2934,63
2935,78
2936,73
2937,68
2938,68
2939,72
2940,75
2941,75
2942,71
2943,72
2944,68
2945,78
2946,87
2947,86
2948,87
2949,90
2950,80
2951,76
2952,84
2953,79
2954,96
2955,83
2956,81
2957,88
2958,84
2959,87
2960,111
2961,102
2962,87
2963,82
2964,77
2965,105
2966,86
2967,104
2968,97
2969,91
2970,89
2971,71
2972,96
2973,85
2974,90
2975,90
2976,104
2977,99
2978,100
2979,109
2980,111
2981,103
2982,107
2983,85
2984,111
2985,105
2986,84
2987,106
2988,98
2989,94
2990,114
2991,111
2992,98
2993,117
2994,102
2995,119
2996,104
2997,98
2998,124
2999,101
3000,111
3001,115
3002,128
3003,114
3004,120
3005,128
3006,115
3007,126
3008,103
3009,145
3010,123
3011,133
3012,138
3013,114
3014,98
3015,127
3016,123
3017,141
3018,144
3019,121
3020,121
3021,128
3022,134
3023,130
3024,137
3025,133
3026,119
3027,132
3028,135
3029,123
3030,129
3031,142
3032,146
3033,133
3034,121
3035,139
3036,132
3037,131
3038,133
3039,162
3040,140
3041,164
3042,132
3043,130
3044,153
3045,135
3046,143
3047,156
3048,141
3049,145
3050,156
3051,163
3052,157
3053,152
3054,161
3055,177
3056,154
3057,149
3058,167
3059,151
3060,136
3061,152
3062,180
3063,166
3064,161
3065,182
3066,153
3067,147
3068,184
3069,167
3070,156
3071,177
3072,152
3073,178
3074,179
3075,169
3076,202
3077,197
3078,182
3079,173
3080,180
3081,177
3082,161
3083,172
3084,166
3085,185
3086,189
3087,189
3088,178
3089,181
3090,190
3091,187
3092,197
3093,194
3094,201
3095,177
3096,183
3097,187
3098,192
3099,189
3100,190
3101,185
3102,187
3103,189
3104,173
3105,192
3106,204
3107,181
3108,198
3109,227
3110,200
3111,198
3112,194
3113,213
3114,220
3115,209
3116,219
3117,192
3118,207
3119,197
3120,202
3121,205
3122,216
3123,224
3124,205
3125,204
3126,209
3127,229
3128,240
3129,210
3130,213
3131,235
3132,230
3133,204
3134,219
3135,227
3136,250
3137,225
3138,209
3139,238
3140,230
3141,229
3142,258
3143,239
3144,234
3145,237
3146,276
3147,233
3148,209
3149,233
3150,274
3151,274
3152,242
3153,232
3154,239
3155,285
3156,250
3157,256
3158,276
3159,265
3160,251
3161,244
3162,232
3163,266
3164,247
3165,267
3166,279
3167,257
3168,284
3169,255
3170,270
3171,248
3172,285
3173,306
3174,286
3175,265
3176,267
3177,276
3178,269
3179,312
3180,269
3181,288
3182,300
3183,249
3184,281
3185,279
3186,270
3187,298
3188,307
3189,292
3190,297
3191,296
3192,290
3193,293
3194,310
3195,278
3196,288
3197,309
3198,312
3199,307
3200,336
3201,303
3202,291
3203,320
3204,282
3205,307
3206,322
3207,338
3208,303
3209,275
3210,346
3211,318
3212,355
3213,341
3214,296
3215,349
3216,308
3217,349
3218,321
3219,349
3220,354
3221,342
3222,327
3223,335
3224,298
3225,340
3226,345
3227,364
3228,356
3229,357
3230,337
3231,352
3232,336
3233,328
3234,334
3235,326
3236,364
3237,355
3238,377
3239,381
3240,366
3241,370
3242,399
3243,385
3244,323
3245,371
3246,372
3247,359
3248,382
3249,382
3250,385
3251,375
3252,408
3253,399
3254,367
3255,389
3256,369
3257,391
3258,396
3259,383
3260,384
3261,396
3262,409
3263,366
3264,408
3265,403
3266,390
3267,391
3268,436
3269,445
3270,416
3271,431
3272,428
3273,431
3274,434
3275,402
3276,436
3277,424
3278,399
3279,415
3280,407
3281,420
3282,428
3283,443
3284,444
3285,431
3286,446
3287,431
3288,412
3289,467
3290,485
3291,417
3292,431
3293,461
3294,460
3295,464
3296,472
3297,439
3298,456
3299,462
3300,488
3301,461
3302,464
3303,466
3304,457
3305,453
3306,460
3307,498
3308,466
3309,472
3310,508
3311,483
3312,469
3313,513
3314,489
3315,443
3316,510
3317,463
3318,476
3319,477
3320,495
3321,489
3322,506
3323,526
3324,500
3325,496
3326,520
3327,504
3328,520
3329,533
3330,484
3331,499
3332,557
3333,511
3334,524
3335,551
3336,528
3337,501
3338,518
3339,518
3340,525
3341,538
3342,533
3343,518
3344,517
3345,526
3346,523
3347,548
3348,563
3349,534
3350,515
3351,534
3352,526
3353,591
3354,550
3355,594
3356,552
3357,591
3358,606
3359,580
3360,588
3361,562
3362,614
3363,576
3364,555
3365,612
3366,580
3367,574
3368,587
3369,574
3370,552
3371,577
3372,545
3373,582
3374,553
3375,571
3376,587
3377,566
3378,605
3379,621
3380,591
3381,620
3382,640
3383,623
3384,634
3385,641
3386,614
3387,613
3388,612
3389,591
3390,634
3391,653
3392,599
3393,580
3394,678
3395,623
3396,612
3397,606
3398,630
3399,633
3400,618
3401,680
3402,664
3403,654
3404,662
3405,614
3406,640
3407,663
3408,675
3409,633
3410,692
3411,673
3412,630
3413,662
3414,708
3415,635
3416,700
3417,645
3418,694
3419,723
3420,699
3421,666
3422,649
3423,695
3424,721
3425,680
3426,715
3427,725
3428,708
3429,711
3430,693
3431,713
3432,729
3433,710
3434,710
3435,759
3436,760
3437,807
3438,721
3439,722
3440,758
3441,656
3442,694
3443,778
3444,718
3445,747
3446,728
3447,779
3448,762
3449,805
3450,775
3451,738
3452,762
3453,730
3454,712
3455,769
3456,822
3457,742
3458,746
3459,790
3460,806
3461,757
3462,746
3463,775
3464,738
3465,803
3466,765
3467,844
3468,753
3469,821
3470,797
3471,783
3472,797
3473,846
3474,796
3475,794
3476,797
3477,787
3478,838
3479,763
3480,820
3481,833
3482,831
3483,863
3484,846
3485,869
3486,856
3487,861
3488,824
3489,825
3490,819
3491,844
3492,843
3493,870
3494,822
3495,838
3496,900
3497,860
3498,852
3499,823
3500,870
3501,838
3502,813
3503,851
3504,937
3505,865
3506,927
3507,872
3508,866
3509,865
3510,849
3511,919
3512,915
3513,907
3514,944
3515,903
3516,895
3517,887
3518,912
3519,871
3520,922
3521,913
3522,921
3523,959
3524,920
3525,973
3526,874
3527,904
3528,958
3529,957
3530,966
3531,939
3532,926
3533,944
3534,1023
3535,905
3536,971
3537,946
3538,964
3539,940
3540,961
3541,970
3542,977
3543,937
3544,983
3545,1011
3546,995
3547,1044
3548,1008
3549,972
3550,970
3551,990
3552,926
3553,971
3554,958
3555,961
3556,1024
3557,1000
3558,1029
3559,1067
3560,1035
3561,1025
3562,1004
3563,1045
3564,1061
3565,1006
3566,1027
3567,1084
3568,1040
3569,1060
3570,1102
3571,1024
3572,1039
3573,1021
3574,1048
3575,1023
3576,1035
3577,1092
3578,1028
3579,1106
3580,1103
3581,1136
3582,1067
3583,1048
3584,1076
3585,1131
3586,1110
3587,1097
3588,1025
3589,1100
3590,1091
3591,1130
3592,1105
3593,1148
3594,1078
3595,1104
3596,1146
3597,1116
3598,1076
3599,1177
3600,1113
3601,1093
3602,1119
3603,1104
3604,1143
3605,1123
3606,1155
3607,1144
3608,1165
3609,1137
3610,1131
3611,1140
3612,1136
3613,1093
3614,1186
3615,1204
3616,1144
3617,1121
3618,1196
3619,1186
3620,1180
3621,1190
3622,1293
3623,1268
3624,1246
3625,1254
3626,1233
3627,1176
3628,1161
3629,1197
3630,1210
3631,1283
3632,1239
3633,1237
3634,1209
3635,1205
3636,1279
3637,1254
3638,1263
3639,1264
3640,1222
3641,1230
3642,1258
3643,1245
3644,1212
3645,1199
3646,1267
3647,1281
3648,1258
3649,1310
3650,1299
3651,1292
3652,1230
3653,1251
3654,1274
3655,1345
3656,1265
3657,1285
3658,1297
3659,1344
3660,1331
3661,1306
3662,1313
3663,1304
3664,1358
3665,1329
3666,1308
3667,1329
3668,1284
3669,1324
3670,1349
3671,1270
3672,1346
3673,1384
3674,1338
3675,1305
3676,1320
3677,1305
3678,1361
3679,1350
3680,1387
3681,1394
3682,1363
3683,1347
3684,1312
3685,1446
3686,1397
3687,1424
3688,1369
3689,1331
3690,1358
3691,1475
3692,1361
3693,1395
3694,1406
3695,1433
3696,1359
3697,1390
3698,1453
3699,1338
3700,1416
3701,1478
3702,1457
3703,1414
3704,1454
3705,1485
3706,1469
3707,1482
3708,1396
3709,1404
3710,1510
3711,1455
3712,1536
3713,1522
3714,1397
3715,1461
3716,1524
3717,1412
3718,1461
3719,1429
3720,1512
3721,1477
3722,1525
3723,1543
3724,1513
3725,1457
3726,1546
3727,1543
3728,1602
3729,1596
3730,1565
3731,1432
3732,1569
3733,1554
3734,1616
3735,1569
3736,1511
3737,1581
3738,1546
3739,1615
3740,1608
3741,1497
3742,1515
3743,1528
3744,1615
3745,1588
3746,1651
3747,1625
3748,1569
3749,1537
3750,1527
3751,1628
3752,1618
3753,1558
3754,1621
3755,1577
3756,1605
3757,1614
3758,1643
3759,1632
3760,1661
3761,1656
3762,1611
3763,1644
3764,1551
3765,1643
3766,1704
3767,1653
3768,1691
3769,1706
3770,1579
3771,1614
3772,1603
3773,1670
3774,1622
3775,1666
3776,1729
3777,1677
3778,1744
3779,1692
3780,1748
3781,1651
3782,1701
3783,1688
3784,1702
3785,1613
3786,1715
3787,1740
3788,1702
3789,1734
3790,1667
3791,1776
3792,1757
3793,1718
3794,1821
3795,1693
3796,1686
3797,1760
3798,1757
3799,1741
3800,1714
3801,1759
3802,1671
3803,1706
3804,1781
3805,1803
3806,1776
3807,1831
3808,1744
3809,1856
3810,1809
3811,1829
3812,1747
3813,1820
3814,1887
3815,1791
3816,1815
3817,1797
3818,1869
3819,1789
3820,1869
3821,1804
3822,1760
3823,1861
3824,1856
3825,1878
3826,1866
3827,1809
3828,1881
3829,1818
3830,1847
3831,1846
3832,1893
3833,2008
3834,1927
3835,1962
3836,1902
3837,1958
3838,1875
3839,1952
3840,1942
3841,1931
3842,1891
3843,1884
3844,1967
3845,1892
3846,1870
3847,1901
3848,2008
3849,1890
3850,1986
3851,1958
3852,1930
3853,1937
3854,1913
3855,2020
3856,2035
3857,1974
3858,1916
3859,2019
3860,1985
3861,2006
3862,2048
3863,2009
3864,2062
3865,1940
3866,2007
3867,1927
3868,2001
3869,2039
3870,2031
3871,2078
3872,1994
3873,2075
3874,1989
3875,2058
3876,1990
3877,2071
3878,2021
3879,2136
3880,2091
3881,2118
3882,2126
3883,2118
3884,2045
3885,2037
3886,2001
3887,2104
3888,2125
3889,2069
3890,2124
3891,2245
3892,2151
3893,2114
3894,2051
3895,2111
3896,2118
3897,2192
3898,2155
3899,2191
3900,2233
3901,2205
3902,2159
3903,2144
3904,2130
3905,2217
3906,2142
3907,2220
3908,2128
3909,2211
3910,2261
3911,2252
3912,2247
3913,2221
3914,2202
3915,2187
3916,2220
3917,2223
3918,2298
3919,2211
3920,2282
3921,2311
3922,2279
3923,2208
3924,2198
3925,2282
3926,2292
3927,2273
3928,2290
3929,2244
3930,2342
3931,2306
3932,2299
3933,2293
3934,2343
3935,2257
3936,2248
3937,2314
3938,2330
3939,2250
3940,2316
3941,2301
3942,2383
3943,2317
3944,2326
3945,2318
3946,2379
3947,2377
3948,2370
3949,2352
3950,2403
3951,2382
3952,2440
3953,2307
3954,2295
3955,2401
3956,2372
3957,2398
3958,2349
3959,2439
3960,2431
3961,2358
3962,2363
3963,2454
3964,2361
3965,2403
3966,2446
3967,2382
3968,2427
3969,2448
3970,2412
3971,2375
3972,2409
3973,2413
3974,2522
3975,2339
3976,2447
3977,2414
3978,2437
3979,2486
3980,2464
3981,2486
3982,2587
3983,2520
3984,2479
3985,2478
3986,2535
3987,2540
3988,2486
3989,2626
3990,2500
3991,2582
3992,2554
3993,2606
3994,2491
3995,2586
3996,2574
3997,2672
3998,2559
3999,2613
4000,2603
4001,2582
4002,2558
4003,2542
4004,2655
4005,2547
4006,2637
4007,2572
4008,2697
4009,2603
4010,2621
4011,2594
4012,2575
4013,2631
4014,2602
4015,2726
4016,2613
4017,2655
4018,2686
4019,2639
4020,2744
4021,2663
4022,2719
4023,2627
4024,2696
4025,2603
4026,2707
4027,2711
4028,2768
4029,2741
4030,2738
4031,2679
4032,2759
4033,2744
4034,2768
4035,2735
4036,2719
4037,2789
4038,2774
4039,2728
4040,2835
4041,2762
4042,2827
4043,2840
4044,2808
4045,2705
4046,2690
4047,2850
4048,2805
4049,2731
4050,2888
4051,2861
4052,2776
4053,2821
4054,2762
4055,2914
4056,2797
4057,2847
4058,2891
4059,2961
4060,2860
4061,2966
4062,2872
4063,2896
4064,2877
4065,2826
4066,2872
4067,2908
4068,2979
4069,2887
4070,2892
4071,2992
4072,2989
4073,2941
4074,2868
4075,2873
4076,2989
4077,2831
4078,2961
4079,2995
4080,3040
4081,3017
4082,2992
4083,2935
4084,2938
4085,3009
4086,3034
4087,3035
4088,3024
4089,3021
4090,3022
4091,3038
4092,3025
4093,3017
4094,3107
4095,3005
4096,2992
4097,3046
4098,3092
4099,3046
4100,2953
4101,3100
4102,3053
4103,3082
4104,3096
4105,3123
4106,3164
4107,3096
4108,3100
4109,3110
4110,3119
4111,3232
4112,3227
4113,3119
4114,3102
4115,3123
4116,3166
4117,3136
4118,3081
4119,3159
4120,3072
4121,3169
4122,3077
4123,3190
4124,3135
4125,3166
4126,3136
4127,3224
4128,3364
4129,3103
4130,3119
4131,3200
4132,3193
4133,3247
4134,3257
4135,3257
4136,3338
4137,3257
4138,3217
4139,3380
4140,3328
4141,3313
4142,3253
4143,3331
4144,3381
4145,3369
4146,3264
4147,3257
4148,3327
4149,3353
4150,3196
4151,3264
4152,3363
4153,3270
4154,3395
4155,3286
4156,3395
4157,3429
4158,3307
4159,3435
4160,3482
4161,3453
4162,3310
4163,3505
4164,3341
4165,3426
4166,3443
4167,3442
4168,3491
4169,3309
4170,3438
4171,3491
4172,3418
4173,3332
4174,3444
4175,3443
4176,3520
4177,3478
4178,3575
4179,3482
4180,3518
4181,3437
4182,3498
4183,3490
4184,3525
4185,3495
4186,3615
4187,3484
4188,3547
4189,3533
4190,3505
4191,3567
4192,3589
4193,3555
4194,3596
4195,3579
4196,3508
4197,3517
4198,3651
4199,3663
4200,3603
4201,3693
4202,3543
4203,3628
4204,3678
4205,3620
4206,3559
4207,3549
4208,3767
4209,3651
4210,3625
4211,3531
4212,3655
4213,3666
4214,3679
4215,3623
4216,3666
4217,3744
4218,3716
4219,3764
4220,3828
4221,3650
4222,3678
4223,3687
4224,3638
4225,3688
4226,3673
4227,3746
4228,3775
4229,3793
4230,3857
4231,3780
4232,3760
4233,3844
4234,3791
4235,3827
4236,3732
4237,3776
4238,3867
4239,3909
4240,3745
4241,3759
4242,3918
4243,3815
4244,3750
4245,3986
4246,3780
4247,3866
4248,3840
4249,3749
4250,3881
4251,3926
4252,3870
4253,3838
4254,3884
4255,3942
4256,3884
4257,3937
4258,3838
4259,3972
4260,3882
4261,3806
4262,4026
4263,4031
4264,4052
4265,3866
4266,3932
4267,4070
4268,4069
4269,3973
4270,4036
4271,3965
4272,3869
4273,4011
4274,4007
4275,4057
4276,4148
4277,4015
4278,4095
4279,3988
4280,4099
4281,4098
4282,3974
4283,4128
4284,4031
4285,4228
4286,4150
4287,4134
4288,4095
4289,4095
4290,4085
4291,4081
4292,4158
4293,4258
4294,4245
4295,4086
4296,4165
4297,4136
4298,4147
4299,4201
4300,4202
4301,4292
4302,4188
4303,4284
4304,4293
4305,4286
4306,4245
4307,4097
4308,4223
4309,4269
4310,4237
4311,4235
4312,4237
4313,4231
4314,4298
4315,4377
4316,4255
4317,4335
4318,4211
4319,4327
4320,4121
4321,4203
4322,4367
4323,4248
4324,4213
4325,4399
4326,4357
4327,4298
4328,4241
4329,4348
4330,4339
4331,4336
4332,4386
4333,4464
4334,4404
4335,4329
4336,4463
4337,4289
4338,4472
4339,4332
4340,4385
4341,4409
4342,4385
4343,4388
4344,4501
4345,4514
4346,4430
4347,4431
4348,4367
4349,4684
4350,4524
4351,4551
4352,4596
4353,4402
4354,4533
4355,4395
4356,4577
4357,4690
4358,4449
4359,4580
4360,4525
4361,4528
4362,4562
4363,4697
4364,4557
4365,4511
4366,4640
4367,4517
4368,4635
4369,4573
4370,4681
4371,4658
4372,4587
4373,4608
4374,4607
4375,4580
4376,4623
4377,4556
4378,4621
4379,4688
4380,4637
4381,4690
4382,4658
4383,4682
4384,4692
4385,4740
4386,4803
4387,4686
4388,4651
4389,4752
4390,4751
4391,4759
4392,4623
4393,4811
4394,4713
4395,4785
4396,4760
4397,4742
4398,4707
4399,4729
4400,4798
4401,4885
4402,4694
4403,4862
4404,4766
4405,4772
4406,4695
4407,4803
4408,4956
4409,4862
4410,4829
4411,4823
4412,4767
4413,4897
4414,4936
4415,4814
4416,4924
4417,4874
4418,4931
4419,4845
4420,4807
4421,4829
4422,4966
4423,4849
4424,4815
4425,4874
4426,4799
4427,4935
4428,4915
4429,5063
4430,5006
4431,4977
4432,5062
4433,5064
4434,5040
4435,4970
4436,5041
4437,5011
4438,5057
4439,5126
4440,5091
4441,5006
4442,5106
4443,4943
4444,4985
4445,5171
4446,5075
4447,5051
4448,5023
4449,5145
4450,5134
4451,5172
4452,5051
4453,5098
4454,5168
4455,5081
4456,5103
4457,5063
4458,5090
4459,5064
4460,4994
4461,5152
4462,5252
4463,5121
4464,5237
4465,5242
4466,5126
4467,5183
4468,5174
4469,5107
4470,5279
4471,5139
4472,5051
4473,5223
4474,5257
4475,5183
4476,5290
4477,5248
4478,5252
4479,5301
4480,5247
4481,5293
4482,5157
4483,5234
4484,5342
4485,5136
4486,5359
4487,5255
4488,5134
4489,5091
4490,5227
4491,5319
4492,5311
4493,5347
4494,5186
4495,5375
4496,5296
4497,5443
4498,5298
4499,5442
4500,5359
4501,5335
4502,5425
4503,5320
4504,5310
4505,5324
4506,5336
4507,5329
4508,5445
4509,5295
4510,5505
4511,5450
4512,5421
4513,5369
4514,5445
4515,5542
4516,5530
4517,5375
4518,5440
4519,5499
4520,5575
4521,5488
4522,5455
4523,5471
4524,5387
4525,5468
4526,5471
4527,5471
4528,5572
4529,5449
4530,5415
4531,5650
4532,5532
4533,5375
4534,5665
4535,5549
4536,5511
4537,5542
4538,5566
4539,5612
4540,5352
4541,5424
4542,5802
4543,5485
4544,5618
4545,5573
4546,5713
4547,5610
4548,5668
4549,5676
4550,5679
4551,5656
4552,5697
4553,5612
4554,5556
4555,5718
4556,5754
4557,5596
4558,5631
4559,5658
4560,5793
4561,5591
4562,5684
4563,5719
4564,5848
4565,5602
4566,5684
4567,5727
4568,5773
4569,5843
4570,5804
4571,5816
4572,5666
4573,5672
4574,5747
4575,5865
4576,5712
4577,5645
4578,5781
4579,5971
4580,5844
4581,5907
4582,5913
4583,5745
4584,5748
4585,5767
4586,5747
4587,5895
4588,5881
4589,5696
4590,5817
4591,5742
4592,5940
4593,5726
4594,5849
4595,5793
4596,5914
4597,5983
4598,5725
4599,5933
4600,5772
4601,5899
4602,6051
4603,5970
4604,5837
4605,6005
4606,5905
4607,6018
4608,5960
4609,5975
4610,6017
4611,5832
4612,6039
4613,6064
4614,6073
4615,5984
4616,6073
4617,6070
4618,5952
4619,6163
4620,6016
4621,6019
4622,6036
4623,5992
4624,6061
4625,5929
4626,6074
4627,6060
4628,5965
4629,6054
4630,6008
4631,6016
4632,6081
4633,6167
4634,6256
4635,6215
4636,6181
4637,5998
4638,6247
4639,6241
4640,6103
4641,6094
4642,6206
4643,6037
4644,6119
4645,6215
4646,6056
4647,6201
4648,6147
4649,6237
4650,6147
4651,6147
4652,6154
4653,6247
4654,6177
4655,6152
4656,6180
4657,6071
4658,6196
4659,6119
4660,6258
4661,6382
4662,6317
4663,6215
4664,6299
4665,6288
4666,6244
4667,6237
4668,6288
4669,6366
4670,6166
4671,6230
4672,6146
4673,6227
4674,6361
4675,6248
4676,6362
4677,6347
4678,6320
4679,6170
4680,6367
4681,6253
4682,6428
4683,6351
4684,6343
4685,6099
4686,6326
4687,6388
4688,6327
4689,6480
4690,6268
4691,6334
4692,6320
4693,6245
4694,6432
4695,6264
4696,6343
4697,6459
4698,6484
4699,6476
4700,6360
4701,6607
4702,6393
4703,6407
4704,6402
4705,6457
4706,6544
4707,6354
4708,6435
4709,6345
4710,6386
4711,6523
4712,6604
4713,6473
4714,6374
4715,6536
4716,6315
4717,6437
4718,6584
4719,6446
4720,6461
4721,6427
4722,6474
4723,6624
4724,6461
4725,6460
4726,6578
4727,6584
4728,6448
4729,6487
4730,6573
4731,6411
4732,6522
4733,6349
4734,6612
4735,6519
4736,6505
4737,6658
4738,6541
4739,6627
4740,6555
4741,6516
4742,6614
4743,6514
4744,6549
4745,6425
4746,6561
4747,6507
4748,6685
4749,6605
4750,6689
4751,6643
4752,6593
4753,6578
4754,6682
4755,6686
4756,6781
4757,6734
4758,6659
4759,6745
4760,6723
4761,6664
4762,6657
4763,6721
4764,6719
4765,6650
4766,6732
4767,6693
4768,6786
4769,6678
4770,6738
4771,6694
4772,6693
4773,6672
4774,6778
4775,6873
4776,6826
4777,6645
4778,6725
4779,6622
4780,6869
4781,6727
4782,6695
4783,6759
4784,6638
4785,6759
4786,6603
4787,6809
4788,6758
4789,6881
4790,6674
4791,6818
4792,6854
4793,6696
4794,6766
4795,6870
4796,6653
4797,6715
4798,6701
4799,6778
4800,6871
4801,6836
4802,6794
4803,6894
4804,6913
4805,6823
4806,6786
4807,6729
4808,6763
4809,7062
4810,6889
4811,6964
4812,6796
4813,6846
4814,6847
4815,6881
4816,6754
4817,6926
4818,6972
4819,7009
4820,6947
4821,6853
4822,6796
4823,6816
4824,6894
4825,6862
4826,6845
4827,6844
4828,6989
4829,6970
4830,6738
4831,6859
4832,6802
4833,6973
4834,6975
4835,7045
4836,6658
4837,6973
4838,6946
4839,6981
4840,7060
4841,6871
4842,6898
4843,6902
4844,7055
4845,6876
4846,6960
4847,6991
4848,6917
4849,6889
4850,6933
4851,6978
4852,6870
4853,7042
4854,6885
4855,6940
4856,7005
4857,6869
4858,7022
4859,7082
4860,6918
4861,6971
4862,7207
4863,7085
4864,7001
4865,7083
4866,6914
4867,6973
4868,6954
4869,6904
4870,6873
4871,7029
4872,6943
4873,6973
4874,6884
4875,7022
4876,7149
4877,7000
4878,7071
4879,7119
4880,7126
4881,6961
4882,7069
4883,6956
4884,6906
4885,7006
4886,7077
4887,7158
4888,7060
4889,7058
4890,7113
4891,6967
4892,7059
4893,7181
4894,7029
4895,7045
4896,7213
4897,7059
4898,7094
4899,7136
4900,6938
4901,7177
4902,6886
4903,7092
4904,7096
4905,6997
4906,7108
4907,7114
4908,7228
4909,7118
4910,7021
4911,7173
4912,7040
4913,7216
4914,7080
4915,6996
4916,7078
4917,7083
4918,7027
4919,7032
4920,7153
4921,6983
4922,6984
4923,7237
4924,6997
4925,7179
4926,7209
4927,7097
4928,7042
4929,7084
4930,7212
4931,7098
4932,7135
4933,7212
4934,7118
4935,6929
4936,7121
4937,7089
4938,7076
4939,7153
4940,7148
4941,7216
4942,7003
4943,7094
4944,7084
4945,7262
4946,7165
4947,7195
4948,7224
4949,7222
4950,7060
4951,7237
4952,7036
4953,7098
4954,6973
4955,7194
4956,7229
4957,7250
4958,7122
4959,7153
4960,7100
4961,6888
4962,7098
4963,7040
4964,7224
4965,7136
4966,7090
4967,7181
4968,7161
4969,7181
4970,7205
4971,7261
4972,7080
4973,7316
4974,7136
4975,7132
4976,7173
4977,7239
4978,7173
4979,7207
4980,7121
4981,7199
4982,7240
4983,7083
4984,7136
4985,7186
4986,7081
4987,7063
4988,7187
4989,7135
4990,7206
4991,7256
4992,7184
4993,7130
4994,7123
4995,7200
4996,7144
4997,7092
4998,7097
4999,7243
5000,7216
5001,7321
5002,7083
5003,7032
5004,7116
5005,7189
5006,7289
5007,7216
5008,7213
5009,7057
5010,7214
5011,7115
5012,7125
5013,7226
5014,7280
5015,7047
5016,7097
5017,7179
5018,6995
5019,7163
5020,7108
5021,7108
5022,7232
5023,7008
5024,7321
5025,7103
5026,7137
5027,7212
5028,7057
5029,7304
5030,7000
5031,7163
5032,7172
5033,7128
5034,6993
5035,7077
5036,7228
5037,7274
5038,7103
5039,7194
5040,7210
5041,7160
5042,7205
5043,7173
5044,7082
5045,7244
5046,7066
5047,7153
5048,7180
5049,7088
5050,7262
5051,7235
5052,7150
5053,7115
5054,7051
5055,7210
5056,7144
5057,7174
5058,7149
5059,7098
5060,7045
5061,7097
5062,7095
5063,7291
5064,7093
5065,7034
5066,7177
5067,7053
5068,7140
5069,7145
5070,7164
5071,7170
5072,7126
5073,7124
5074,7177
5075,6983
5076,7105
5077,7134
5078,7030
5079,7067
5080,7078
5081,7155
5082,6975
5083,7127
5084,6962
5085,7281
5086,7123
5087,7141
5088,7153
5089,7144
5090,7081
5091,7087
5092,7034
5093,7044
5094,7092
5095,7157
5096,7004
5097,7093
5098,7039
5099,7141
5100,6974
5101,7029
5102,6915
5103,7209
5104,6986
5105,7079
5106,7080
5107,6992
5108,7122
5109,6975
5110,7025
5111,7170
5112,7073
5113,7057
5114,7055
5115,6982
5116,6997
5117,6943
5118,7256
5119,7107
5120,7117
5121,7049
5122,6946
5123,7111
5124,6948
5125,7070
5126,7018
5127,7110
5128,7062
5129,6921
5130,6926
5131,6910
5132,7015
5133,7166
5134,6980
5135,7093
5136,7086
5137,6907
5138,7053
5139,6919
5140,6980
5141,6869
5142,7035
5143,6942
5144,6991
5145,6994
5146,7089
5147,7005
5148,7059
5149,6945
5150,7075
5151,6893
5152,6871
5153,6893
5154,7079
5155,7107
5156,6902
5157,7020
5158,6815
5159,6884
5160,6987
5161,6907
5162,7010
5163,6938
5164,6968
5165,6802
5166,6956
5167,6953
5168,6869
5169,6999
5170,6765
5171,7037
5172,6985
5173,6866
5174,6873
5175,6936
5176,6739
5177,6758
5178,6856
5179,6968
5180,6989
5181,6965
5182,6977
5183,6874
5184,6909
5185,6855
5186,6984
5187,6945
5188,6962
5189,6888
5190,6828
5191,6855
5192,6813
5193,6898
5194,6735
5195,6919
5196,6651
5197,6810
5198,6889
5199,6899
5200,6845
5201,6846
5202,6933
5203,6839
5204,6674
5205,6878
5206,6829
5207,6733
5208,7020
5209,6769
5210,6743
5211,6708
5212,6818
5213,6658
5214,6793
5215,6602
5216,6614
5217,6794
5218,6829
5219,6846
5220,6703
5221,6751
5222,6642
5223,6743
5224,6808
5225,6642
5226,6750
5227,6754
5228,6743
5229,6583
5230,6727
5231,6616
5232,6691
5233,6737
5234,6675
5235,6571
5236,6645
5237,6817
5238,6533
5239,6688
5240,6619
5241,6698
5242,6642
5243,6722
5244,6848
5245,6562
5246,6570
5247,6717
5248,6597
5249,6726
5250,6738
5251,6595
5252,6522
5253,6675
5254,6670
5255,6514
5256,6568
5257,6604
5258,6648
5259,6415
5260,6674
5261,6653
5262,6607
5263,6508
5264,6692
5265,6569
5266,6629
5267,6646
5268,6628
5269,6370
5270,6552
5271,6597
5272,6558
5273,6456
5274,6628
5275,6560
5276,6432
5277,6595
5278,6374
5279,6532
5280,6351
5281,6394
5282,6539
5283,6593
5284,6550
5285,6496
5286,6359
5287,6479
5288,6530
5289,6454
5290,6356
5291,6302
5292,6523
5293,6436
5294,6497
5295,6393
5296,6349
5297,6477
5298,6457
5299,6324
5300,6472
5301,6473
5302,6445
5303,6334
5304,6293
5305,6369
5306,6497
5307,6339
5308,6387
5309,6330
5310,6310
5311,6374
5312,6510
5313,6350
5314,6233
5315,6350
5316,6396
5317,6391
5318,6197
5319,6279
5320,6398
5321,6171
5322,6328
5323,6397
5324,6310
5325,6355
5326,6360
5327,6272
5328,6413
5329,6203
5330,6262
5331,6200
5332,6047
5333,6267
5334,6297
5335,6079
5336,6175
5337,6204
5338,6242
5339,6279
5340,6284
5341,6219
5342,6186
5343,6320
5344,6200
5345,6239
5346,6147
5347,6191
5348,6178
5349,6025
5350,6243
5351,6298
5352,6129
5353,6220
5354,6226
5355,6073
5356,6217
5357,6197
5358,6201
5359,6137
5360,6059
5361,6102
5362,6158
5363,6039
5364,6091
5365,6101
5366,6141
5367,6214
5368,6070
5369,6080
5370,6062
5371,6172
5372,6077
5373,5991
5374,6028
5375,6021
5376,6118
5377,6075
5378,6121
5379,6082
5380,6062
5381,5898
5382,5986
5383,6110
5384,5956
5385,5951
5386,5968
5387,5970
5388,6155
5389,5998
5390,5974
5391,6027
5392,5886
5393,5904
5394,6023
5395,6073
5396,5913
5397,5796
5398,5941
5399,5939
5400,5864
5401,5997
5402,5999
5403,5957
5404,5775
5405,5910
5406,5936
5407,5803
5408,5973
5409,5684
5410,5850
5411,5782
5412,5705
5413,5857
5414,5809
5415,5680
5416,5772
5417,5818
5418,5760
5419,5829
5420,5757
5421,5757
5422,5686
5423,5758
5424,5661
5425,5851
5426,5656
5427,5722
5428,5698
5429,5651
5430,5700
5431,5760
5432,5598
5433,5640
5434,5642
5435,5711
5436,5726
5437,5710
5438,5710
5439,5625
5440,5571
5441,5670
5442,5680
5443,5738
5444,5706
5445,5515
5446,5665
5447,5731
5448,5685
5449,5527
5450,5696
5451,5733
5452,5701
5453,5603
5454,5649
5455,5736
5456,5615
5457,5549
5458,5683
5459,5598
5460,5500
5461,5644
5462,5507
5463,5575
5464,5552
5465,5707
5466,5609
5467,5593
5468,5488
5469,5531
5470,5471
5471,5607
5472,5508
5473,5619
5474,5592
5475,5610
5476,5431
5477,5494
5478,5487
5479,5495
5480,5410
5481,5503
5482,5410
5483,5410
5484,5395
5485,5477
5486,5569
5487,5560
5488,5435
5489,5433
5490,5436
5491,5378
5492,5347
5493,5490
5494,5502
5495,5432
5496,5372
5497,5330
5498,5350
5499,5482
5500,5372
5501,5470
5502,5313
5503,5293
5504,5118
5505,5320
5506,5371
5507,5323
5508,5230
5509,5139
5510,5286
5511,5275
5512,5216
5513,5249
5514,5218
5515,5413
5516,5232
5517,5240
5518,5276
5519,5176
5520,5227
5521,5186
5522,5261
5523,5325
5524,5215
5525,5180
5526,5272
5527,5198
5528,5271
5529,5129
5530,5247
5531,5250
5532,5093
5533,5087
5534,5254
5535,5098
5536,5073
5537,5110
5538,5144
5539,5180
5540,5063
5541,5059
5542,5148
5543,5069
5544,5059
5545,5097
5546,5059
5547,4977
5548,5050
5549,5175
5550,5048
5551,5078
5552,5011
5553,5119
5554,5074
5555,5056
5556,4864
5557,5115
5558,5023
5559,4980
5560,4930
5561,5049
5562,4959
5563,5174
5564,4914
5565,5017
5566,5034
5567,5014
5568,4929
5569,4967
5570,4915
5571,5017
5572,4856
5573,4819
5574,4953
5575,4919
5576,4772
5577,4788
5578,4898
5579,4991
5580,4894
5581,4773
5582,4877
5583,4782
5584,4929
5585,4866
5586,4985
5587,4759
5588,4857
5589,4778
5590,4786
5591,4839
5592,4921
5593,4692
5594,4795
5595,4751
5596,4957
5597,4754
5598,4851
5599,4685
5600,4784
5601,4726
5602,4889
5603,4781
5604,4740
5605,4646
5606,4763
5607,4714
5608,4779
5609,4802
5610,4678
5611,4667
5612,4577
5613,4614
5614,4751
5615,4606
5616,4643
5617,4605
5618,4711
5619,4782
5620,4614
5621,4555
5622,4572
5623,4536
5624,4560
5625,4697
5626,4479
5627,4449
5628,4587
5629,4462
5630,4465
5631,4664
5632,4509
5633,4577
5634,4570
5635,4538
5636,4560
5637,4489
5638,4445
5639,4582
5640,4519
5641,4447
5642,4464
5643,4529
5644,4464
5645,4353
5646,4540
5647,4352
5648,4403
5649,4583
5650,4535
5651,4514
5652,4376
5653,4441
5654,4458
5655,4479
5656,4478
5657,4380
5658,4401
5659,4446
5660,4360
5661,4388
5662,4312
5663,4475
5664,4433
5665,4316
5666,4272
5667,4297
5668,4371
5669,4266
5670,4311
5671,4386
5672,4354
5673,4315
5674,4286
5675,4346
5676,4311
5677,4433
5678,4457
5679,4308
5680,4227
5681,4165
5682,4167
5683,4220
5684,4330
5685,4309
5686,4221
5687,4197
5688,4343
5689,4112
5690,4203
5691,4262
5692,4125
5693,4275
5694,4267
5695,4113
5696,4257
5697,4150
5698,4089
5699,4154
5700,4164
5701,4192
5702,4165
5703,4107
5704,4187
5705,4046
5706,4073
5707,4087
5708,4186
5709,4197
5710,4113
5711,4183
5712,4070
5713,4078
5714,4119
5715,4167
5716,4135
5717,4073
5718,4068
5719,4066
5720,4070
5721,4014
5722,4208
5723,3958
5724,4091
5725,4028
5726,4101
5727,3938
5728,4053
5729,3998
5730,3954
5731,3928
5732,4031
5733,3942
5734,3946
5735,3823
5736,4021
5737,3908
5738,4000
5739,3940
5740,4031
5741,3943
5742,3927
5743,3948
5744,4054
5745,3867
5746,3911
5747,3850
5748,3866
5749,3941
5750,3933
5751,3879
5752,3814
5753,3908
5754,3769
5755,3897
5756,3951
5757,3892
5758,3932
5759,3804
5760,3766
5761,3854
5762,3916
5763,3762
5764,3718
5765,3724
5766,3721
5767,3725
5768,3893
5769,3752
5770,3862
5771,3756
5772,3765
5773,3721
5774,3645
5775,3696
5776,3705
5777,3700
5778,3852
5779,3690
5780,3816
5781,3647
5782,3777
5783,3658
5784,3686
5785,3679
5786,3645
5787,3600
5788,3547
5789,3635
5790,3685
5791,3649
5792,3603
5793,3559
5794,3616
5795,3666
5796,3479
5797,3542
5798,3603
5799,3694
5800,3520
5801,3576
5802,3599
5803,3583
5804,3630
5805,3637
5806,3553
5807,3565
5808,3593
5809,3593
5810,3621
5811,3541
5812,3496
5813,3523
5814,3568
5815,3507
5816,3529
5817,3472
5818,3539
5819,3413
5820,3548
5821,3425
5822,3517
5823,3541
5824,3499
5825,3482
5826,3509
5827,3418
5828,3423
5829,3395
5830,3510
5831,3546
5832,3382
5833,3354
5834,3447
5835,3405
5836,3436
5837,3363
5838,3533
5839,3413
5840,3383
5841,3410
5842,3288
5843,3347
5844,3273
5845,3300
5846,3342
5847,3281
5848,3400
5849,3456
5850,3374
5851,3423
5852,3451
5853,3233
5854,3172
5855,3236
5856,3324
5857,3166
5858,3242
5859,3296
5860,3246
5861,3292
5862,3356
5863,3122
5864,3350
5865,3228
5866,3284
5867,3277
5868,3297
5869,3205
5870,3167
5871,3326
5872,3241
5873,3191
5874,3197
5875,3184
5876,3212
5877,3162
5878,3240
5879,3111
5880,3151
5881,3180
5882,3140
5883,3113
5884,3076
5885,3187
5886,3125
5887,3139
5888,3204
5889,3133
5890,3164
5891,3095
5892,3059
5893,3162
5894,3148
5895,3029
5896,3136
5897,3017
5898,3073
5899,3097
5900,3069
5901,3069
5902,3019
5903,3086
5904,3044
5905,3033
5906,3012
5907,2958
5908,3046
5909,2993
5910,2936
5911,2979
5912,2980
5913,2925
5914,2973
5915,3104
5916,2936
5917,2944
5918,2910
5919,2982
5920,3002
5921,3011
5922,3041
5923,2861
5924,2916
5925,2919
5926,2993
5927,2887
5928,2988
5929,3023
5930,2851
5931,2893
5932,2839
5933,2899
5934,2816
5935,2843
5936,2848
5937,2897
5938,2875
5939,2909
5940,2782
5941,2939
5942,2886
5943,2844
5944,2867
5945,2908
5946,2933
5947,2778
5948,2801
5949,2757
5950,2795
5951,2747
5952,2908
5953,2840
5954,2739
5955,2851
5956,2736
5957,2850
5958,2897
5959,2728
5960,2859
5961,2799
5962,2733
5963,2785
5964,2773
5965,2688
5966,2642
5967,2804
5968,2649
5969,2708
5970,2808
5971,2792
5972,2770
5973,2826
5974,2811
5975,2813
5976,2672
5977,2728
5978,2620
5979,2648
5980,2742
5981,2586
5982,2591
5983,2649
5984,2601
5985,2655
5986,2671
5987,2558
5988,2589
5989,2671
5990,2627
5991,2675
5992,2634
5993,2665
5994,2539
5995,2664
5996,2542
5997,2504
5998,2550
5999,2555
6000,2549
6001,2634
6002,2510
6003,2620
6004,2498
6005,2650
6006,2531
6007,2608
6008,2576
6009,2484
6010,2537
6011,2500
6012,2462
6013,2590
6014,2599
6015,2566
6016,2557
6017,2500
6018,2463
6019,2490
6020,2557
6021,2446
6022,2512
6023,2490
6024,2514
6025,2568
6026,2523
6027,2492
6028,2438
6029,2520
6030,2473
6031,2353
6032,2531
6033,2461
6034,2402
6035,2457
6036,2383
6037,2395
6038,2462
6039,2459
6040,2469
6041,2285
6042,2374
6043,2405
6044,2383
6045,2397
6046,2429
6047,2418
6048,2357
6049,2468
6050,2339
6051,2405
6052,2399
6053,2278
6054,2342
6055,2340
6056,2279
6057,2374
6058,2294
6059,2324
6060,2300
6061,2267
6062,2353
6063,2282
6064,2293
6065,2278
6066,2255
6067,2240
6068,2308
6069,2217
6070,2208
6071,2222
6072,2311
6073,2303
6074,2270
6075,2284
6076,2213
6077,2238
6078,2299
6079,2261
6080,2338
6081,2268
6082,2062
6083,2280
6084,2217
6085,2207
6086,2206
6087,2209
6088,2117
6089,2199
6090,2229
6091,2274
6092,2189
6093,2213
6094,2170
6095,2134
6096,2181
6097,2249
6098,2107
6099,2128
6100,2143
6101,2111
6102,2199
6103,2171
6104,2163
6105,2142
6106,2181
6107,2172
6108,2162
6109,2041
6110,1999
6111,2077
6112,2111
6113,2132
6114,2043
6115,2093
6116,2116
6117,2133
6118,2098
6119,2093
6120,2102
6121,2017
6122,2091
6123,2036
6124,1972
6125,2132
6126,2074
6127,2005
6128,2085
6129,2056
6130,2023
6131,1956
6132,2018
6133,2075
6134,2008
6135,2078
6136,1977
6137,1987
6138,2006
6139,1977
6140,1993
6141,2022
6142,1950
6143,2069
6144,1984
6145,1958
6146,1923
6147,1962
6148,1972
6149,1964
6150,1953
6151,1969
6152,1870
6153,2014
6154,1965
6155,1882
6156,1926
6157,1952
6158,1877
6159,1894
6160,1922
6161,1927
6162,1861
6163,1845
6164,2009
6165,1892
6166,1934
6167,1862
6168,1917
6169,1814
6170,1828
6171,1905
6172,1830
6173,1876
6174,1839
6175,1823
6176,1885
6177,1881
6178,1871
6179,1822
6180,1905
6181,1770
6182,1755
6183,1807
6184,1875
6185,1809
6186,1828
6187,1833
6188,1854
6189,1802
6190,1757
6191,1803
6192,1815
6193,1772
6194,1825
6195,1723
6196,1798
6197,1715
6198,1788
6199,1860
6200,1693
6201,1820
6202,1779
6203,1791
6204,1736
6205,1839
6206,1668
6207,1807
6208,1744
6209,1723
6210,1690
6211,1762
6212,1683
6213,1759
6214,1723
6215,1683
6216,1715
6217,1710
6218,1676
6219,1694
6220,1702
6221,1721
6222,1723
6223,1649
6224,1699
6225,1723
6226,1704
6227,1658
6228,1737
6229,1693
6230,1681
6231,1663
6232,1666
6233,1681
6234,1576
6235,1658
6236,1684
6237,1569
6238,1677
6239,1604
6240,1602
6241,1597
6242,1616
6243,1544
6244,1600
6245,1700
6246,1598
6247,1574
6248,1613
6249,1604
6250,1615
6251,1557
6252,1699
6253,1536
6254,1597
6255,1639
6256,1576
6257,1576
6258,1594
6259,1579
6260,1525
6261,1601
6262,1545
6263,1619
6264,1527
6265,1504
6266,1582
6267,1596
6268,1502
6269,1483
6270,1521
6271,1438
6272,1499
6273,1433
6274,1504
6275,1514
6276,1477
6277,1527
6278,1523
6279,1463
6280,1465
6281,1536
6282,1490
6283,1515
6284,1499
6285,1477
6286,1430
6287,1386
6288,1465
6289,1440
6290,1455
6291,1453
6292,1489
6293,1420
6294,1452
6295,1428
6296,1465
6297,1424
6298,1404
6299,1445
6300,1485
6301,1341
6302,1348
6303,1425
6304,1383
6305,1427
6306,1331
6307,1416
6308,1417
6309,1371
6310,1367
6311,1376
6312,1391
6313,1404
6314,1362
6315,1404
6316,1409
6317,1420
6318,1323
6319,1296
6320,1354
6321,1360
6322,1397
6323,1421
6324,1389
6325,1361
6326,1360
6327,1377
6328,1279
6329,1331
6330,1326
6331,1303
6332,1295
6333,1354
6334,1370
6335,1355
6336,1319
6337,1372
6338,1353
6339,1290
6340,1340
6341,1260
6342,1379
6343,1237
6344,1263
6345,1247
6346,1213
6347,1273
6348,1266
6349,1253
6350,1210
6351,1310
6352,1297
6353,1292
6354,1250
6355,1253
6356,1289
6357,1233
6358,1257
6359,1225
6360,1259
6361,1292
6362,1231
6363,1294
6364,1274
6365,1223
6366,1197
6367,1191
6368,1202
6369,1280
6370,1212
6371,1190
6372,1147
6373,1127
6374,1228
6375,1205
6376,1156
6377,1211
6378,1171
6379,1215
6380,1179
6381,1182
6382,1134
6383,1240
6384,1149
6385,1204
6386,1153
6387,1144
6388,1189
6389,1192
6390,1169
6391,1195
6392,1165
6393,1138
6394,1164
6395,1146
6396,1165
6397,1178
6398,1119
6399,1170
6400,1103
6401,1130
6402,1060
6403,1121
6404,1092
6405,1117
6406,1106
6407,1056
6408,1101
6409,1100
6410,1119
6411,1029
6412,1073
6413,1062
6414,1106
6415,1035
6416,1100
6417,1088
6418,1118
6419,1072
6420,1049
6421,1116
6422,1034
6423,1078
6424,1026
6425,1049
6426,1055
6427,1065
6428,1060
6429,991
6430,987
6431,1058
6432,1012
6433,1020
6434,1040
6435,1119
6436,1007
6437,1074
6438,981
6439,991
6440,1042
6441,960
6442,1041
6443,999
6444,1012
6445,1001
6446,1010
6447,1029
6448,971
6449,1031
6450,1039
6451,1025
6452,951
6453,995
6454,944
6455,964
6456,1010
6457,984
6458,977
6459,979
6460,935
6461,976
6462,969
6463,902
6464,941
6465,975
6466,949
6467,959
6468,907
6469,983
6470,918
6471,973
6472,905
6473,900
6474,881
6475,907
6476,937
6477,913
6478,927
6479,935
6480,904
6481,903
6482,926
6483,907
6484,931
6485,925
6486,946
6487,911
6488,962
6489,880
6490,916
6491,877
6492,897
6493,904
6494,886
6495,899
6496,892
6497,889
6498,911
6499,903
6500,865
6501,818
6502,937
6503,872
6504,847
6505,847
6506,865
6507,792
6508,826
6509,833
6510,839
6511,791
6512,829
6513,830
6514,820
6515,863
6516,766
6517,808
6518,829
6519,834
6520,843
6521,833
6522,827
6523,805
6524,828
6525,783
6526,822
6527,803
6528,770
6529,778
6530,802
6531,782
6532,829
6533,791
6534,796
6535,800
6536,802
6537,790
6538,789
6539,704
6540,776
6541,792
6542,721
6543,785
6544,760
6545,781
6546,743
6547,821
6548,756
6549,776
6550,716
6551,721
6552,779
6553,736
6554,750
6555,789
6556,734
6557,771
6558,712
6559,769
6560,713
6561,747
6562,743
6563,680
6564,726
6565,715
6566,732
6567,729
6568,691
6569,725
6570,688
6571,674
6572,738
6573,653
6574,719
6575,641
6576,707
6577,702
6578,695
6579,670
6580,660
6581,717
6582,653
6583,685
6584,689
6585,683
6586,677
6587,623
6588,695
6589,701
6590,708
6591,657
6592,629
6593,675
6594,639
6595,617
6596,698
6597,676
6598,644
6599,620
6600,650
6601,656
6602,660
6603,651
6604,597
6605,629
6606,635
6607,640
6608,628
6609,668
6610,613
6611,624
6612,591
6613,628
6614,622
6615,599
6616,552
6617,611
6618,621
6619,634
6620,621
6621,656
6622,630
6623,572
6624,589
6625,557
6626,605
6627,552
6628,579
6629,596
6630,602
6631,604
6632,614
6633,589
6634,575
6635,533
6636,570
6637,530
6638,590
6639,540
6640,581
6641,505
6642,587
6643,541
6644,566
6645,552
6646,548
6647,517
6648,590
6649,527
6650,516
6651,543
6652,529
6653,552
6654,574
6655,541
6656,531
6657,548
6658,510
6659,536
6660,525
6661,506
6662,501
6663,497
6664,515
6665,523
6666,528
6667,490
6668,529
6669,493
6670,531
6671,492
6672,544
6673,497
6674,488
6675,519
6676,499
6677,487
6678,514
6679,498
6680,529
6681,510
6682,475
6683,478
6684,494
6685,497
6686,481
6687,481
6688,436
6689,484
6690,473
6691,476
6692,461
6693,497
6694,452
6695,461
6696,449
6697,463
6698,475
6699,444
6700,445
6701,486
6702,451
6703,458
6704,421
6705,436
6706,430
6707,440
6708,482
6709,422
6710,431
6711,421
6712,372
6713,416
6714,439
6715,432
6716,404
6717,419
6718,417
6719,431
6720,418
6721,434
6722,397
6723,414
6724,409
6725,422
6726,405
6727,373
6728,394
6729,402
6730,401
6731,437
6732,378
6733,422
6734,397
6735,397
6736,410
6737,403
6738,385
6739,372
6740,380
6741,365
6742,369
6743,373
6744,361
6745,382
6746,351
6747,380
6748,385
6749,374
6750,337
6751,364
6752,378
6753,348
6754,380
6755,347
6756,393
6757,367
6758,333
6759,349
6760,356
6761,356
6762,344
6763,393
6764,379
6765,363
6766,348
6767,379
6768,362
6769,318
6770,346
6771,330
6772,324
6773,310
6774,368
6775,343
6776,362
6777,328
6778,321
6779,356
6780,334
6781,286
6782,294
6783,351
6784,345
6785,300
6786,344
6787,339
6788,349
6789,315
6790,308
6791,319
6792,368
6793,347
6794,324
6795,311
6796,314
6797,318
6798,280
6799,336
6800,297
6801,315
6802,305
6803,307
6804,313
6805,283
6806,312
6807,302
6808,281
6809,303
6810,277
6811,297
6812,316
6813,287
6814,263
6815,262
6816,315
6817,294
6818,293
6819,293
6820,299
6821,277
6822,266
6823,270
6824,293
6825,281
6826,292
6827,263
6828,272
6829,257
6830,242
6831,302
6832,251
6833,296
6834,260
6835,257
6836,245
6837,259
6838,262
6839,252
6840,257
6841,249
6842,240
6843,236
6844,259
6845,252
6846,276
6847,258
6848,233
6849,249
6850,263
6851,263
6852,260
6853,228
6854,244
6855,253
6856,233
6857,213
6858,212
6859,224
6860,246
6861,248
6862,231
6863,256
6864,241
6865,199
6866,237
6867,234
6868,216
6869,223
6870,209
6871,230
6872,242
6873,218
6874,228
6875,239
6876,223
6877,222
6878,239
6879,223
6880,224
6881,228
6882,212
6883,189
6884,194
6885,203
6886,201
6887,208
6888,187
6889,216
6890,224
6891,205
6892,207
6893,199
6894,196
6895,202
6896,191
6897,204
6898,180
6899,206
6900,205
6901,189
6902,176
6903,179
6904,184
6905,189
6906,204
6907,194
6908,192
6909,176
6910,174
6911,209
6912,179
6913,198
6914,170
6915,185
6916,192
6917,183
6918,169
6919,169
6920,163
6921,176
6922,173
6923,155
6924,150
6925,151
6926,157
6927,168
6928,192
6929,159
6930,165
6931,190
6932,163
6933,167
6934,167
6935,154
6936,148
6937,138
6938,156
6939,175
6940,153
6941,174
6942,144
6943,181
6944,162
6945,145
6946,138
6947,167
6948,148
6949,157
6950,157
6951,152
6952,135
6953,144
6954,159
6955,149
6956,140
6957,125
6958,159
6959,120
6960,124
6961,133
6962,151
6963,155
6964,122
6965,143
6966,151
6967,138
6968,130
6969,128
6970,147
6971,127
6972,142
6973,124
6974,140
6975,114
6976,147
6977,121
6978,125
6979,152
6980,113
6981,123
6982,134
6983,119
6984,140
6985,103
6986,110
6987,126
6988,126
6989,129
6990,109
6991,126
6992,124
6993,134
6994,111
6995,116
6996,104
6997,125
6998,117
6999,120
7000,111
7001,101
7002,102
7003,101
7004,119
7005,103
7006,125
7007,103
7008,100
7009,95
7010,110
7011,123
7012,107
7013,106
7014,93
7015,113
7016,102
7017,92
7018,107
7019,125
7020,102
7021,102
7022,90
7023,106
7024,107
7025,99
7026,104
7027,104
7028,94
7029,95
7030,93
7031,96
7032,96
7033,103
7034,94
7035,91
7036,103
7037,98
7038,90
7039,83
7040,94
7041,81
7042,88
7043,91
7044,90
7045,86
7046,109
7047,94
7048,88
7049,79
7050,83
7051,72
7052,78
7053,90
7054,72
7055,72
7056,95
7057,77
7058,79
7059,76
7060,82
7061,72
7062,58
7063,70
7064,57
7065,85
7066,87
7067,55
7068,83
7069,65
7070,65
7071,60
7072,69
7073,73
7074,82
7075,81
7076,70
7077,72
7078,80
7079,55
7080,68
7081,74
7082,67
7083,73
7084,79
7085,69
7086,42
7087,71
7088,49
7089,56
7090,66
7091,62
7092,62
7093,53
7094,65
7095,52
7096,67
7097,58
7098,57
7099,58
7100,60
7101,44
7102,54
7103,71
7104,55
7105,63
7106,40
7107,57
7108,55
7109,46
7110,52
7111,48
7112,55
7113,56
7114,57
7115,50
7116,65
7117,54
7118,56
7119,60
7120,55
7121,62
7122,57
7123,53
7124,33
7125,44
7126,51
7127,44
7128,54
7129,59
7130,49
7131,58
7132,39
7133,48
7134,43
7135,52
7136,43
7137,36
7138,43
7139,43
7140,60
7141,56
7142,44
7143,48
7144,43
7145,46
7146,43
7147,37
7148,35
7149,27
7150,34
7151,43
7152,34
7153,36
7154,43
7155,32
7156,53
7157,39
7158,48
7159,26
7160,26
7161,29
7162,29
7163,37
7164,39
7165,35
7166,29
7167,43
7168,24
7169,31
7170,31
7171,39
7172,24
7173,26
7174,30
7175,42
7176,32
7177,38
7178,41
7179,40
7180,38
7181,46
7182,23
7183,35
7184,31
7185,24
7186,44
7187,39
7188,30
7189,33
7190,32
7191,36
7192,31
7193,19
7194,31
7195,21
7196,23
7197,33
7198,30
7199,27
7200,26
7201,23
7202,26
7203,22
7204,23
7205,37
7206,22
7207,21
7208,23
7209,25
7210,24
7211,19
7212,22
7213,22
7214,30
7215,21
7216,20
7217,27
7218,26
7219,27
7220,23
7221,28
7222,20
7223,28
7224,27
7225,24
7226,16
7227,25
7228,25
7229,18
7230,16
7231,19
7232,19
7233,21
7234,18
7235,17
7236,22
7237,11
7238,22
7239,21
7240,16
7241,22
7242,27
7243,23
7244,11
7245,15
7246,19
7247,26
7248,14
7249,16
7250,18
7251,14
7252,26
7253,17
7254,21
7255,12
7256,17
7257,17
7258,23
7259,23
7260,13
7261,18
7262,17
7263,9
7264,14
7265,12
7266,17
7267,21
7268,21
7269,25
7270,16
7271,23
7272,24
7273,14
7274,18
7275,22
7276,13
7277,13
7278,10
7279,12
7280,12
7281,16
7282,19
7283,9
7284,15
7285,14
7286,9
7287,11
7288,14
7289,16
7290,12
7291,10
7292,11
7293,17
7294,7
7295,11
7296,9
7297,8
7298,14
7299,8
7300,4
7301,15
7302,13
7303,11
7304,11
7305,7
7306,8
7307,12
7308,14
7309,13
7310,10
7311,9
7312,7
7313,13
7314,9
7315,15
7316,5
7317,9
7318,13
7319,9
7320,8
7321,11
7322,10
7323,8
7324,20
7325,7
7326,12
7327,14
7328,5
7329,4
7330,11
7331,10
7332,8
7333,7
7334,3
7335,10
7336,2
7337,14
7338,7
7339,7
7340,4
7341,6
7342,5
7343,9
7344,5
7345,13
7346,6
7347,5
7348,7
7349,6
7350,5
7351,15
7352,6
7353,10
7354,7
7355,4
7356,5
7357,2
7358,4
7359,8
7360,9
7361,9
7362,6
7363,8
7364,8
7365,5
7366,6
7367,4
7368,6
7369,8
7370,1
7371,8
7372,4
7373,4
7374,1
7375,2
7376,6
7377,5
7378,7
7379,6
7380,5
7381,5
7382,6
7383,4
7384,5
7385,6
7386,5
7387,5
7388,4
7389,1
7390,3
7391,3
7392,4
7393,3
7394,2
7395,7
7396,3
7397,5
7398,3
7400,1
7401,1
7402,2
7403,4
7404,2
7405,5
7406,4
7407,7
7408,3
7409,2
7410,6
7411,3
7412,6
7413,7
7414,5
7415,2
7416,4
7417,4
7419,2
7422,6
7423,1
7424,2
7425,5
7426,1
7427,1
7428,6
7429,4
7430,4
7431,1
7432,2
7433,4
7434,7
7435,1
7436,5
7437,4
7438,1
7439,4
7440,1
7441,6
7442,2
7443,2
7444,1
7445,1
7446,2
7447,1
7448,3
7449,3
7450,1
7451,2
7453,1
7454,3
7455,2
7456,1
7457,1
7458,1
7459,2
7460,3
7461,3
7462,1
7463,2
7464,2
7465,3
7466,1
7467,1
7468,3
7470,2
7472,2
7473,3
7474,3
7475,1
7476,2
7478,1
7479,1
7480,2
7481,2
7482,1
7483,2
7485,1
7486,1
7488,4
7490,3
7493,2
7495,2
7496,2
7497,1
7499,1
7500,1
7501,1
7502,1
7504,1
7505,3
7507,1
7508,1
7509,1
7513,1
7514,1
7515,1
7516,1
7518,1
7522,1
7523,1
7525,2
7526,1
7532,1
7534,1
7535,1
7536,1
7537,1
7541,1
7557,1
7558,1
7564,1
7566,1
7567,1
7573,1
7609,1
