4333,1
4395,1
4404,1
4405,1
4412,1
4414,1
4419,1
4421,1
4422,1
4427,1
4428,1
4429,1
4430,1
4431,2
4434,1
4435,1
4436,1
4439,1
4440,1
4442,1
4444,1
4446,1
4449,1
4450,1
4451,3
4452,2
4453,2
4454,2
4455,3
4456,1
4457,2
4458,1
4459,1
4460,2
4462,1
4463,2
4465,3
4466,1
4467,1
4468,3
4469,2
4470,5
4471,2
4472,4
4473,3
4474,9
4475,5
4476,6
4477,3
4478,2
4479,1
4480,4
4481,6
4482,7
4483,7
4484,8
4485,3
4486,6
4487,3
4488,1
4489,4
4490,6
4491,6
4492,8
4493,6
4494,4
4495,10
4496,4
4497,3
4498,9
4499,8
4500,8
4501,6
4502,4
4503,3
4504,5
4505,10
4506,7
4507,11
4508,8
4509,10
4510,13
4511,22
4512,6
4513,8
4514,14
4515,18
4516,12
4517,11
4518,12
4519,10
4520,7
4521,15
4522,19
4523,14
4524,9
4525,16
4526,22
4527,15
4528,13
4529,18
4530,22
4531,31
4532,26
4533,17
4534,26
4535,20
4536,23
4537,20
4538,24
4539,40
4540,28
4541,34
4542,24
4543,35
4544,33
4545,31
4546,31
4547,35
4548,47
4549,43
4550,41
4551,30
4552,42
4553,40
4554,48
4555,44
4556,45
4557,39
4558,46
4559,52
4560,57
4561,53
4562,60
4563,52
4564,67
4565,82
4566,84
4567,56
4568,66
4569,68
4570,78
4571,87
4572,91
4573,74
4574,70
4575,86
4576,87
4577,90
4578,84
4579,94
4580,101
4581,89
4582,90
4583,115
4584,100
4585,108
4586,120
4587,118
4588,112
4589,130
4590,130
4591,129
4592,129
4593,130
4594,150
4595,159
4596,164
4597,144
4598,142
4599,155
4600,158
4601,182
4602,183
4603,175
4604,177
4605,172
4606,173
4607,214
4608,226
4609,216
4610,238
4611,243
4612,226
4613,236
4614,281
4615,259
4616,275
4617,275
4618,277
4619,266
4620,278
4621,314
4622,293
4623,284
4624,319
4625,338
4626,346
4627,315
4628,354
4629,370
4630,395
4631,403
4632,389
4633,371
4634,424
4635,431
4636,467
4637,419
4638,455
4639,471
4640,492
4641,469
4642,503
4643,525
4644,506
4645,491
4646,534
4647,547
4648,606
4649,615
4650,578
4651,595
4652,620
4653,637
4654,684
4655,646
4656,709
4657,760
4658,706
4659,738
4660,790
4661,823
4662,749
4663,840
4664,834
4665,901
4666,879
4667,891
4668,927
4669,955
4670,965
4671,939
4672,997
4673,1030
4674,1064
4675,1091
4676,1097
4677,1102
4678,1174
4679,1142
4680,1189
4681,1294
4682,1266
4683,1290
4684,1288
4685,1395
4686,1357
4687,1421
4688,1455
4689,1438
4690,1535
4691,1585
4692,1552
4693,1620
4694,1647
4695,1597
4696,1758
4697,1723
4698,1771
4699,1883
4700,1908
4701,1934
4702,1934
4703,1974
4704,2035
4705,2081
4706,2096
4707,2098
4708,2183
4709,2227
4710,2312
4711,2260
4712,2339
4713,2463
4714,2445
4715,2489
4716,2553
4717,2628
4718,2689
4719,2781
4720,2829
4721,2818
4722,2896
4723,2806
4724,2935
4725,3003
4726,3163
4727,3174
4728,3241
4729,3320
4730,3420
4731,3399
4732,3439
4733,3700
4734,3667
4735,3720
4736,3665
4737,3830
4738,3820
4739,3854
4740,4037
4741,4059
4742,4223
4743,4270
4744,4322
4745,4315
4746,4566
4747,4665
4748,4629
4749,4756
4750,4770
4751,4902
4752,4937
4753,5007
4754,5102
4755,5230
4756,5303
4757,5481
4758,5387
4759,5524
4760,5662
4761,5687
4762,5859
4763,5910
4764,6193
4765,6048
4766,6239
4767,6330
4768,6501
4769,6446
4770,6578
4771,6825
4772,6848
4773,6959
4774,7040
4775,7253
4776,7253
4777,7349
4778,7664
4779,7713
4780,7607
4781,7891
4782,8183
4783,8135
4784,8299
4785,8482
4786,8541
4787,8613
4788,8889
4789,8857
4790,9110
4791,9274
4792,9263
4793,9563
4794,9516
4795,9774
4796,9673
4797,10162
4798,9991
4799,10361
4800,10266
4801,10531
4802,10813
4803,10745
4804,10941
4805,11205
4806,11203
4807,11514
4808,11586
4809,11812
4810,12045
4811,12070
4812,12219
4813,12489
4814,12698
4815,12716
4816,12877
4817,12810
4818,13336
4819,13213
4820,13699
4821,13902
4822,13959
4823,14260
4824,14143
4825,14544
4826,14656
4827,14713
4828,14773
4829,15045
4830,15585
4831,15201
4832,15441
4833,15855
4834,16022
4835,16228
4836,16309
4837,16545
4838,16722
4839,17060
4840,17198
4841,17345
4842,17715
4843,17683
4844,17838
4845,17931
4846,18142
4847,18674
4848,18573
4849,19020
4850,19105
4851,19558
4852,19508
4853,19853
4854,19903
4855,19855
4856,20021
4857,20337
4858,20615
4859,20991
4860,20847
4861,21142
4862,21556
4863,21541
4864,21991
4865,21912
4866,22175
4867,22519
4868,22669
4869,22544
4870,23349
4871,23147
4872,23633
4873,23738
4874,24086
4875,24266
4876,24357
4877,24549
4878,24858
4879,25190
4880,25123
4881,25386
4882,25229
4883,25679
4884,26035
4885,26299
4886,26592
4887,26295
4888,27081
4889,27009
4890,26897
4891,27523
4892,27764
4893,27987
4894,27873
4895,28225
4896,28583
4897,28689
4898,29138
4899,28956
4900,29552
4901,29393
4902,29462
4903,29927
4904,29813
4905,30531
4906,30475
4907,30700
4908,30913
4909,30839
4910,31162
4911,31531
4912,31686
4913,31733
4914,32275
4915,32406
4916,32687
4917,32455
4918,32836
4919,33256
4920,33368
4921,33323
4922,33581
4923,33704
4924,34141
4925,34369
4926,34218
4927,34497
4928,34525
4929,34939
4930,35013
4931,35618
4932,35280
4933,35410
4934,35575
4935,35608
4936,35582
4937,36056
4938,36026
4939,36452
4940,36669
4941,36712
4942,37147
4943,37056
4944,36866
4945,37530
4946,37359
4947,37877
4948,38013
4949,37835
4950,38064
4951,38251
4952,38374
4953,38333
4954,38884
4955,38582
4956,38725
4957,39126
4958,38872
4959,39362
4960,39234
4961,39266
4962,39566
4963,39908
4964,39705
4965,39971
4966,39783
4967,39871
4968,39703
4969,39954
4970,39705
4971,40339
4972,40358
4973,40485
4974,40300
4975,40760
4976,40787
4977,41030
4978,40699
4979,41005
4980,40661
4981,40772
4982,40907
4983,41167
4984,41178
4985,40898
4986,41109
4987,41014
4988,41168
4989,41321
4990,41366
4991,41575
4992,41573
4993,41439
4994,41085
4995,41351
4996,41650
4997,41536
4998,41436
4999,41414
5000,41348
5001,41646
5002,41194
5003,41302
5004,41650
5005,41386
5006,41552
5007,41257
5008,41350
5009,41469
5010,41165
5011,41049
5012,40802
5013,40973
5014,41460
5015,40984
5016,41285
5017,41048
5018,40926
5019,40773
5020,40669
5021,40729
5022,40958
5023,40634
5024,40758
5025,40297
5026,40557
5027,40272
5028,40178
5029,40190
5030,40367
5031,39953
5032,39820
5033,39586
5034,39527
5035,39628
5036,39199
5037,39599
5038,39634
5039,39387
5040,39388
5041,38841
5042,39260
5043,38886
5044,38640
5045,38617
5046,38688
5047,38536
5048,37898
5049,38492
5050,38297
5051,37729
5052,37850
5053,37753
5054,37633
5055,37119
5056,37345
5057,36726
5058,36776
5059,36928
5060,36977
5061,36312
5062,36231
5063,36352
5064,36278
5065,35684
5066,35223
5067,35597
5068,35478
5069,35312
5070,34931
5071,34923
5072,34412
5073,34416
5074,34386
5075,34068
5076,33552
5077,34046
5078,33781
5079,33412
5080,33409
5081,32807
5082,32500
5083,32330
5084,32490
5085,32474
5086,32139
5087,32038
5088,31428
5089,31474
5090,31170
5091,31202
5092,30866
5093,30509
5094,30747
5095,30200
5096,30297
5097,29823
5098,29664
5099,29576
5100,29048
5101,29246
5102,28912
5103,28609
5104,28448
5105,28220
5106,28158
5107,27727
5108,27618
5109,27599
5110,27143
5111,27008
5112,26571
5113,26591
5114,26613
5115,26415
5116,25695
5117,26015
5118,25507
5119,25356
5120,25361
5121,24911
5122,24803
5123,24478
5124,24324
5125,24151
5126,23912
5127,23733
5128,23513
5129,23483
5130,23051
5131,22975
5132,22593
5133,22394
5134,22380
5135,21996
5136,21633
5137,21475
5138,21266
5139,21318
5140,21068
5141,20858
5142,20752
5143,20298
5144,20523
5145,20228
5146,19710
5147,19590
5148,19356
5149,19388
5150,19038
5151,18708
5152,18574
5153,18479
5154,18254
5155,18168
5156,17569
5157,17840
5158,17520
5159,17309
5160,16895
5161,16819
5162,16844
5163,16716
5164,16250
5165,16313
5166,16024
5167,15801
5168,15485
5169,15486
5170,15582
5171,15244
5172,14931
5173,14737
5174,14524
5175,14552
5176,14148
5177,14134
5178,13908
5179,13688
5180,13640
5181,13210
5182,13226
5183,12916
5184,12985
5185,12740
5186,12429
5187,12443
5188,12164
5189,11999
5190,11998
5191,11804
5192,11534
5193,11400
5194,11087
5195,11093
5196,11021
5197,10661
5198,10937
5199,10513
5200,10448
5201,10479
5202,10196
5203,9758
5204,9805
5205,9680
5206,9573
5207,9388
5208,9312
5209,9182
5210,9032
5211,8907
5212,8798
5213,8647
5214,8627
5215,8429
5216,8332
5217,8092
5218,8123
5219,8034
5220,7745
5221,7655
5222,7711
5223,7667
5224,7301
5225,7170
5226,7189
5227,7025
5228,6906
5229,6806
5230,6603
5231,6441
5232,6525
5233,6304
5234,6285
5235,6046
5236,6076
5237,6024
5238,5934
5239,5612
5240,5784
5241,5587
5242,5573
5243,5515
5244,5315
5245,5275
5246,5180
5247,4972
5248,4951
5249,4900
5250,4875
5251,4799
5252,4653
5253,4496
5254,4438
5255,4384
5256,4344
5257,4283
5258,4199
5259,4108
5260,4104
5261,3955
5262,3828
5263,3816
5264,3614
5265,3770
5266,3522
5267,3575
5268,3451
5269,3397
5270,3270
5271,3317
5272,3124
5273,3125
5274,3212
5275,3057
5276,2919
5277,2914
5278,2873
5279,2762
5280,2687
5281,2690
5282,2623
5283,2512
5284,2653
5285,2424
5286,2444
5287,2406
5288,2343
5289,2373
5290,2200
5291,2321
5292,2225
5293,2185
5294,2093
5295,2144
5296,1946
5297,1951
5298,1992
5299,1855
5300,1805
5301,1819
5302,1778
5303,1728
5304,1755
5305,1671
5306,1682
5307,1604
5308,1605
5309,1516
5310,1575
5311,1392
5312,1389
5313,1468
5314,1390
5315,1316
5316,1212
5317,1199
5318,1163
5319,1243
5320,1242
5321,1151
5322,1171
5323,1096
5324,1159
5325,1064
5326,1090
5327,1058
5328,1016
5329,1018
5330,925
5331,925
5332,905
5333,902
5334,865
5335,860
5336,833
5337,861
5338,778
5339,820
5340,774
5341,708
5342,696
5343,732
5344,694
5345,650
5346,661
5347,652
5348,626
5349,653
5350,594
5351,618
5352,519
5353,593
5354,556
5355,550
5356,485
5357,545
5358,529
5359,476
5360,483
5361,489
5362,425
5363,447
5364,411
5365,395
5366,409
5367,392
5368,370
5369,402
5370,363
5371,355
5372,359
5373,354
5374,336
5375,320
5376,329
5377,291
5378,279
5379,327
5380,263
5381,267
5382,245
5383,267
5384,250
5385,217
5386,224
5387,250
5388,217
5389,207
5390,240
5391,208
5392,220
5393,225
5394,202
5395,186
5396,174
5397,187
5398,174
5399,169
5400,143
5401,151
5402,175
5403,146
5404,138
5405,150
5406,146
5407,133
5408,143
5409,112
5410,134
5411,112
5412,146
5413,116
5414,127
5415,128
5416,91
5417,101
5418,100
5419,89
5420,102
5421,94
5422,77
5423,102
5424,70
5425,73
5426,72
5427,63
5428,73
5429,64
5430,73
5431,83
5432,67
5433,74
5434,75
5435,71
5436,87
5437,48
5438,59
5439,57
5440,47
5441,52
5442,44
5443,43
5444,48
5445,34
5446,45
5447,50
5448,45
5449,41
5450,37
5451,38
5452,31
5453,43
5454,32
5455,39
5456,30
5457,37
5458,24
5459,33
5460,23
5461,35
5462,37
5463,24
5464,25
5465,23
5466,19
5467,21
5468,25
5469,18
5470,25
5471,20
5472,14
5473,14
5474,22
5475,28
5476,24
5477,21
5478,13
5479,13
5480,14
5481,14
5482,16
5483,7
5484,25
5485,10
5486,12
5487,12
5488,13
5489,9
5490,8
5491,12
5492,7
5493,5
5494,13
5495,9
5496,8
5497,5
5498,9
5499,3
5500,8
5501,4
5502,7
5503,9
5504,6
5505,7
5506,7
5507,7
5508,7
5509,5
5510,5
5511,3
5512,5
5513,3
5514,4
5515,7
5516,4
5517,4
5518,6
5519,4
5520,4
5521,8
5522,3
5523,3
5524,3
5525,3
5526,2
5528,4
5529,3
5530,3
5531,4
5532,3
5533,3
5534,3
5535,5
5536,1
5537,1
5538,1
5539,2
5540,2
5541,1
5542,2
5543,1
5545,1
5546,1
5547,1
5548,1
5551,1
5552,2
5555,3
5557,2
5558,1
5559,1
5560,2
5561,1
5562,1
5564,1
5571,1
5573,1
5581,1
5582,1
5584,1
5585,1
5588,1
5597,2
5603,1
5607,1
5614,1
5622,1
5634,1
