1538,1
1544,1
1546,1
1560,1
1576,1
1580,1
1582,1
1584,2
1592,2
1595,2
1597,1
1598,1
1601,1
1606,1
1607,1
1608,1
1609,2
1612,1
1614,3
1616,1
1617,2
1618,2
1619,1
1620,1
1622,1
1624,2
1626,1
1627,1
1628,1
1632,1
1635,1
1636,1
1637,1
1638,1
1639,1
1640,2
1641,2
1642,1
1644,3
1645,3
1646,3
1647,1
1648,2
1649,1
1651,1
1652,2
1653,4
1654,4
1655,2
1656,2
1657,3
1658,1
1660,4
1661,2
1662,5
1663,1
1664,4
1665,2
1666,2
1667,3
1668,3
1669,5
1670,4
1671,6
1672,2
1673,2
1674,3
1675,2
1676,1
1677,8
1678,4
1679,8
1680,3
1681,3
1682,7
1683,6
1684,11
1685,8
1686,7
1687,7
1688,5
1689,6
1690,5
1691,7
1692,8
1693,8
1694,7
1695,5
1696,7
1697,15
1698,10
1699,5
1700,8
1701,6
1702,10
1703,7
1704,11
1705,11
1706,7
1707,15
1708,8
1709,12
1710,10
1711,7
1712,10
1713,18
1714,13
1715,13
1716,18
1717,23
1718,16
1719,21
1720,15
1721,12
1722,19
1723,18
1724,16
1725,14
1726,18
1727,19
1728,18
1729,18
1730,18
1731,20
1732,19
1733,30
1734,21
1735,21
1736,22
1737,24
1738,26
1739,17
1740,33
1741,24
1742,23
1743,34
1744,29
1745,29
1746,25
1747,37
1748,36
1749,45
1750,41
1751,35
1752,33
1753,34
1754,41
1755,46
1756,37
1757,44
1758,29
1759,42
1760,44
1761,38
1762,52
1763,56
1764,39
1765,44
1766,59
1767,46
1768,51
1769,63
1770,66
1771,46
1772,72
1773,64
1774,58
1775,66
1776,59
1777,65
1778,67
1779,59
1780,63
1781,63
1782,70
1783,73
1784,76
1785,62
1786,73
1787,79
1788,76
1789,73
1790,87
1791,98
1792,104
1793,83
1794,83
1795,97
1796,92
1797,102
1798,94
1799,97
1800,104
1801,108
1802,113
1803,96
1804,91
1805,121
1806,139
1807,127
1808,126
1809,136
1810,121
1811,108
1812,129
1813,136
1814,151
1815,122
1816,132
1817,139
1818,143
1819,146
1820,157
1821,169
1822,153
1823,164
1824,172
1825,189
1826,186
1827,175
1828,156
1829,180
1830,187
1831,182
1832,193
1833,187
1834,181
1835,195
1836,183
1837,194
1838,221
1839,218
1840,234
1841,191
1842,230
1843,238
1844,257
1845,255
1846,228
1847,258
1848,230
1849,276
1850,263
1851,268
1852,249
1853,280
1854,297
1855,284
1856,266
1857,278
1858,276
1859,306
1860,323
1861,276
1862,330
1863,343
1864,326
1865,343
1866,350
1867,331
1868,332
1869,352
1870,362
1871,384
1872,377
1873,417
1874,395
1875,362
1876,436
1877,387
1878,418
1879,417
1880,430
1881,477
1882,450
1883,470
1884,474
1885,432
1886,440
1887,505
1888,495
1889,518
1890,474
1891,520
1892,534
1893,545
1894,508
1895,575
1896,562
1897,512
1898,570
1899,564
1900,583
1901,600
1902,620
1903,584
1904,607
1905,645
1906,639
1907,654
1908,662
1909,724
1910,677
1911,631
1912,686
1913,673
1914,691
1915,699
1916,743
1917,748
1918,752
1919,795
1920,750
1921,810
1922,799
1923,843
1924,861
1925,825
1926,845
1927,837
1928,832
1929,837
1930,870
1931,856
1932,900
1933,918
1934,932
1935,907
1936,990
1937,993
1938,948
1939,1012
1940,1014
1941,1056
1942,1016
1943,1067
1944,1034
1945,1071
1946,1056
1947,1099
1948,1111
1949,1148
1950,1136
1951,1117
1952,1135
1953,1179
1954,1142
1955,1229
1956,1195
1957,1214
1958,1276
1959,1266
1960,1214
1961,1366
1962,1264
1963,1292
1964,1431
1965,1366
1966,1381
1967,1314
1968,1372
1969,1390
1970,1398
1971,1428
1972,1435
1973,1444
1974,1490
1975,1444
1976,1505
1977,1533
1978,1464
1979,1517
1980,1581
1981,1594
1982,1553
1983,1709
1984,1715
1985,1671
1986,1645
1987,1760
1988,1780
1989,1723
1990,1760
1991,1732
1992,1866
1993,1791
1994,1786
1995,1879
1996,1855
1997,1794
1998,1922
1999,2014
2000,1981
2001,1951
2002,1959
2003,1974
2004,2060
2005,2015
2006,2014
2007,2079
2008,2100
2009,2098
2010,2114
2011,2191
2012,2197
2013,2172
2014,2258
2015,2265
2016,2232
2017,2403
2018,2300
2019,2348
2020,2346
2021,2349
2022,2362
2023,2373
2024,2456
2025,2340
2026,2520
2027,2429
2028,2538
2029,2563
2030,2569
2031,2627
2032,2612
2033,2508
2034,2706
2035,2650
2036,2768
2037,2725
2038,2721
2039,2806
2040,2759
2041,2864
2042,2766
2043,2766
2044,2949
2045,2975
2046,2931
2047,2942
2048,2977
2049,2919
2050,3079
2051,3222
2052,3155
2053,3124
2054,3202
2055,3111
2056,3301
2057,3199
2058,3182
2059,3323
2060,3286
2061,3444
2062,3279
2063,3386
2064,3412
2065,3418
2066,3407
2067,3507
2068,3419
2069,3489
2070,3513
2071,3540
2072,3648
2073,3679
2074,3711
2075,3651
2076,3677
2077,3814
2078,3771
2079,3868
2080,3785
2081,3804
2082,3731
2083,3710
2084,3899
2085,3887
2086,3890
2087,3825
2088,3950
2089,4058
2090,4029
2091,4080
2092,4067
2093,3970
2094,4202
2095,4290
2096,4237
2097,4210
2098,4130
2099,4313
2100,4276
2101,4343
2102,4269
2103,4485
2104,4437
2105,4496
2106,4385
2107,4503
2108,4403
2109,4578
2110,4549
2111,4504
2112,4631
2113,4625
2114,4473
2115,4588
2116,4587
2117,4699
2118,4744
2119,4787
2120,4825
2121,4784
2122,4887
2123,4893
2124,4822
2125,4938
2126,4853
2127,4996
2128,5050
2129,5016
2130,5149
2131,5026
2132,5024
2133,5150
2134,5082
2135,5264
2136,5142
2137,5208
2138,5314
2139,5246
2140,5385
2141,5266
2142,5452
2143,5352
2144,5325
2145,5360
2146,5430
2147,5413
2148,5393
2149,5392
2150,5419
2151,5575
2152,5512
2153,5602
2154,5746
2155,5878
2156,5618
2157,5748
2158,5822
2159,5726
2160,5683
2161,5902
2162,5991
2163,5851
2164,5922
2165,5792
2166,5952
2167,5966
2168,6108
2169,5943
2170,5981
2171,6187
2172,5964
2173,6191
2174,6208
2175,6158
2176,6216
2177,6291
2178,6228
2179,6143
2180,6163
2181,6305
2182,6374
2183,6338
2184,6304
2185,6349
2186,6542
2187,6380
2188,6528
2189,6405
2190,6435
2191,6503
2192,6429
2193,6586
2194,6616
2195,6615
2196,6706
2197,6804
2198,6653
2199,6877
2200,6729
2201,6672
2202,6790
2203,6790
2204,6844
2205,6798
2206,6978
2207,6796
2208,6779
2209,6928
2210,6824
2211,7075
2212,7009
2213,6883
2214,7067
2215,6914
2216,7143
2217,7060
2218,7191
2219,7196
2220,7150
2221,7122
2222,7060
2223,7194
2224,7132
2225,7170
2226,7246
2227,7238
2228,7185
2229,7369
2230,7360
2231,7263
2232,7167
2233,7289
2234,7335
2235,7337
2236,7353
2237,7496
2238,7440
2239,7485
2240,7524
2241,7510
2242,7672
2243,7413
2244,7568
2245,7433
2246,7540
2247,7752
2248,7704
2249,7501
2250,7639
2251,7602
2252,7739
2253,7661
2254,7637
2255,7825
2256,7815
2257,7730
2258,7818
2259,7699
2260,7794
2261,7890
2262,7898
2263,7916
2264,7864
2265,7862
2266,7811
2267,7897
2268,8016
2269,7870
2270,7932
2271,7909
2272,7993
2273,7951
2274,8026
2275,7859
2276,7902
2277,8145
2278,7877
2279,7958
2280,8053
2281,8225
2282,8071
2283,7966
2284,8073
2285,8034
2286,8124
2287,7978
2288,8018
2289,7991
2290,8156
2291,8142
2292,8121
2293,8188
2294,8134
2295,8160
2296,8174
2297,8217
2298,8244
2299,8217
2300,8181
2301,8267
2302,8170
2303,8414
2304,8274
2305,8109
2306,8357
2307,8020
2308,8311
2309,8390
2310,8258
2311,8270
2312,8262
2313,8205
2314,8466
2315,8210
2316,8447
2317,8475
2318,8424
2319,8405
2320,8459
2321,8260
2322,8264
2323,8387
2324,8308
2325,8242
2326,8262
2327,8325
2328,8214
2329,8421
2330,8307
2331,8300
2332,8558
2333,8221
2334,8448
2335,8331
2336,8462
2337,8176
2338,8433
2339,8256
2340,8313
2341,8363
2342,8296
2343,8323
2344,8200
2345,8296
2346,8426
2347,8551
2348,8410
2349,8424
2350,8205
2351,8331
2352,8334
2353,8231
2354,8362
2355,8617
2356,8482
2357,8204
2358,8331
2359,8577
2360,8495
2361,8490
2362,8420
2363,8370
2364,8477
2365,8407
2366,8515
2367,8450
2368,8421
2369,8314
2370,8358
2371,8423
2372,8335
2373,8435
2374,8442
2375,8330
2376,8321
2377,8400
2378,8283
2379,8416
2380,8431
2381,8338
2382,8399
2383,8332
2384,8413
2385,8363
2386,8401
2387,8199
2388,8259
2389,8345
2390,8387
2391,8320
2392,8075
2393,8312
2394,8198
2395,8294
2396,8384
2397,8421
2398,8169
2399,8307
2400,8413
2401,8315
2402,8320
2403,8230
2404,8195
2405,8227
2406,8367
2407,8195
2408,8254
2409,8100
2410,8125
2411,8246
2412,8140
2413,8320
2414,8138
2415,8129
2416,8038
2417,8318
2418,8155
2419,8306
2420,8303
2421,8174
2422,7948
2423,8288
2424,8319
2425,8189
2426,8223
2427,8035
2428,8122
2429,8088
2430,8057
2431,8166
2432,7869
2433,8018
2434,8088
2435,8004
2436,8023
2437,8016
2438,8031
2439,7888
2440,7895
2441,8073
2442,7997
2443,8026
2444,8089
2445,7966
2446,8028
2447,7838
2448,7925
2449,7904
2450,7788
2451,7838
2452,7757
2453,7835
2454,7798
2455,7803
2456,7879
2457,7670
2458,7907
2459,7917
2460,7777
2461,7788
2462,7720
2463,7690
2464,7633
2465,7764
2466,7597
2467,7684
2468,7729
2469,7683
2470,7702
2471,7710
2472,7547
2473,7674
2474,7558
2475,7529
2476,7682
2477,7575
2478,7525
2479,7619
2480,7594
2481,7555
2482,7407
2483,7465
2484,7517
2485,7440
2486,7439
2487,7599
2488,7408
2489,7358
2490,7511
2491,7369
2492,7402
2493,7457
2494,7365
2495,7386
2496,7245
2497,7324
2498,7310
2499,7327
2500,7296
2501,7320
2502,7189
2503,7199
2504,7250
2505,7172
2506,7249
2507,7169
2508,7253
2509,7125
2510,7279
2511,7272
2512,7008
2513,7200
2514,7123
2515,7138
2516,7078
2517,7141
2518,7240
2519,7062
2520,7090
2521,7078
2522,6862
2523,6919
2524,7024
2525,7038
2526,6997
2527,7126
2528,6941
2529,7003
2530,6917
2531,6782
2532,6786
2533,6975
2534,6865
2535,6765
2536,6768
2537,6879
2538,6954
2539,6811
2540,6784
2541,6859
2542,6809
2543,6715
2544,6682
2545,6646
2546,6601
2547,6664
2548,6656
2549,6452
2550,6592
2551,6629
2552,6579
2553,6673
2554,6692
2555,6638
2556,6485
2557,6485
2558,6428
2559,6433
2560,6525
2561,6458
2562,6402
2563,6410
2564,6481
2565,6401
2566,6486
2567,6432
2568,6319
2569,6473
2570,6293
2571,6359
2572,6345
2573,6175
2574,6191
2575,6319
2576,6257
2577,6389
2578,6330
2579,6215
2580,6159
2581,6161
2582,6213
2583,6115
2584,6227
2585,6117
2586,6084
2587,5978
2588,6021
2589,5985
2590,6001
2591,6079
2592,6101
2593,5995
2594,5893
2595,5933
2596,5979
2597,5995
2598,5982
2599,5957
2600,5916
2601,6061
2602,5922
2603,5881
2604,5918
2605,5904
2606,5748
2607,5952
2608,5907
2609,5731
2610,5879
2611,5693
2612,5706
2613,5789
2614,5712
2615,5684
2616,5825
2617,5696
2618,5626
2619,5668
2620,5664
2621,5715
2622,5525
2623,5576
2624,5557
2625,5461
2626,5563
2627,5540
2628,5431
2629,5465
2630,5453
2631,5554
2632,5377
2633,5379
2634,5475
2635,5396
2636,5331
2637,5390
2638,5473
2639,5359
2640,5335
2641,5229
2642,5084
2643,5346
2644,5369
2645,5206
2646,5161
2647,5197
2648,5183
2649,5266
2650,5201
2651,5268
2652,5177
2653,5213
2654,5268
2655,5201
2656,5113
2657,5158
2658,5085
2659,5156
2660,5053
2661,5097
2662,4959
2663,5116
2664,5182
2665,5125
2666,4930
2667,4895
2668,4945
2669,4877
2670,4954
2671,4781
2672,5036
2673,4878
2674,4817
2675,4942
2676,4810
2677,4784
2678,4889
2679,4762
2680,4923
2681,4733
2682,4650
2683,4733
2684,4876
2685,4728
2686,4667
2687,4697
2688,4828
2689,4614
2690,4576
2691,4525
2692,4641
2693,4619
2694,4720
2695,4612
2696,4628
2697,4493
2698,4535
2699,4457
2700,4564
2701,4411
2702,4513
2703,4489
2704,4461
2705,4517
2706,4463
2707,4315
2708,4392
2709,4443
2710,4328
2711,4397
2712,4395
2713,4361
2714,4295
2715,4277
2716,4364
2717,4340
2718,4214
2719,4251
2720,4287
2721,4213
2722,4285
2723,4229
2724,4122
2725,4154
2726,4188
2727,4143
2728,4126
2729,4243
2730,4002
2731,4031
2732,4129
2733,4092
2734,3957
2735,3952
2736,4116
2737,4104
2738,4099
2739,3911
2740,4018
2741,4009
2742,4064
2743,3929
2744,3989
2745,4007
2746,3951
2747,3910
2748,3836
2749,3723
2750,3987
2751,4017
2752,3918
2753,3791
2754,3859
2755,3862
2756,3930
2757,3885
2758,3687
2759,3771
2760,3788
2761,3763
2762,3797
2763,3742
2764,3632
2765,3679
2766,3644
2767,3653
2768,3668
2769,3654
2770,3651
2771,3668
2772,3652
2773,3680
2774,3503
2775,3546
2776,3504
2777,3516
2778,3528
2779,3499
2780,3561
2781,3571
2782,3447
2783,3543
2784,3575
2785,3464
2786,3428
2787,3596
2788,3457
2789,3437
2790,3411
2791,3405
2792,3344
2793,3316
2794,3470
2795,3423
2796,3454
2797,3301
2798,3349
2799,3204
2800,3312
2801,3300
2802,3305
2803,3280
2804,3346
2805,3270
2806,3209
2807,3211
2808,3271
2809,3161
2810,3134
2811,3137
2812,3204
2813,3184
2814,3226
2815,3084
2816,3249
2817,3192
2818,3164
2819,3138
2820,2950
2821,3170
2822,3085
2823,3019
2824,2984
2825,3097
2826,3023
2827,3100
2828,3121
2829,2968
2830,3066
2831,2966
2832,2946
2833,3015
2834,2969
2835,2976
2836,3059
2837,2917
2838,2969
2839,2974
2840,2940
2841,2919
2842,2927
2843,2813
2844,2885
2845,2924
2846,2847
2847,2915
2848,2865
2849,2789
2850,2765
2851,2862
2852,2849
2853,2755
2854,2815
2855,2860
2856,2766
2857,2878
2858,2775
2859,2718
2860,2799
2861,2719
2862,2687
2863,2760
2864,2682
2865,2596
2866,2690
2867,2715
2868,2690
2869,2653
2870,2596
2871,2699
2872,2572
2873,2585
2874,2567
2875,2533
2876,2542
2877,2587
2878,2477
2879,2397
2880,2518
2881,2574
2882,2544
2883,2587
2884,2448
2885,2521
2886,2469
2887,2618
2888,2522
2889,2511
2890,2499
2891,2557
2892,2439
2893,2538
2894,2363
2895,2419
2896,2423
2897,2516
2898,2423
2899,2328
2900,2329
2901,2301
2902,2360
2903,2484
2904,2321
2905,2438
2906,2331
2907,2354
2908,2428
2909,2271
2910,2339
2911,2253
2912,2308
2913,2250
2914,2291
2915,2198
2916,2334
2917,2209
2918,2178
2919,2288
2920,2321
2921,2162
2922,2156
2923,2147
2924,2216
2925,2144
2926,2201
2927,2220
2928,2177
2929,2201
2930,2142
2931,2145
2932,2095
2933,2133
2934,2086
2935,2176
2936,2059
2937,2018
2938,2150
2939,2160
2940,2115
2941,2085
2942,1979
2943,2032
2944,2074
2945,2160
2946,2002
2947,2033
2948,2107
2949,2113
2950,1987
2951,2037
2952,1980
2953,1969
2954,2083
2955,1997
2956,1956
2957,2028
2958,1974
2959,1973
2960,2031
2961,1964
2962,1911
2963,2010
2964,1916
2965,1936
2966,1989
2967,1897
2968,1944
2969,1887
2970,1921
2971,1881
2972,1911
2973,1856
2974,1914
2975,1849
2976,1937
2977,1888
2978,1871
2979,1821
2980,1911
2981,1800
2982,1840
2983,1772
2984,1793
2985,1839
2986,1933
2987,1905
2988,1765
2989,1835
2990,1862
2991,1836
2992,1781
2993,1796
2994,1803
2995,1790
2996,1759
2997,1736
2998,1749
2999,1819
3000,1697
3001,1748
3002,1748
3003,1734
3004,1726
3005,1607
3006,1707
3007,1663
3008,1744
3009,1763
3010,1700
3011,1698
3012,1640
3013,1637
3014,1698
3015,1631
3016,1639
3017,1675
3018,1636
3019,1649
3020,1640
3021,1626
3022,1588
3023,1640
3024,1674
3025,1641
3026,1626
3027,1547
3028,1581
3029,1488
3030,1607
3031,1630
3032,1588
3033,1579
3034,1592
3035,1552
3036,1541
3037,1535
3038,1489
3039,1453
3040,1535
3041,1520
3042,1563
3043,1549
3044,1510
3045,1592
3046,1476
3047,1503
3048,1469
3049,1457
3050,1487
3051,1496
3052,1550
3053,1515
3054,1515
3055,1562
3056,1534
3057,1428
3058,1446
3059,1459
3060,1453
3061,1478
3062,1458
3063,1441
3064,1377
3065,1423
3066,1440
3067,1402
3068,1336
3069,1383
3070,1428
3071,1353
3072,1371
3073,1390
3074,1376
3075,1386
3076,1369
3077,1400
3078,1382
3079,1398
3080,1365
3081,1351
3082,1347
3083,1394
3084,1310
3085,1362
3086,1356
3087,1292
3088,1330
3089,1266
3090,1289
3091,1338
3092,1266
3093,1260
3094,1284
3095,1334
3096,1305
3097,1257
3098,1351
3099,1363
3100,1354
3101,1279
3102,1291
3103,1285
3104,1201
3105,1203
3106,1279
3107,1199
3108,1209
3109,1254
3110,1209
3111,1236
3112,1255
3113,1256
3114,1212
3115,1221
3116,1255
3117,1240
3118,1223
3119,1172
3120,1210
3121,1197
3122,1221
3123,1191
3124,1282
3125,1216
3126,1209
3127,1207
3128,1219
3129,1227
3130,1152
3131,1142
3132,1157
3133,1124
3134,1160
3135,1152
3136,1189
3137,1098
3138,1134
3139,1149
3140,1139
3141,1160
3142,1175
3143,1161
3144,1090
3145,1169
3146,1115
3147,1134
3148,1102
3149,1123
3150,1122
3151,1117
3152,1085
3153,1094
3154,1043
3155,1080
3156,1102
3157,1081
3158,1091
3159,1113
3160,1010
3161,1030
3162,1129
3163,1082
3164,1078
3165,1085
3166,1081
3167,1075
3168,1029
3169,1035
3170,1016
3171,1010
3172,1031
3173,1064
3174,1011
3175,996
3176,1020
3177,1047
3178,1009
3179,1005
3180,1040
3181,1035
3182,995
3183,963
3184,1044
3185,1028
3186,980
3187,972
3188,1022
3189,997
3190,1027
3191,1003
3192,969
3193,955
3194,992
3195,983
3196,989
3197,897
3198,971
3199,977
3200,992
3201,976
3202,964
3203,965
3204,985
3205,912
3206,914
3207,916
3208,979
3209,963
3210,895
3211,924
3212,957
3213,918
3214,931
3215,920
3216,906
3217,911
3218,885
3219,872
3220,929
3221,943
3222,858
3223,933
3224,876
3225,901
3226,895
3227,899
3228,857
3229,887
3230,875
3231,874
3232,909
3233,915
3234,874
3235,897
3236,854
3237,857
3238,854
3239,825
3240,860
3241,875
3242,894
3243,874
3244,829
3245,849
3246,801
3247,844
3248,839
3249,870
3250,803
3251,776
3252,830
3253,846
3254,787
3255,780
3256,857
3257,831
3258,787
3259,851
3260,805
3261,833
3262,824
3263,786
3264,816
3265,755
3266,808
3267,813
3268,795
3269,824
3270,801
3271,819
3272,785
3273,828
3274,809
3275,815
3276,778
3277,781
3278,766
3279,799
3280,801
3281,793
3282,794
3283,744
3284,716
3285,784
3286,781
3287,761
3288,767
3289,774
3290,802
3291,757
3292,770
3293,798
3294,797
3295,780
3296,813
3297,755
3298,746
3299,760
3300,736
3301,768
3302,709
3303,695
3304,757
3305,774
3306,768
3307,741
3308,737
3309,714
3310,700
3311,761
3312,712
3313,759
3314,765
3315,710
3316,710
3317,714
3318,725
3319,695
3320,673
3321,681
3322,743
3323,714
3324,722
3325,727
3326,739
3327,722
3328,701
3329,722
3330,678
3331,729
3332,696
3333,730
3334,764
3335,638
3336,628
3337,732
3338,742
3339,680
3340,657
3341,706
3342,659
3343,699
3344,630
3345,669
3346,721
3347,656
3348,664
3349,622
3350,705
3351,668
3352,662
3353,661
3354,690
3355,684
3356,650
3357,654
3358,658
3359,666
3360,667
3361,649
3362,657
3363,701
3364,654
3365,618
3366,616
3367,673
3368,623
3369,635
3370,635
3371,653
3372,644
3373,603
3374,616
3375,679
3376,661
3377,637
3378,651
3379,606
3380,639
3381,625
3382,650
3383,676
3384,686
3385,640
3386,600
3387,595
3388,623
3389,623
3390,645
3391,579
3392,574
3393,612
3394,590
3395,619
3396,574
3397,660
3398,636
3399,554
3400,551
3401,604
3402,642
3403,588
3404,601
3405,623
3406,613
3407,556
3408,587
3409,617
3410,588
3411,568
3412,567
3413,533
3414,552
3415,536
3416,590
3417,605
3418,602
3419,592
3420,588
3421,548
3422,585
3423,586
3424,526
3425,556
3426,575
3427,585
3428,587
3429,594
3430,607
3431,556
3432,547
3433,572
3434,582
3435,524
3436,548
3437,511
3438,575
3439,545
3440,516
3441,548
3442,572
3443,526
3444,547
3445,548
3446,562
3447,526
3448,518
3449,518
3450,522
3451,563
3452,537
3453,575
3454,496
3455,518
3456,541
3457,559
3458,509
3459,524
3460,547
3461,487
3462,540
3463,531
3464,516
3465,539
3466,496
3467,481
3468,547
3469,495
3470,519
3471,506
3472,515
3473,505
3474,456
3475,491
3476,479
3477,508
3478,460
3479,465
3480,488
3481,458
3482,462
3483,507
3484,480
3485,443
3486,520
3487,467
3488,509
3489,468
3490,473
3491,473
3492,449
3493,475
3494,471
3495,505
3496,496
3497,437
3498,487
3499,456
3500,478
3501,519
3502,461
3503,492
3504,500
3505,441
3506,448
3507,474
3508,491
3509,450
3510,470
3511,432
3512,455
3513,477
3514,464
3515,445
3516,447
3517,492
3518,457
3519,442
3520,453
3521,452
3522,473
3523,462
3524,408
3525,447
3526,396
3527,461
3528,455
3529,424
3530,412
3531,432
3532,424
3533,440
3534,395
3535,441
3536,423
3537,445
3538,451
3539,455
3540,414
3541,410
3542,438
3543,405
3544,393
3545,385
3546,436
3547,399
3548,420
3549,416
3550,389
3551,402
3552,372
3553,426
3554,408
3555,390
3556,395
3557,395
3558,386
3559,421
3560,376
3561,436
3562,395
3563,405
3564,427
3565,405
3566,382
3567,397
3568,386
3569,394
3570,382
3571,387
3572,424
3573,420
3574,397
3575,380
3576,375
3577,418
3578,383
3579,387
3580,427
3581,367
3582,320
3583,385
3584,383
3585,421
3586,410
3587,369
3588,364
3589,353
3590,372
3591,364
3592,375
3593,360
3594,366
3595,387
3596,326
3597,401
3598,379
3599,371
3600,355
3601,382
3602,369
3603,367
3604,350
3605,369
3606,355
3607,365
3608,379
3609,379
3610,360
3611,372
3612,366
3613,378
3614,354
3615,354
3616,426
3617,352
3618,373
3619,365
3620,329
3621,365
3622,350
3623,378
3624,379
3625,355
3626,345
3627,398
3628,370
3629,365
3630,346
3631,341
3632,373
3633,354
3634,329
3635,339
3636,358
3637,340
3638,358
3639,312
3640,337
3641,322
3642,357
3643,344
3644,354
3645,357
3646,309
3647,347
3648,347
3649,326
3650,343
3651,334
3652,331
3653,371
3654,318
3655,362
3656,326
3657,349
3658,331
3659,360
3660,333
3661,349
3662,333
3663,333
3664,340
3665,325
3666,327
3667,343
3668,333
3669,340
3670,335
3671,322
3672,302
3673,318
3674,304
3675,316
3676,312
3677,346
3678,332
3679,301
3680,343
3681,327
3682,314
3683,354
3684,335
3685,327
3686,328
3687,337
3688,312
3689,300
3690,298
3691,319
3692,315
3693,311
3694,327
3695,329
3696,302
3697,312
3698,342
3699,312
3700,310
3701,303
3702,313
3703,287
3704,314
3705,327
3706,336
3707,333
3708,346
3709,325
3710,306
3711,292
3712,287
3713,322
3714,295
3715,307
3716,320
3717,315
3718,295
3719,297
3720,311
3721,332
3722,300
3723,307
3724,310
3725,323
3726,337
3727,301
3728,286
3729,284
3730,299
3731,308
3732,343
3733,319
3734,335
3735,313
3736,317
3737,297
3738,279
3739,291
3740,305
3741,298
3742,307
3743,288
3744,333
3745,329
3746,329
3747,300
3748,323
3749,323
3750,315
3751,310
3752,325
3753,317
3754,293
3755,320
3756,302
3757,323
3758,308
3759,288
3760,290
3761,282
3762,295
3763,302
3764,292
3765,270
3766,286
3767,298
3768,294
3769,339
3770,299
3771,318
3772,310
3773,307
3774,289
3775,286
3776,304
3777,291
3778,302
3779,276
3780,300
3781,304
3782,299
3783,317
3784,315
3785,327
3786,297
3787,289
3788,283
3789,303
3790,322
3791,304
3792,317
3793,305
3794,285
3795,311
3796,321
3797,316
3798,293
3799,293
3800,286
3801,304
3802,323
3803,331
3804,307
3805,304
3806,300
3807,281
3808,318
3809,336
3810,294
3811,299
3812,305
3813,324
3814,297
3815,338
3816,293
3817,329
3818,319
3819,280
3820,313
3821,290
3822,291
3823,273
3824,309
3825,309
3826,280
3827,291
3828,284
3829,300
3830,302
3831,303
3832,314
3833,282
3834,299
3835,277
3836,306
3837,315
3838,264
3839,305
3840,299
3841,288
3842,275
3843,306
3844,285
3845,312
3846,275
3847,313
3848,314
3849,281
3850,305
3851,296
3852,287
3853,275
3854,288
3855,319
3856,300
3857,279
3858,303
3859,294
3860,273
3861,288
3862,276
3863,304
3864,271
3865,289
3866,277
3867,286
3868,286
3869,327
3870,296
3871,284
3872,300
3873,259
3874,290
3875,284
3876,293
3877,282
3878,272
3879,269
3880,305
3881,294
3882,277
3883,267
3884,267
3885,248
3886,290
3887,288
3888,285
3889,302
3890,282
3891,271
3892,306
3893,305
3894,267
3895,301
3896,292
3897,231
3898,312
3899,312
3900,275
3901,291
3902,292
3903,283
3904,297
3905,272
3906,260
3907,287
3908,295
3909,307
3910,282
3911,279
3912,285
3913,279
3914,268
3915,292
3916,275
3917,287
3918,260
3919,245
3920,276
3921,277
3922,275
3923,254
3924,283
3925,240
3926,260
3927,261
3928,260
3929,288
3930,264
3931,289
3932,251
3933,292
3934,259
3935,266
3936,280
3937,300
3938,251
3939,282
3940,262
3941,275
3942,257
3943,254
3944,242
3945,279
3946,276
3947,275
3948,270
3949,275
3950,264
3951,280
3952,271
3953,289
3954,266
3955,264
3956,279
3957,288
3958,280
3959,271
3960,260
3961,256
3962,265
3963,271
3964,257
3965,258
3966,255
3967,239
3968,266
3969,295
3970,252
3971,286
3972,261
3973,238
3974,258
3975,247
3976,252
3977,254
3978,257
3979,255
3980,269
3981,250
3982,260
3983,264
3984,240
3985,283
3986,238
3987,242
3988,238
3989,278
3990,228
3991,245
3992,260
3993,222
3994,231
3995,274
3996,227
3997,235
3998,243
3999,236
4000,255
4001,238
4002,231
4003,255
4004,253
4005,261
4006,228
4007,231
4008,225
4009,250
4010,208
4011,228
4012,221
4013,217
4014,229
4015,223
4016,236
4017,222
4018,241
4019,209
4020,277
4021,248
4022,234
4023,244
4024,233
4025,253
4026,244
4027,234
4028,237
4029,252
4030,208
4031,226
4032,237
4033,226
4034,192
4035,234
4036,219
4037,230
4038,233
4039,236
4040,263
4041,229
4042,226
4043,203
4044,215
4045,221
4046,253
4047,225
4048,215
4049,222
4050,217
4051,204
4052,187
4053,197
4054,233
4055,208
4056,197
4057,235
4058,227
4059,221
4060,242
4061,215
4062,222
4063,189
4064,220
4065,239
4066,227
4067,207
4068,234
4069,235
4070,185
4071,205
4072,208
4073,232
4074,229
4075,215
4076,201
4077,247
4078,197
4079,229
4080,224
4081,199
4082,206
4083,186
4084,194
4085,191
4086,215
4087,227
4088,200
4089,201
4090,227
4091,226
4092,204
4093,214
4094,201
4095,182
4096,208
4097,199
4098,190
4099,209
4100,187
4101,192
4102,194
4103,207
4104,200
4105,185
4106,192
4107,179
4108,197
4109,198
4110,205
4111,208
4112,195
4113,182
4114,214
4115,196
4116,192
4117,223
4118,213
4119,184
4120,176
4121,193
4122,185
4123,219
4124,202
4125,199
4126,209
4127,176
4128,183
4129,204
4130,180
4131,199
4132,187
4133,199
4134,182
4135,214
4136,183
4137,201
4138,168
4139,192
4140,179
4141,192
4142,191
4143,178
4144,190
4145,181
4146,181
4147,211
4148,194
4149,206
4150,182
4151,173
4152,202
4153,193
4154,203
4155,195
4156,183
4157,187
4158,165
4159,201
4160,175
4161,198
4162,197
4163,188
4164,176
4165,201
4166,154
4167,184
4168,174
4169,172
4170,182
4171,195
4172,191
4173,180
4174,177
4175,175
4176,177
4177,185
4178,205
4179,180
4180,200
4181,180
4182,193
4183,173
4184,186
4185,213
4186,190
4187,189
4188,184
4189,165
4190,162
4191,183
4192,197
4193,165
4194,182
4195,199
4196,197
4197,193
4198,179
4199,181
4200,174
4201,182
4202,156
4203,170
4204,159
4205,191
4206,167
4207,165
4208,179
4209,171
4210,172
4211,156
4212,172
4213,165
4214,174
4215,171
4216,167
4217,177
4218,184
4219,178
4220,187
4221,168
4222,197
4223,190
4224,181
4225,174
4226,199
4227,168
4228,193
4229,192
4230,152
4231,188
4232,163
4233,167
4234,170
4235,167
4236,179
4237,164
4238,178
4239,151
4240,164
4241,168
4242,176
4243,200
4244,178
4245,175
4246,172
4247,152
4248,162
4249,172
4250,153
4251,159
4252,178
4253,188
4254,168
4255,178
4256,164
4257,172
4258,180
4259,203
4260,178
4261,172
4262,163
4263,177
4264,168
4265,176
4266,174
4267,175
4268,170
4269,176
4270,172
4271,172
4272,160
4273,182
4274,181
4275,176
4276,165
4277,173
4278,168
4279,157
4280,159
4281,159
4282,168
4283,175
4284,161
4285,159
4286,156
4287,149
4288,160
4289,182
4290,162
4291,154
4292,183
4293,164
4294,188
4295,161
4296,162
4297,172
4298,163
4299,168
4300,186
4301,150
4302,176
4303,167
4304,151
4305,154
4306,151
4307,166
4308,149
4309,164
4310,167
4311,164
4312,182
4313,164
4314,150
4315,161
4316,160
4317,164
4318,168
4319,171
4320,185
4321,176
4322,176
4323,188
4324,164
4325,191
4326,120
4327,165
4328,144
4329,193
4330,176
4331,163
4332,167
4333,183
4334,165
4335,171
4336,181
4337,184
4338,154
4339,168
4340,153
4341,163
4342,178
4343,132
4344,169
4345,167
4346,176
4347,169
4348,167
4349,158
4350,165
4351,190
4352,168
4353,143
4354,161
4355,163
4356,174
4357,162
4358,153
4359,174
4360,145
4361,191
4362,163
4363,142
4364,174
4365,164
4366,149
4367,161
4368,166
4369,149
4370,172
4371,157
4372,152
4373,132
4374,162
4375,165
4376,165
4377,168
4378,203
4379,179
4380,144
4381,171
4382,132
4383,152
4384,168
4385,159
4386,164
4387,163
4388,160
4389,159
4390,140
4391,159
4392,146
4393,146
4394,185
4395,189
4396,163
4397,161
4398,171
4399,153
4400,171
4401,163
4402,163
4403,152
4404,165
4405,167
4406,162
4407,172
4408,169
4409,138
4410,169
4411,174
4412,173
4413,148
4414,182
4415,168
4416,160
4417,192
4418,167
4419,163
4420,167
4421,162
4422,167
4423,169
4424,173
4425,162
4426,162
4427,133
4428,172
4429,176
4430,176
4431,158
4432,167
4433,150
4434,166
4435,167
4436,153
4437,168
4438,173
4439,159
4440,171
4441,154
4442,149
4443,175
4444,174
4445,160
4446,155
4447,152
4448,167
4449,172
4450,175
4451,166
4452,141
4453,154
4454,164
4455,151
4456,139
4457,154
4458,179
4459,189
4460,148
4461,168
4462,156
4463,168
4464,135
4465,168
4466,160
4467,160
4468,179
4469,158
4470,163
4471,182
4472,158
4473,152
4474,174
4475,151
4476,180
4477,147
4478,167
4479,156
4480,160
4481,175
4482,150
4483,133
4484,159
4485,161
4486,134
4487,146
4488,157
4489,160
4490,163
4491,182
4492,155
4493,141
4494,165
4495,152
4496,153
4497,152
4498,160
4499,169
4500,139
4501,163
4502,140
4503,162
4504,167
4505,187
4506,162
4507,136
4508,147
4509,162
4510,146
4511,161
4512,158
4513,159
4514,162
4515,140
4516,157
4517,177
4518,146
4519,155
4520,157
4521,152
4522,160
4523,156
4524,138
4525,165
4526,146
4527,146
4528,162
4529,151
4530,179
4531,144
4532,141
4533,142
4534,153
4535,160
4536,166
4537,169
4538,155
4539,145
4540,143
4541,165
4542,149
4543,151
4544,172
4545,154
4546,171
4547,150
4548,157
4549,134
4550,157
4551,166
4552,148
4553,170
4554,148
4555,164
4556,154
4557,172
4558,138
4559,169
4560,164
4561,157
4562,179
4563,163
4564,149
4565,140
4566,141
4567,152
4568,143
4569,141
4570,147
4571,144
4572,160
4573,144
4574,160
4575,154
4576,150
4577,138
4578,139
4579,143
4580,152
4581,148
4582,144
4583,146
4584,157
4585,140
4586,132
4587,118
4588,158
4589,131
4590,137
4591,142
4592,146
4593,165
4594,141
4595,138
4596,152
4597,145
4598,149
4599,140
4600,143
4601,158
4602,137
4603,150
4604,150
4605,148
4606,173
4607,147
4608,147
4609,157
4610,126
4611,134
4612,149
4613,159
4614,165
4615,146
4616,152
4617,138
4618,143
4619,162
4620,152
4621,151
4622,143
4623,140
4624,158
4625,152
4626,154
4627,151
4628,153
4629,155
4630,138
4631,124
4632,144
4633,154
4634,151
4635,143
4636,135
4637,139
4638,140
4639,136
4640,153
4641,142
4642,151
4643,131
4644,147
4645,146
4646,153
4647,122
4648,174
4649,157
4650,143
4651,143
4652,128
4653,144
4654,111
4655,142
4656,131
4657,142
4658,143
4659,123
4660,152
4661,131
4662,118
4663,132
4664,142
4665,162
4666,150
4667,134
4668,130
4669,113
4670,162
4671,137
4672,146
4673,134
4674,116
4675,130
4676,131
4677,150
4678,128
4679,145
4680,149
4681,127
4682,132
4683,150
4684,140
4685,109
4686,137
4687,115
4688,132
4689,143
4690,136
4691,149
4692,125
4693,144
4694,111
4695,148
4696,129
4697,135
4698,124
4699,155
4700,135
4701,131
4702,146
4703,151
4704,120
4705,135
4706,115
4707,137
4708,153
4709,136
4710,126
4711,137
4712,132
4713,133
4714,147
4715,137
4716,143
4717,129
4718,122
4719,121
4720,132
4721,160
4722,126
4723,126
4724,136
4725,140
4726,129
4727,140
4728,114
4729,129
4730,158
4731,129
4732,131
4733,167
4734,155
4735,144
4736,146
4737,144
4738,153
4739,140
4740,128
4741,165
4742,133
4743,122
4744,149
4745,123
4746,133
4747,156
4748,127
4749,169
4750,162
4751,130
4752,146
4753,159
4754,155
4755,155
4756,168
4757,143
4758,123
4759,130
4760,130
4761,137
4762,178
4763,154
4764,136
4765,143
4766,152
4767,145
4768,136
4769,151
4770,140
4771,158
4772,150
4773,131
4774,154
4775,155
4776,157
4777,142
4778,146
4779,138
4780,128
4781,150
4782,146
4783,142
4784,144
4785,142
4786,151
4787,150
4788,142
4789,140
4790,149
4791,149
4792,122
4793,138
4794,139
4795,159
4796,126
4797,164
4798,150
4799,152
4800,145
4801,148
4802,159
4803,147
4804,148
4805,140
4806,135
4807,148
4808,151
4809,168
4810,164
4811,154
4812,164
4813,165
4814,145
4815,151
4816,138
4817,160
4818,147
4819,145
4820,139
4821,152
4822,160
4823,171
4824,149
4825,158
4826,147
4827,168
4828,159
4829,159
4830,150
4831,158
4832,180
4833,157
4834,167
4835,188
4836,168
4837,139
4838,181
4839,164
4840,145
4841,171
4842,154
4843,144
4844,155
4845,158
4846,161
4847,180
4848,174
4849,179
4850,160
4851,157
4852,146
4853,149
4854,156
4855,169
4856,192
4857,171
4858,202
4859,185
4860,175
4861,149
4862,159
4863,165
4864,169
4865,186
4866,169
4867,174
4868,158
4869,177
4870,168
4871,160
4872,187
4873,182
4874,178
4875,157
4876,184
4877,180
4878,189
4879,185
4880,209
4881,171
4882,157
4883,152
4884,175
4885,164
4886,154
4887,148
4888,179
4889,165
4890,169
4891,174
4892,174
4893,181
4894,172
4895,172
4896,178
4897,162
4898,187
4899,211
4900,172
4901,190
4902,181
4903,152
4904,185
4905,174
4906,205
4907,176
4908,176
4909,182
4910,170
4911,186
4912,175
4913,193
4914,187
4915,188
4916,194
4917,202
4918,165
4919,196
4920,167
4921,214
4922,185
4923,189
4924,182
4925,182
4926,166
4927,179
4928,199
4929,163
4930,191
4931,240
4932,209
4933,186
4934,165
4935,163
4936,193
4937,176
4938,210
4939,185
4940,184
4941,167
4942,197
4943,204
4944,182
4945,198
4946,165
4947,184
4948,175
4949,172
4950,185
4951,196
4952,181
4953,190
4954,183
4955,174
4956,187
4957,174
4958,206
4959,201
4960,202
4961,186
4962,189
4963,201
4964,195
4965,211
4966,196
4967,181
4968,220
4969,188
4970,188
4971,191
4972,191
4973,218
4974,198
4975,201
4976,219
4977,174
4978,193
4979,202
4980,157
4981,183
4982,182
4983,214
4984,199
4985,186
4986,196
4987,201
4988,193
4989,202
4990,212
4991,187
4992,169
4993,212
4994,209
4995,193
4996,185
4997,198
4998,201
4999,183
5000,193
5001,172
5002,213
5003,183
5004,160
5005,196
5006,179
5007,186
5008,199
5009,184
5010,212
5011,174
5012,177
5013,192
5014,167
5015,217
5016,192
5017,215
5018,182
5019,172
5020,185
5021,206
5022,192
5023,203
5024,168
5025,168
5026,196
5027,218
5028,193
5029,189
5030,185
5031,180
5032,204
5033,206
5034,219
5035,179
5036,211
5037,200
5038,183
5039,179
5040,178
5041,193
5042,185
5043,160
5044,187
5045,174
5046,175
5047,191
5048,208
5049,195
5050,199
5051,161
5052,181
5053,193
5054,195
5055,190
5056,204
5057,205
5058,187
5059,216
5060,199
5061,192
5062,184
5063,168
5064,195
5065,194
5066,202
5067,181
5068,186
5069,188
5070,209
5071,197
5072,197
5073,172
5074,183
5075,183
5076,178
5077,203
5078,193
5079,177
5080,195
5081,201
5082,182
5083,169
5084,165
5085,173
5086,199
5087,199
5088,182
5089,188
5090,165
5091,186
5092,195
5093,181
5094,146
5095,153
5096,202
5097,176
5098,167
5099,177
5100,208
5101,186
5102,152
5103,175
5104,183
5105,200
5106,178
5107,154
5108,169
5109,176
5110,178
5111,152
5112,174
5113,191
5114,186
5115,188
5116,171
5117,184
5118,165
5119,160
5120,163
5121,166
5122,156
5123,157
5124,201
5125,180
5126,166
5127,172
5128,153
5129,175
5130,165
5131,152
5132,174
5133,148
5134,164
5135,189
5136,171
5137,168
5138,176
5139,181
5140,149
5141,169
5142,178
5143,156
5144,178
5145,166
5146,178
5147,164
5148,180
5149,166
5150,159
5151,163
5152,167
5153,189
5154,165
5155,175
5156,162
5157,165
5158,169
5159,171
5160,169
5161,151
5162,167
5163,184
5164,186
5165,163
5166,171
5167,165
5168,146
5169,171
5170,152
5171,178
5172,158
5173,161
5174,172
5175,158
5176,136
5177,158
5178,147
5179,147
5180,163
5181,181
5182,168
5183,158
5184,140
5185,148
5186,155
5187,159
5188,167
5189,137
5190,158
5191,150
5192,161
5193,150
5194,143
5195,146
5196,159
5197,152
5198,149
5199,166
5200,155
5201,144
5202,173
5203,146
5204,120
5205,159
5206,145
5207,141
5208,133
5209,150
5210,178
5211,151
5212,130
5213,147
5214,157
5215,138
5216,170
5217,148
5218,150
5219,147
5220,160
5221,156
5222,155
5223,138
5224,164
5225,157
5226,167
5227,139
5228,144
5229,133
5230,146
5231,134
5232,136
5233,148
5234,132
5235,137
5236,120
5237,155
5238,141
5239,141
5240,143
5241,148
5242,150
5243,165
5244,149
5245,145
5246,133
5247,154
5248,156
5249,158
5250,135
5251,131
5252,130
5253,129
5254,122
5255,152
5256,154
5257,136
5258,148
5259,137
5260,130
5261,154
5262,117
5263,130
5264,147
5265,135
5266,145
5267,137
5268,146
5269,140
5270,148
5271,162
5272,128
5273,143
5274,142
5275,126
5276,121
5277,140
5278,124
5279,141
5280,142
5281,133
5282,155
5283,150
5284,151
5285,146
5286,138
5287,141
5288,164
5289,157
5290,123
5291,116
5292,146
5293,139
5294,146
5295,152
5296,145
5297,157
5298,163
5299,122
5300,130
5301,134
5302,143
5303,148
5304,144
5305,122
5306,148
5307,146
5308,144
5309,139
5310,150
5311,139
5312,143
5313,155
5314,135
5315,156
5316,119
5317,125
5318,114
5319,121
5320,140
5321,118
5322,144
5323,168
5324,103
5325,134
5326,136
5327,136
5328,140
5329,114
5330,139
5331,150
5332,129
5333,135
5334,150
5335,156
5336,123
5337,140
5338,151
5339,143
5340,138
5341,133
5342,114
5343,138
5344,140
5345,143
5346,144
5347,131
5348,138
5349,136
5350,157
5351,145
5352,138
5353,150
5354,137
5355,147
5356,132
5357,134
5358,131
5359,140
5360,130
5361,137
5362,128
5363,149
5364,120
5365,147
5366,134
5367,143
5368,124
5369,124
5370,147
5371,149
5372,146
5373,137
5374,147
5375,152
5376,137
5377,151
5378,149
5379,156
5380,148
5381,158
5382,150
5383,128
5384,128
5385,156
5386,151
5387,146
5388,128
5389,114
5390,125
5391,138
5392,134
5393,139
5394,155
5395,157
5396,133
5397,172
5398,166
5399,154
5400,121
5401,162
5402,141
5403,167
5404,143
5405,160
5406,151
5407,139
5408,145
5409,155
5410,140
5411,142
5412,152
5413,169
5414,151
5415,160
5416,130
5417,127
5418,140
5419,156
5420,166
5421,133
5422,159
5423,143
5424,146
5425,170
5426,137
5427,150
5428,152
5429,175
5430,151
5431,155
5432,160
5433,133
5434,139
5435,158
5436,150
5437,145
5438,134
5439,161
5440,162
5441,167
5442,141
5443,141
5444,163
5445,120
5446,141
5447,159
5448,129
5449,130
5450,165
5451,146
5452,155
5453,167
5454,174
5455,160
5456,140
5457,139
5458,147
5459,171
5460,151
5461,167
5462,190
5463,158
5464,173
5465,166
5466,172
5467,158
5468,169
5469,154
5470,174
5471,142
5472,160
5473,144
5474,151
5475,145
5476,166
5477,152
5478,156
5479,157
5480,149
5481,180
5482,168
5483,151
5484,147
5485,189
5486,164
5487,144
5488,140
5489,150
5490,169
5491,139
5492,147
5493,134
5494,146
5495,150
5496,150
5497,163
5498,163
5499,170
5500,150
5501,155
5502,143
5503,167
5504,162
5505,155
5506,164
5507,177
5508,172
5509,166
5510,184
5511,172
5512,179
5513,168
5514,148
5515,137
5516,159
5517,159
5518,174
5519,155
5520,145
5521,153
5522,167
5523,158
5524,180
5525,158
5526,158
5527,164
5528,166
5529,149
5530,155
5531,149
5532,182
5533,148
5534,177
5535,170
5536,154
5537,146
5538,169
5539,166
5540,193
5541,158
5542,172
5543,174
5544,151
5545,157
5546,192
5547,164
5548,182
5549,169
5550,147
5551,153
5552,153
5553,148
5554,160
5555,181
5556,167
5557,167
5558,166
5559,152
5560,156
5561,183
5562,160
5563,164
5564,154
5565,164
5566,180
5567,172
5568,168
5569,164
5570,167
5571,159
5572,144
5573,132
5574,189
5575,182
5576,154
5577,167
5578,160
5579,170
5580,155
5581,184
5582,157
5583,145
5584,155
5585,158
5586,189
5587,173
5588,177
5589,153
5590,153
5591,169
5592,166
5593,163
5594,162
5595,156
5596,155
5597,167
5598,155
5599,154
5600,169
5601,166
5602,195
5603,166
5604,159
5605,151
5606,158
5607,156
5608,175
5609,155
5610,162
5611,172
5612,160
5613,153
5614,159
5615,143
5616,161
5617,138
5618,154
5619,166
5620,161
5621,152
5622,162
5623,146
5624,172
5625,164
5626,165
5627,150
5628,174
5629,183
5630,165
5631,153
5632,160
5633,169
5634,150
5635,167
5636,167
5637,166
5638,172
5639,157
5640,176
5641,140
5642,174
5643,168
5644,169
5645,134
5646,147
5647,155
5648,166
5649,133
5650,180
5651,153
5652,158
5653,151
5654,166
5655,146
5656,175
5657,167
5658,158
5659,165
5660,169
5661,177
5662,161
5663,166
5664,146
5665,168
5666,151
5667,162
5668,156
5669,145
5670,135
5671,165
5672,173
5673,166
5674,152
5675,166
5676,154
5677,161
5678,169
5679,148
5680,159
5681,162
5682,156
5683,165
5684,166
5685,163
5686,166
5687,174
5688,161
5689,170
5690,144
5691,176
5692,160
5693,162
5694,154
5695,186
5696,174
5697,153
5698,172
5699,184
5700,160
5701,152
5702,161
5703,167
5704,151
5705,167
5706,135
5707,166
5708,140
5709,155
5710,172
5711,173
5712,172
5713,179
5714,180
5715,182
5716,157
5717,167
5718,162
5719,164
5720,166
5721,176
5722,165
5723,174
5724,184
5725,152
5726,190
5727,179
5728,159
5729,158
5730,151
5731,165
5732,165
5733,157
5734,167
5735,174
5736,171
5737,166
5738,172
5739,164
5740,169
5741,154
5742,186
5743,167
5744,173
5745,180
5746,190
5747,164
5748,168
5749,180
5750,181
5751,163
5752,155
5753,163
5754,167
5755,168
5756,161
5757,168
5758,188
5759,177
5760,166
5761,145
5762,157
5763,174
5764,157
5765,167
5766,153
5767,164
5768,202
5769,182
5770,185
5771,197
5772,152
5773,155
5774,182
5775,190
5776,157
5777,178
5778,150
5779,162
5780,164
5781,180
5782,178
5783,159
5784,163
5785,205
5786,181
5787,184
5788,176
5789,171
5790,179
5791,170
5792,191
5793,195
5794,146
5795,167
5796,164
5797,174
5798,169
5799,193
5800,170
5801,157
5802,201
5803,176
5804,173
5805,183
5806,201
5807,184
5808,170
5809,182
5810,176
5811,205
5812,194
5813,174
5814,202
5815,185
5816,161
5817,193
5818,185
5819,188
5820,198
5821,182
5822,194
5823,185
5824,182
5825,208
5826,187
5827,176
5828,172
5829,175
5830,170
5831,193
5832,194
5833,197
5834,172
5835,182
5836,214
5837,171
5838,210
5839,197
5840,172
5841,174
5842,183
5843,200
5844,217
5845,165
5846,184
5847,197
5848,181
5849,172
5850,191
5851,187
5852,198
5853,192
5854,178
5855,173
5856,181
5857,192
5858,200
5859,175
5860,209
5861,197
5862,209
5863,199
5864,205
5865,183
5866,180
5867,194
5868,203
5869,196
5870,211
5871,209
5872,187
5873,208
5874,209
5875,171
5876,200
5877,211
5878,181
5879,189
5880,217
5881,207
5882,206
5883,219
5884,218
5885,191
5886,206
5887,209
5888,193
5889,201
5890,212
5891,208
5892,201
5893,216
5894,193
5895,204
5896,213
5897,203
5898,199
5899,203
5900,194
5901,221
5902,191
5903,212
5904,213
5905,211
5906,219
5907,242
5908,199
5909,207
5910,226
5911,199
5912,199
5913,189
5914,209
5915,186
5916,230
5917,207
5918,208
5919,242
5920,218
5921,216
5922,206
5923,202
5924,192
5925,223
5926,196
5927,216
5928,219
5929,199
5930,231
5931,202
5932,202
5933,223
5934,209
5935,197
5936,211
5937,205
5938,217
5939,200
5940,236
5941,220
5942,202
5943,209
5944,217
5945,241
5946,236
5947,204
5948,210
5949,244
5950,201
5951,229
5952,238
5953,216
5954,213
5955,240
5956,215
5957,192
5958,236
5959,211
5960,223
5961,203
5962,208
5963,244
5964,247
5965,209
5966,251
5967,242
5968,207
5969,218
5970,238
5971,262
5972,233
5973,236
5974,222
5975,231
5976,238
5977,252
5978,227
5979,218
5980,254
5981,243
5982,264
5983,228
5984,261
5985,230
5986,243
5987,259
5988,227
5989,270
5990,255
5991,267
5992,241
5993,245
5994,263
5995,246
5996,247
5997,224
5998,215
5999,235
6000,233
6001,273
6002,241
6003,231
6004,241
6005,228
6006,251
6007,283
6008,227
6009,256
6010,258
6011,241
6012,264
6013,252
6014,261
6015,254
6016,257
6017,210
6018,213
6019,270
6020,260
6021,257
6022,270
6023,280
6024,247
6025,262
6026,255
6027,248
6028,283
6029,254
6030,247
6031,245
6032,261
6033,267
6034,265
6035,244
6036,263
6037,315
6038,258
6039,260
6040,244
6041,255
6042,267
6043,262
6044,260
6045,248
6046,273
6047,263
6048,265
6049,263
6050,284
6051,254
6052,249
6053,251
6054,273
6055,270
6056,242
6057,284
6058,253
6059,265
6060,236
6061,281
6062,255
6063,271
6064,281
6065,276
6066,295
6067,272
6068,286
6069,256
6070,248
6071,263
6072,250
6073,273
6074,270
6075,284
6076,289
6077,285
6078,260
6079,280
6080,277
6081,280
6082,294
6083,265
6084,281
6085,284
6086,291
6087,268
6088,275
6089,287
6090,298
6091,296
6092,286
6093,247
6094,264
6095,293
6096,319
6097,270
6098,265
6099,322
6100,253
6101,301
6102,274
6103,286
6104,279
6105,260
6106,292
6107,284
6108,273
6109,300
6110,301
6111,272
6112,336
6113,270
6114,283
6115,301
6116,280
6117,290
6118,285
6119,274
6120,316
6121,268
6122,263
6123,299
6124,290
6125,268
6126,277
6127,282
6128,307
6129,273
6130,273
6131,275
6132,305
6133,291
6134,277
6135,302
6136,286
6137,285
6138,291
6139,303
6140,312
6141,307
6142,329
6143,292
6144,298
6145,296
6146,293
6147,336
6148,295
6149,290
6150,321
6151,305
6152,320
6153,304
6154,283
6155,291
6156,310
6157,334
6158,301
6159,278
6160,297
6161,319
6162,298
6163,290
6164,298
6165,294
6166,308
6167,273
6168,282
6169,282
6170,294
6171,281
6172,313
6173,311
6174,290
6175,297
6176,296
6177,323
6178,315
6179,295
6180,303
6181,310
6182,301
6183,317
6184,266
6185,304
6186,307
6187,287
6188,298
6189,292
6190,282
6191,306
6192,292
6193,295
6194,297
6195,296
6196,318
6197,292
6198,298
6199,303
6200,301
6201,274
6202,324
6203,300
6204,304
6205,268
6206,294
6207,278
6208,291
6209,291
6210,301
6211,284
6212,296
6213,317
6214,305
6215,296
6216,310
6217,319
6218,345
6219,318
6220,309
6221,304
6222,311
6223,330
6224,266
6225,304
6226,282
6227,320
6228,338
6229,330
6230,302
6231,289
6232,288
6233,314
6234,309
6235,322
6236,332
6237,324
6238,306
6239,309
6240,303
6241,301
6242,283
6243,317
6244,297
6245,313
6246,290
6247,313
6248,302
6249,295
6250,305
6251,303
6252,291
6253,275
6254,295
6255,337
6256,332
6257,309
6258,304
6259,304
6260,310
6261,295
6262,285
6263,325
6264,318
6265,332
6266,290
6267,285
6268,313
6269,302
6270,287
6271,296
6272,294
6273,336
6274,308
6275,316
6276,305
6277,318
6278,297
6279,295
6280,337
6281,314
6282,287
6283,290
6284,318
6285,295
6286,334
6287,308
6288,309
6289,336
6290,309
6291,321
6292,302
6293,347
6294,288
6295,303
6296,305
6297,299
6298,333
6299,322
6300,334
6301,308
6302,343
6303,328
6304,316
6305,306
6306,297
6307,293
6308,304
6309,308
6310,277
6311,334
6312,282
6313,316
6314,334
6315,312
6316,314
6317,313
6318,326
6319,314
6320,326
6321,327
6322,344
6323,332
6324,315
6325,305
6326,352
6327,320
6328,294
6329,338
6330,317
6331,371
6332,337
6333,364
6334,335
6335,334
6336,337
6337,313
6338,313
6339,332
6340,306
6341,373
6342,358
6343,328
6344,328
6345,334
6346,335
6347,321
6348,327
6349,351
6350,350
6351,344
6352,364
6353,329
6354,358
6355,352
6356,338
6357,351
6358,354
6359,343
6360,361
6361,347
6362,335
6363,328
6364,352
6365,387
6366,333
6367,366
6368,364
6369,339
6370,376
6371,372
6372,347
6373,342
6374,348
6375,351
6376,389
6377,358
6378,379
6379,375
6380,369
6381,407
6382,319
6383,348
6384,345
6385,330
6386,389
6387,357
6388,401
6389,390
6390,395
6391,377
6392,365
6393,376
6394,343
6395,378
6396,383
6397,374
6398,343
6399,300
6400,352
6401,359
6402,371
6403,373
6404,412
6405,377
6406,377
6407,396
6408,387
6409,392
6410,364
6411,358
6412,343
6413,376
6414,373
6415,354
6416,362
6417,413
6418,406
6419,375
6420,371
6421,373
6422,390
6423,378
6424,377
6425,377
6426,402
6427,398
6428,400
6429,394
6430,384
6431,398
6432,410
6433,423
6434,383
6435,404
6436,405
6437,390
6438,394
6439,353
6440,388
6441,413
6442,417
6443,432
6444,393
6445,386
6446,407
6447,438
6448,420
6449,448
6450,433
6451,432
6452,412
6453,380
6454,409
6455,416
6456,408
6457,481
6458,422
6459,428
6460,441
6461,428
6462,419
6463,418
6464,381
6465,420
6466,422
6467,441
6468,405
6469,399
6470,435
6471,394
6472,436
6473,433
6474,434
6475,435
6476,443
6477,426
6478,457
6479,489
6480,431
6481,443
6482,469
6483,454
6484,464
6485,464
6486,427
6487,449
6488,481
6489,451
6490,430
6491,458
6492,441
6493,458
6494,462
6495,456
6496,435
6497,435
6498,486
6499,478
6500,457
6501,495
6502,473
6503,465
6504,484
6505,458
6506,490
6507,487
6508,456
6509,508
6510,459
6511,473
6512,488
6513,497
6514,495
6515,466
6516,464
6517,480
6518,495
6519,495
6520,458
6521,446
6522,547
6523,495
6524,504
6525,531
6526,464
6527,528
6528,527
6529,507
6530,537
6531,516
6532,519
6533,506
6534,522
6535,499
6536,560
6537,543
6538,497
6539,546
6540,549
6541,532
6542,532
6543,516
6544,536
6545,532
6546,549
6547,500
6548,533
6549,521
6550,554
6551,505
6552,560
6553,528
6554,539
6555,523
6556,483
6557,506
6558,534
6559,516
6560,582
6561,528
6562,563
6563,577
6564,552
6565,558
6566,519
6567,555
6568,525
6569,544
6570,554
6571,560
6572,543
6573,558
6574,579
6575,512
6576,566
6577,565
6578,584
6579,527
6580,579
6581,603
6582,610
6583,571
6584,589
6585,566
6586,569
6587,582
6588,556
6589,647
6590,603
6591,629
6592,555
6593,587
6594,569
6595,626
6596,617
6597,597
6598,604
6599,627
6600,589
6601,611
6602,638
6603,582
6604,633
6605,595
6606,587
6607,629
6608,626
6609,635
6610,617
6611,612
6612,632
6613,623
6614,597
6615,656
6616,579
6617,632
6618,637
6619,637
6620,621
6621,621
6622,635
6623,635
6624,654
6625,618
6626,639
6627,664
6628,629
6629,628
6630,667
6631,616
6632,623
6633,630
6634,661
6635,657
6636,605
6637,665
6638,647
6639,708
6640,674
6641,645
6642,628
6643,626
6644,700
6645,687
6646,671
6647,676
6648,722
6649,688
6650,652
6651,704
6652,644
6653,647
6654,741
6655,684
6656,718
6657,699
6658,721
6659,708
6660,657
6661,700
6662,677
6663,715
6664,706
6665,723
6666,703
6667,692
6668,666
6669,701
6670,721
6671,656
6672,705
6673,685
6674,716
6675,706
6676,680
6677,676
6678,657
6679,652
6680,720
6681,746
6682,730
6683,757
6684,753
6685,745
6686,716
6687,725
6688,728
6689,720
6690,722
6691,718
6692,740
6693,757
6694,733
6695,765
6696,728
6697,763
6698,683
6699,731
6700,750
6701,731
6702,771
6703,712
6704,752
6705,777
6706,767
6707,752
6708,766
6709,784
6710,787
6711,762
6712,757
6713,751
6714,794
6715,750
6716,843
6717,818
6718,791
6719,778
6720,844
6721,772
6722,771
6723,787
6724,751
6725,773
6726,767
6727,823
6728,804
6729,789
6730,845
6731,813
6732,755
6733,782
6734,812
6735,787
6736,824
6737,775
6738,792
6739,823
6740,830
6741,894
6742,840
6743,827
6744,858
6745,855
6746,848
6747,819
6748,879
6749,836
6750,823
6751,840
6752,874
6753,850
6754,810
6755,857
6756,817
6757,833
6758,803
6759,903
6760,903
6761,816
6762,880
6763,915
6764,847
6765,860
6766,842
6767,929
6768,882
6769,854
6770,862
6771,910
6772,917
6773,837
6774,898
6775,931
6776,918
6777,884
6778,920
6779,980
6780,900
6781,967
6782,877
6783,853
6784,924
6785,941
6786,886
6787,918
6788,905
6789,898
6790,949
6791,938
6792,930
6793,879
6794,965
6795,978
6796,957
6797,985
6798,951
6799,920
6800,982
6801,957
6802,1013
6803,1014
6804,983
6805,1009
6806,940
6807,965
6808,955
6809,1006
6810,997
6811,1037
6812,966
6813,1063
6814,967
6815,1027
6816,974
6817,1019
6818,1052
6819,989
6820,1087
6821,1001
6822,1080
6823,1026
6824,997
6825,1032
6826,1033
6827,1031
6828,1100
6829,1031
6830,1089
6831,1059
6832,1002
6833,1077
6834,1072
6835,1070
6836,1071
6837,1082
6838,1047
6839,1034
6840,1086
6841,1066
6842,1069
6843,1081
6844,1092
6845,1086
6846,1048
6847,1049
6848,1110
6849,1106
6850,1119
6851,1090
6852,1079
6853,1119
6854,1070
6855,1186
6856,1168
6857,1042
6858,1140
6859,1125
6860,1180
6861,1168
6862,1168
6863,1094
6864,1109
6865,1213
6866,1117
6867,1138
6868,1164
6869,1168
6870,1154
6871,1191
6872,1196
6873,1209
6874,1167
6875,1203
6876,1096
6877,1191
6878,1239
6879,1231
6880,1256
6881,1223
6882,1188
6883,1227
6884,1299
6885,1159
6886,1259
6887,1239
6888,1230
6889,1207
6890,1301
6891,1312
6892,1259
6893,1205
6894,1205
6895,1298
6896,1217
6897,1304
6898,1374
6899,1319
6900,1229
6901,1269
6902,1314
6903,1336
6904,1324
6905,1273
6906,1279
6907,1262
6908,1346
6909,1328
6910,1371
6911,1287
6912,1358
6913,1308
6914,1410
6915,1354
6916,1343
6917,1361
6918,1351
6919,1362
6920,1371
6921,1432
6922,1373
6923,1408
6924,1362
6925,1445
6926,1331
6927,1376
6928,1396
6929,1391
6930,1408
6931,1424
6932,1440
6933,1388
6934,1457
6935,1479
6936,1389
6937,1434
6938,1487
6939,1476
6940,1430
6941,1437
6942,1486
6943,1547
6944,1490
6945,1549
6946,1519
6947,1469
6948,1471
6949,1489
6950,1433
6951,1450
6952,1511
6953,1485
6954,1482
6955,1521
6956,1568
6957,1485
6958,1551
6959,1587
6960,1503
6961,1528
6962,1612
6963,1510
6964,1523
6965,1585
6966,1561
6967,1548
6968,1499
6969,1513
6970,1587
6971,1584
6972,1567
6973,1620
6974,1620
6975,1580
6976,1650
6977,1647
6978,1685
6979,1683
6980,1659
6981,1687
6982,1619
6983,1658
6984,1660
6985,1674
6986,1641
6987,1691
6988,1686
6989,1676
6990,1662
6991,1642
6992,1617
6993,1651
6994,1753
6995,1699
6996,1766
6997,1686
6998,1758
6999,1679
7000,1832
7001,1743
7002,1771
7003,1716
7004,1755
7005,1768
7006,1763
7007,1744
7008,1861
7009,1819
7010,1741
7011,1779
7012,1853
7013,1762
7014,1896
7015,1818
7016,1776
7017,1804
7018,1778
7019,1827
7020,1924
7021,1891
7022,1878
7023,1827
7024,1819
7025,1776
7026,1913
7027,1792
7028,1856
7029,1890
7030,1872
7031,1955
7032,1895
7033,1921
7034,1947
7035,1901
7036,1938
7037,1887
7038,1931
7039,2040
7040,1930
7041,1979
7042,1902
7043,1968
7044,2096
7045,1992
7046,2065
7047,2005
7048,2003
7049,2028
7050,2075
7051,2109
7052,2055
7053,2113
7054,1997
7055,2139
7056,2125
7057,2067
7058,2038
7059,2146
7060,2102
7061,2148
7062,2170
7063,2117
7064,2218
7065,2175
7066,2190
7067,2118
7068,2148
7069,2171
7070,2215
7071,2208
7072,2159
7073,2156
7074,2184
7075,2172
7076,2213
7077,2212
7078,2170
7079,2265
7080,2244
7081,2313
7082,2326
7083,2210
7084,2228
7085,2255
7086,2298
7087,2299
7088,2264
7089,2344
7090,2334
7091,2396
7092,2324
7093,2253
7094,2331
7095,2401
7096,2340
7097,2378
7098,2324
7099,2400
7100,2438
7101,2346
7102,2411
7103,2488
7104,2446
7105,2393
7106,2393
7107,2466
7108,2463
7109,2491
7110,2534
7111,2493
7112,2484
7113,2552
7114,2530
7115,2472
7116,2515
7117,2483
7118,2493
7119,2518
7120,2481
7121,2514
7122,2541
7123,2503
7124,2594
7125,2592
7126,2577
7127,2524
7128,2663
7129,2548
7130,2607
7131,2527
7132,2728
7133,2683
7134,2662
7135,2811
7136,2645
7137,2792
7138,2645
7139,2697
7140,2687
7141,2709
7142,2730
7143,2843
7144,2742
7145,2773
7146,2824
7147,2830
7148,2733
7149,2890
7150,2844
7151,2942
7152,2827
7153,2870
7154,2929
7155,2918
7156,2845
7157,2925
7158,2861
7159,2948
7160,2825
7161,2774
7162,2945
7163,2899
7164,2911
7165,2957
7166,3031
7167,2985
7168,2978
7169,2963
7170,3027
7171,2960
7172,3029
7173,3000
7174,2908
7175,3090
7176,3060
7177,3112
7178,2971
7179,3142
7180,3161
7181,3091
7182,3060
7183,3146
7184,3222
7185,3076
7186,3214
7187,3181
7188,3172
7189,3218
7190,3262
7191,3355
7192,3145
7193,3197
7194,3206
7195,3317
7196,3302
7197,3273
7198,3331
7199,3388
7200,3229
7201,3287
7202,3385
7203,3375
7204,3255
7205,3364
7206,3355
7207,3354
7208,3449
7209,3349
7210,3398
7211,3435
7212,3410
7213,3504
7214,3401
7215,3522
7216,3383
7217,3452
7218,3482
7219,3602
7220,3645
7221,3529
7222,3574
7223,3617
7224,3518
7225,3509
7226,3519
7227,3648
7228,3669
7229,3637
7230,3718
7231,3594
7232,3744
7233,3547
7234,3742
7235,3742
7236,3715
7237,3744
7238,3693
7239,3816
7240,3884
7241,3828
7242,3807
7243,3941
7244,3874
7245,3953
7246,3806
7247,3884
7248,3927
7249,3848
7250,3881
7251,3901
7252,3811
7253,3804
7254,3881
7255,4065
7256,3906
7257,4016
7258,3985
7259,4021
7260,4072
7261,4057
7262,4043
7263,4040
7264,3948
7265,3984
7266,4151
7267,4122
7268,4036
7269,4120
7270,4199
7271,4226
7272,4309
7273,4146
7274,4223
7275,4104
7276,4255
7277,4295
7278,4239
7279,4263
7280,4175
7281,4320
7282,4272
7283,4302
7284,4358
7285,4327
7286,4344
7287,4340
7288,4449
7289,4284
7290,4468
7291,4440
7292,4381
7293,4397
7294,4387
7295,4389
7296,4503
7297,4594
7298,4600
7299,4493
7300,4577
7301,4524
7302,4560
7303,4507
7304,4567
7305,4629
7306,4427
7307,4476
7308,4666
7309,4589
7310,4563
7311,4580
7312,4637
7313,4780
7314,4709
7315,4650
7316,4585
7317,4716
7318,4863
7319,4744
7320,4830
7321,4760
7322,4737
7323,4910
7324,4958
7325,4855
7326,4836
7327,4845
7328,4891
7329,4944
7330,5123
7331,4964
7332,4949
7333,4964
7334,5009
7335,5040
7336,5095
7337,5042
7338,5115
7339,4998
7340,4965
7341,5086
7342,5118
7343,5164
7344,5080
7345,5065
7346,5103
7347,5230
7348,5309
7349,5181
7350,5208
7351,5230
7352,5265
7353,5198
7354,5305
7355,5244
7356,5340
7357,5326
7358,5377
7359,5380
7360,5421
7361,5352
7362,5290
7363,5619
7364,5435
7365,5555
7366,5540
7367,5465
7368,5572
7369,5262
7370,5669
7371,5498
7372,5554
7373,5554
7374,5373
7375,5665
7376,5553
7377,5604
7378,5524
7379,5712
7380,5568
7381,5463
7382,5762
7383,5686
7384,5700
7385,5618
7386,5711
7387,5663
7388,5639
7389,5745
7390,5941
7391,5697
7392,5822
7393,5832
7394,5804
7395,5758
7396,5858
7397,5872
7398,5763
7399,5887
7400,5830
7401,5851
7402,5868
7403,5973
7404,6092
7405,6054
7406,6023
7407,5983
7408,6000
7409,6127
7410,6082
7411,6125
7412,6186
7413,6147
7414,6160
7415,6173
7416,6133
7417,6136
7418,6081
7419,6215
7420,6174
7421,6307
7422,6365
7423,6360
7424,6332
7425,6230
7426,6135
7427,6255
7428,6428
7429,6349
7430,6336
7431,6399
7432,6460
7433,6332
7434,6426
7435,6430
7436,6526
7437,6515
7438,6402
7439,6559
7440,6590
7441,6399
7442,6378
7443,6439
7444,6439
7445,6470
7446,6603
7447,6525
7448,6601
7449,6624
7450,6588
7451,6525
7452,6722
7453,6641
7454,6682
7455,6756
7456,6583
7457,6720
7458,6747
7459,6768
7460,6677
7461,6779
7462,6851
7463,6847
7464,6780
7465,6859
7466,6749
7467,6837
7468,6910
7469,6882
7470,7008
7471,7107
7472,6854
7473,7044
7474,6994
7475,6923
7476,6897
7477,6916
7478,6945
7479,6933
7480,7003
7481,7170
7482,7084
7483,7149
7484,7018
7485,7094
7486,7166
7487,7098
7488,7366
7489,7244
7490,7238
7491,7427
7492,7172
7493,7160
7494,7314
7495,7323
7496,7236
7497,7295
7498,7222
7499,7220
7500,7347
7501,7439
7502,7431
7503,7406
7504,7327
7505,7331
7506,7522
7507,7411
7508,7451
7509,7439
7510,7412
7511,7330
7512,7383
7513,7218
7514,7456
7515,7447
7516,7344
7517,7625
7518,7598
7519,7420
7520,7516
7521,7632
7522,7683
7523,7416
7524,7595
7525,7636
7526,7688
7527,7745
7528,7502
7529,7722
7530,7629
7531,7659
7532,7585
7533,7613
7534,7804
7535,7807
7536,7743
7537,7687
7538,7871
7539,7820
7540,7758
7541,7700
7542,7811
7543,7922
7544,7898
7545,7783
7546,7908
7547,7887
7548,7819
7549,7854
7550,8018
7551,7848
7552,7852
7553,8012
7554,7888
7555,8038
7556,7796
7557,8002
7558,7940
7559,7927
7560,8153
7561,7915
7562,8057
7563,8152
7564,8082
7565,7840
7566,7959
7567,7850
7568,8184
7569,7948
7570,8116
7571,8271
7572,8247
7573,8049
7574,8093
7575,8192
7576,8036
7577,8087
7578,8129
7579,8297
7580,8105
7581,8029
7582,8066
7583,8217
7584,8193
7585,8141
7586,8283
7587,8118
7588,8166
7589,8353
7590,8139
7591,8099
7592,8395
7593,8136
7594,8334
7595,8176
7596,8184
7597,8249
7598,8219
7599,8226
7600,8275
7601,8317
7602,8462
7603,8134
7604,8366
7605,8222
7606,8421
7607,8260
7608,8129
7609,8354
7610,8131
7611,8258
7612,8256
7613,8520
7614,8350
7615,8488
7616,8341
7617,8332
7618,8344
7619,8511
7620,8329
7621,8347
7622,8460
7623,8369
7624,8245
7625,8335
7626,8508
7627,8386
7628,8341
7629,7917
7630,8515
7631,8427
7632,8268
7633,8382
7634,8501
7635,8348
7636,8534
7637,8337
7638,8394
7639,8321
7640,8463
7641,8508
7642,8536
7643,8433
7644,8313
7645,8379
7646,8409
7647,8340
7648,8543
7649,8336
7650,8202
7651,8444
7652,8494
7653,8390
7654,8250
7655,8432
7656,8327
7657,8370
7658,8506
7659,8501
7660,8314
7661,8410
7662,8470
7663,8402
7664,8373
7665,8377
7666,8439
7667,8501
7668,8358
7669,8603
7670,8462
7671,8413
7672,8388
7673,8342
7674,8374
7675,8333
7676,8196
7677,8388
7678,8414
7679,8233
7680,8334
7681,8147
7682,8209
7683,8437
7684,8226
7685,8270
7686,8189
7687,8307
7688,8457
7689,8368
7690,8256
7691,8264
7692,8089
7693,8322
7694,8345
7695,8030
7696,8360
7697,8250
7698,8284
7699,8276
7700,8109
7701,8084
7702,8192
7703,8302
7704,8182
7705,7971
7706,8356
7707,8091
7708,8148
7709,8013
7710,8121
7711,8130
7712,8074
7713,8134
7714,8079
7715,8200
7716,8022
7717,7866
7718,7939
7719,8169
7720,8058
7721,8017
7722,7811
7723,8026
7724,8009
7725,7957
7726,7891
7727,7849
7728,7834
7729,7986
7730,7838
7731,7788
7732,7894
7733,7834
7734,7871
7735,7949
7736,7766
7737,7788
7738,7793
7739,7771
7740,7748
7741,7773
7742,7729
7743,7675
7744,7804
7745,7675
7746,7639
7747,7839
7748,7653
7749,7713
7750,7863
7751,7703
7752,7597
7753,7522
7754,7523
7755,7480
7756,7582
7757,7488
7758,7548
7759,7518
7760,7469
7761,7357
7762,7547
7763,7330
7764,7405
7765,7312
7766,7504
7767,7496
7768,7179
7769,7353
7770,7231
7771,7354
7772,7265
7773,7382
7774,7228
7775,7253
7776,7139
7777,7145
7778,7121
7779,7282
7780,7256
7781,6954
7782,7219
7783,7119
7784,7089
7785,6975
7786,7047
7787,6958
7788,6919
7789,6942
7790,6844
7791,6850
7792,6973
7793,6962
7794,6889
7795,6689
7796,6670
7797,6711
7798,6749
7799,6719
7800,6697
7801,6660
7802,6603
7803,6657
7804,6611
7805,6546
7806,6666
7807,6623
7808,6582
7809,6614
7810,6497
7811,6429
7812,6288
7813,6515
7814,6389
7815,6458
7816,6295
7817,6260
7818,6275
7819,6283
7820,6307
7821,6337
7822,6261
7823,6208
7824,6186
7825,6149
7826,6082
7827,6128
7828,5977
7829,5981
7830,6026
7831,6076
7832,5886
7833,5896
7834,5812
7835,5948
7836,5938
7837,5867
7838,5992
7839,5802
7840,5994
7841,5755
7842,5777
7843,5723
7844,5741
7845,5652
7846,5577
7847,5669
7848,5688
7849,5586
7850,5520
7851,5618
7852,5525
7853,5430
7854,5509
7855,5500
7856,5490
7857,5405
7858,5369
7859,5479
7860,5343
7861,5354
7862,5246
7863,5209
7864,5188
7865,5206
7866,5290
7867,5060
7868,4949
7869,4976
7870,5083
7871,5021
7872,5049
7873,4974
7874,4873
7875,4645
7876,4936
7877,4969
7878,4724
7879,4786
7880,4957
7881,4876
7882,4742
7883,4627
7884,4786
7885,4612
7886,4550
7887,4730
7888,4487
7889,4611
7890,4563
7891,4433
7892,4319
7893,4443
7894,4418
7895,4479
7896,4424
7897,4382
7898,4227
7899,4422
7900,4309
7901,4281
7902,4115
7903,4204
7904,4216
7905,4231
7906,4160
7907,4027
7908,4146
7909,4102
7910,4046
7911,4037
7912,3984
7913,3922
7914,3904
7915,3818
7916,3935
7917,3818
7918,3839
7919,3752
7920,3814
7921,3841
7922,3854
7923,3731
7924,3630
7925,3669
7926,3640
7927,3611
7928,3499
7929,3667
7930,3541
7931,3519
7932,3495
7933,3462
7934,3376
7935,3417
7936,3434
7937,3339
7938,3342
7939,3360
7940,3314
7941,3259
7942,3183
7943,3130
7944,3156
7945,3101
7946,3207
7947,3157
7948,3079
7949,3078
7950,3126
7951,2983
7952,2970
7953,3002
7954,2929
7955,2964
7956,2898
7957,2845
7958,2794
7959,2799
7960,2759
7961,2771
7962,2789
7963,2702
7964,2835
7965,2697
7966,2706
7967,2706
7968,2665
7969,2618
7970,2644
7971,2594
7972,2489
7973,2513
7974,2470
7975,2499
7976,2412
7977,2361
7978,2410
7979,2311
7980,2351
7981,2366
7982,2248
7983,2236
7984,2277
7985,2314
7986,2229
7987,2107
7988,2172
7989,2183
7990,2092
7991,2106
7992,2154
7993,2049
7994,2005
7995,2027
7996,1959
7997,2048
7998,2000
7999,2050
8000,1967
8001,1935
8002,1932
8003,1916
8004,1945
8005,1858
8006,1791
8007,1841
8008,1802
8009,1809
8010,1745
8011,1772
8012,1780
8013,1746
8014,1720
8015,1726
8016,1737
8017,1636
8018,1670
8019,1623
8020,1571
8021,1581
8022,1557
8023,1537
8024,1561
8025,1459
8026,1515
8027,1494
8028,1470
8029,1436
8030,1430
8031,1377
8032,1396
8033,1339
8034,1351
8035,1338
8036,1291
8037,1317
8038,1280
8039,1287
8040,1288
8041,1311
8042,1223
8043,1241
8044,1169
8045,1154
8046,1183
8047,1183
8048,1210
8049,1113
8050,1140
8051,1059
8052,1113
8053,1054
8054,1096
8055,1016
8056,1060
8057,1036
8058,1028
8059,994
8060,1024
8061,957
8062,956
8063,963
8064,969
8065,947
8066,874
8067,870
8068,869
8069,901
8070,927
8071,869
8072,861
8073,832
8074,831
8075,823
8076,883
8077,812
8078,771
8079,765
8080,795
8081,750
8082,766
8083,751
8084,721
8085,689
8086,718
8087,676
8088,702
8089,712
8090,666
8091,666
8092,673
8093,659
8094,663
8095,672
8096,615
8097,623
8098,619
8099,558
8100,592
8101,561
8102,572
8103,516
8104,534
8105,544
8106,528
8107,555
8108,509
8109,521
8110,474
8111,498
8112,504
8113,466
8114,489
8115,462
8116,455
8117,447
8118,455
8119,452
8120,397
8121,462
8122,426
8123,395
8124,409
8125,405
8126,375
8127,375
8128,351
8129,348
8130,337
8131,384
8132,346
8133,355
8134,348
8135,325
8136,328
8137,331
8138,342
8139,322
8140,285
8141,322
8142,305
8143,272
8144,259
8145,283
8146,285
8147,283
8148,280
8149,276
8150,244
8151,258
8152,254
8153,241
8154,223
8155,264
8156,236
8157,231
8158,214
8159,211
8160,236
8161,199
8162,200
8163,189
8164,192
8165,191
8166,191
8167,195
8168,197
8169,168
8170,172
8171,174
8172,185
8173,182
8174,173
8175,159
8176,161
8177,144
8178,129
8179,165
8180,139
8181,156
8182,162
8183,144
8184,164
8185,115
8186,136
8187,125
8188,155
8189,130
8190,127
8191,124
8192,96
8193,117
8194,113
8195,100
8196,90
8197,132
8198,92
8199,113
8200,111
8201,109
8202,79
8203,97
8204,115
8205,109
8206,104
8207,88
8208,83
8209,81
8210,87
8211,97
8212,78
8213,82
8214,86
8215,89
8216,63
8217,70
8218,73
8219,77
8220,74
8221,68
8222,64
8223,69
8224,45
8225,63
8226,73
8227,58
8228,54
8229,41
8230,38
8231,66
8232,65
8233,45
8234,52
8235,53
8236,53
8237,48
8238,52
8239,38
8240,44
8241,52
8242,31
8243,47
8244,44
8245,41
8246,27
8247,41
8248,26
8249,34
8250,37
8251,37
8252,33
8253,23
8254,35
8255,35
8256,24
8257,36
8258,30
8259,28
8260,25
8261,26
8262,27
8263,28
8264,29
8265,32
8266,29
8267,20
8268,21
8269,27
8270,32
8271,20
8272,20
8273,20
8274,21
8275,21
8276,25
8277,15
8278,25
8279,18
8280,19
8281,10
8282,7
8283,29
8284,18
8285,16
8286,10
8287,12
8288,16
8289,13
8290,14
8291,10
8292,11
8293,11
8294,16
8295,15
8296,9
8297,12
8298,11
8299,10
8300,6
8301,6
8302,10
8303,8
8304,8
8305,11
8306,10
8307,4
8308,4
8309,4
8310,8
8311,7
8312,7
8313,6
8314,8
8315,10
8316,7
8317,7
8318,3
8319,4
8320,2
8321,7
8322,5
8323,2
8324,3
8325,3
8326,5
8327,4
8328,2
8329,10
8330,2
8331,2
8332,3
8333,5
8334,4
8335,2
8336,1
8337,7
8338,3
8339,4
8340,4
8341,1
8342,2
8343,3
8345,4
8347,1
8348,2
8349,1
8350,1
8351,1
8352,5
8353,1
8355,1
8356,3
8357,1
8358,1
8359,2
8360,3
8362,1
8363,2
8364,1
8365,2
8366,1
8367,2
8370,1
8371,1
8372,1
8373,2
8374,1
8375,1
8377,2
8378,3
8379,2
8380,2
8381,2
8382,2
8383,1
8391,2
8392,1
8393,1
8394,2
8395,1
8397,1
8410,1
8414,2
8415,1
8416,1
8417,1
8421,1
8424,1
8430,1
8432,1
8442,1
