1408,1
1413,1
1429,1
1433,2
1434,1
1436,2
1437,1
1439,1
1443,2
1444,1
1445,2
1446,1
1447,2
1448,2
1449,2
1450,2
1451,4
1452,3
1453,1
1454,2
1455,3
1456,3
1457,2
1458,3
1459,2
1460,7
1461,5
1462,3
1463,4
1464,7
1465,3
1466,6
1467,12
1468,3
1469,11
1470,6
1471,6
1472,8
1473,7
1474,11
1475,8
1476,12
1477,10
1478,13
1479,5
1480,8
1481,17
1482,13
1483,15
1484,12
1485,13
1486,15
1487,30
1488,11
1489,24
1490,17
1491,19
1492,19
1493,25
1494,20
1495,23
1496,33
1497,28
1498,25
1499,32
1500,18
1501,31
1502,34
1503,32
1504,36
1505,38
1506,34
1507,41
1508,42
1509,41
1510,51
1511,46
1512,40
1513,52
1514,50
1515,57
1516,46
1517,45
1518,72
1519,61
1520,59
1521,64
1522,61
1523,82
1524,70
1525,82
1526,76
1527,89
1528,93
1529,79
1530,70
1531,87
1532,84
1533,92
1534,92
1535,96
1536,90
1537,105
1538,115
1539,104
1540,120
1541,116
1542,148
1543,125
1544,101
1545,113
1546,141
1547,153
1548,160
1549,153
1550,173
1551,145
1552,160
1553,176
1554,193
1555,171
1556,195
1557,224
1558,194
1559,197
1560,211
1561,209
1562,203
1563,235
1564,228
1565,224
1566,242
1567,249
1568,261
1569,247
1570,265
1571,274
1572,264
1573,276
1574,286
1575,278
1576,298
1577,304
1578,298
1579,350
1580,332
1581,352
1582,345
1583,342
1584,355
1585,402
1586,367
1587,401
1588,407
1589,399
1590,387
1591,459
1592,433
1593,448
1594,480
1595,492
1596,496
1597,539
1598,467
1599,488
1600,497
1601,530
1602,544
1603,588
1604,542
1605,576
1606,583
1607,638
1608,643
1609,648
1610,701
1611,649
1612,676
1613,693
1614,690
1615,697
1616,758
1617,753
1618,779
1619,793
1620,828
1621,780
1622,840
1623,868
1624,843
1625,876
1626,856
1627,914
1628,954
1629,945
1630,1030
1631,1011
1632,972
1633,1045
1634,1031
1635,1060
1636,1105
1637,1126
1638,1167
1639,1173
1640,1194
1641,1113
1642,1245
1643,1260
1644,1233
1645,1306
1646,1242
1647,1290
1648,1342
1649,1366
1650,1451
1651,1402
1652,1487
1653,1407
1654,1567
1655,1577
1656,1582
1657,1530
1658,1561
1659,1617
1660,1650
1661,1690
1662,1707
1663,1593
1664,1718
1665,1779
1666,1824
1667,1821
1668,1806
1669,1922
1670,1973
1671,2017
1672,1971
1673,2075
1674,2042
1675,2065
1676,2061
1677,2100
1678,2246
1679,2146
1680,2259
1681,2300
1682,2383
1683,2359
1684,2322
1685,2446
1686,2469
1687,2449
1688,2561
1689,2540
1690,2585
1691,2530
1692,2773
1693,2616
1694,2716
1695,2758
1696,2792
1697,2847
1698,2950
1699,2987
1700,2952
1701,2973
1702,3062
1703,2978
1704,3039
1705,3201
1706,3186
1707,3142
1708,3390
1709,3171
1710,3328
1711,3336
1712,3387
1713,3448
1714,3464
1715,3435
1716,3641
1717,3507
1718,3607
1719,3755
1720,3868
1721,3870
1722,3906
1723,3808
1724,3979
1725,4095
1726,4139
1727,3984
1728,4222
1729,4215
1730,4281
1731,4299
1732,4265
1733,4226
1734,4449
1735,4495
1736,4573
1737,4568
1738,4667
1739,4547
1740,4744
1741,4729
1742,4842
1743,4795
1744,5029
1745,4994
1746,5102
1747,5041
1748,5074
1749,5223
1750,5294
1751,5234
1752,5408
1753,5364
1754,5548
1755,5469
1756,5642
1757,5535
1758,5600
1759,5664
1760,5736
1761,5868
1762,5763
1763,5895
1764,6067
1765,6076
1766,6176
1767,6062
1768,6208
1769,6062
1770,6305
1771,6325
1772,6547
1773,6411
1774,6439
1775,6684
1776,6592
1777,6693
1778,6734
1779,6571
1780,6804
1781,6777
1782,6847
1783,7050
1784,7007
1785,7072
1786,7108
1787,7275
1788,7242
1789,7334
1790,7371
1791,7420
1792,7447
1793,7521
1794,7771
1795,7681
1796,7774
1797,7930
1798,7985
1799,8060
1800,8035
1801,7925
1802,8021
1803,8026
1804,8170
1805,8418
1806,8241
1807,8427
1808,8532
1809,8432
1810,8421
1811,8544
1812,8622
1813,8670
1814,8751
1815,8976
1816,8751
1817,8917
1818,8878
1819,8896
1820,9082
1821,8985
1822,8977
1823,9235
1824,9215
1825,9199
1826,9493
1827,9485
1828,9429
1829,9514
1830,9537
1831,9787
1832,10060
1833,9704
1834,9691
1835,9961
1836,9945
1837,10012
1838,10014
1839,10066
1840,10148
1841,10217
1842,10165
1843,10337
1844,10326
1845,10196
1846,10381
1847,10506
1848,10436
1849,10373
1850,10552
1851,10541
1852,10675
1853,10686
1854,10773
1855,10758
1856,10986
1857,10914
1858,10866
1859,10987
1860,10936
1861,11110
1862,11183
1863,11066
1864,11123
1865,11249
1866,11366
1867,11434
1868,11147
1869,11486
1870,11468
1871,11486
1872,11600
1873,11473
1874,11549
1875,11476
1876,11603
1877,11690
1878,11709
1879,11708
1880,11722
1881,11929
1882,11880
1883,11705
1884,11965
1885,11875
1886,12062
1887,12080
1888,12087
1889,12180
1890,12222
1891,12303
1892,12378
1893,12321
1894,12507
1895,12340
1896,12355
1897,12472
1898,12240
1899,12401
1900,12374
1901,12412
1902,12657
1903,12385
1904,12497
1905,12523
1906,12614
1907,12728
1908,12554
1909,12879
1910,12700
1911,12934
1912,12568
1913,12554
1914,12860
1915,12941
1916,12811
1917,12981
1918,12724
1919,12864
1920,12987
1921,12962
1922,12807
1923,13007
1924,13261
1925,13085
1926,13135
1927,12990
1928,13119
1929,13013
1930,13006
1931,13104
1932,13195
1933,13155
1934,13113
1935,13204
1936,13106
1937,13047
1938,13344
1939,13446
1940,13241
1941,13210
1942,13438
1943,13317
1944,13231
1945,13253
1946,13293
1947,13127
1948,13094
1949,13325
1950,13409
1951,13087
1952,13366
1953,13382
1954,13328
1955,13308
1956,13246
1957,13306
1958,13265
1959,13230
1960,13284
1961,13430
1962,13331
1963,13231
1964,13196
1965,13214
1966,13425
1967,13367
1968,13416
1969,13361
1970,13232
1971,13386
1972,13394
1973,13316
1974,13442
1975,13101
1976,13539
1977,13165
1978,13323
1979,13229
1980,13150
1981,13445
1982,13208
1983,13286
1984,13243
1985,13271
1986,13256
1987,12997
1988,13295
1989,13016
1990,12992
1991,12975
1992,13248
1993,12991
1994,13309
1995,13078
1996,13066
1997,13013
1998,13064
1999,13041
2000,13341
2001,12995
2002,12818
2003,12831
2004,13084
2005,12934
2006,12709
2007,12943
2008,13005
2009,12893
2010,12768
2011,12946
2012,12770
2013,12872
2014,12766
2015,12786
2016,12707
2017,12531
2018,12580
2019,12676
2020,12694
2021,12503
2022,12533
2023,12524
2024,12399
2025,12492
2026,12342
2027,12379
2028,12311
2029,12258
2030,12483
2031,12366
2032,12290
2033,12311
2034,12165
2035,12117
2036,12144
2037,12178
2038,12071
2039,12099
2040,11909
2041,12124
2042,11935
2043,12050
2044,11939
2045,12004
2046,11896
2047,11670
2048,12063
2049,11816
2050,11779
2051,11775
2052,11735
2053,11582
2054,11776
2055,11732
2056,11594
2057,11569
2058,11464
2059,11419
2060,11324
2061,11402
2062,11323
2063,11376
2064,11380
2065,11395
2066,11180
2067,11260
2068,11288
2069,11236
2070,11150
2071,11341
2072,11048
2073,11001
2074,10865
2075,10990
2076,10943
2077,11002
2078,10985
2079,10967
2080,10617
2081,10707
2082,10872
2083,10751
2084,10594
2085,10519
2086,10535
2087,10502
2088,10442
2089,10440
2090,10568
2091,10504
2092,10352
2093,10383
2094,10444
2095,10297
2096,10262
2097,10249
2098,10172
2099,10311
2100,10174
2101,10179
2102,10104
2103,10313
2104,10008
2105,9954
2106,10066
2107,9945
2108,9977
2109,9905
2110,9832
2111,9781
2112,9598
2113,9610
2114,9666
2115,9689
2116,9605
2117,9755
2118,9414
2119,9445
2120,9521
2121,9341
2122,9222
2123,9318
2124,9238
2125,9227
2126,9124
2127,9209
2128,9148
2129,9078
2130,8932
2131,8863
2132,9014
2133,9076
2134,8923
2135,8883
2136,8760
2137,8734
2138,8880
2139,8733
2140,8750
2141,8587
2142,8597
2143,8579
2144,8652
2145,8712
2146,8461
2147,8485
2148,8439
2149,8566
2150,8498
2151,8437
2152,8166
2153,8268
2154,8213
2155,8131
2156,8223
2157,8093
2158,8057
2159,7983
2160,7957
2161,8042
2162,7960
2163,7992
2164,7815
2165,7821
2166,7979
2167,7736
2168,7845
2169,7760
2170,7745
2171,7547
2172,7743
2173,7575
2174,7511
2175,7494
2176,7506
2177,7508
2178,7367
2179,7407
2180,7398
2181,7225
2182,7356
2183,7236
2184,7075
2185,7104
2186,7284
2187,6904
2188,7126
2189,6998
2190,7092
2191,6820
2192,6890
2193,6939
2194,6838
2195,6934
2196,7048
2197,6665
2198,6925
2199,6830
2200,6735
2201,6640
2202,6621
2203,6651
2204,6521
2205,6565
2206,6617
2207,6455
2208,6348
2209,6261
2210,6367
2211,6438
2212,6308
2213,6474
2214,6274
2215,6204
2216,6178
2217,6108
2218,6184
2219,6129
2220,6024
2221,6061
2222,6037
2223,6026
2224,5962
2225,5902
2226,5965
2227,5838
2228,5760
2229,5839
2230,5856
2231,5821
2232,5668
2233,5654
2234,5625
2235,5662
2236,5609
2237,5625
2238,5633
2239,5385
2240,5464
2241,5422
2242,5479
2243,5462
2244,5334
2245,5254
2246,5309
2247,5234
2248,5230
2249,5277
2250,5229
2251,5149
2252,5091
2253,5122
2254,5122
2255,5187
2256,5011
2257,5157
2258,4860
2259,4940
2260,4859
2261,4878
2262,4846
2263,4753
2264,4903
2265,4831
2266,4714
2267,4686
2268,4643
2269,4777
2270,4640
2271,4577
2272,4647
2273,4668
2274,4516
2275,4567
2276,4457
2277,4501
2278,4638
2279,4290
2280,4484
2281,4368
2282,4480
2283,4415
2284,4292
2285,4253
2286,4360
2287,4224
2288,4240
2289,4299
2290,4166
2291,4190
2292,4062
2293,4241
2294,4062
2295,4022
2296,4067
2297,4091
2298,3983
2299,3965
2300,3977
2301,3947
2302,3907
2303,3921
2304,3797
2305,3817
2306,3778
2307,3674
2308,3835
2309,3688
2310,3728
2311,3551
2312,3612
2313,3751
2314,3573
2315,3556
2316,3541
2317,3452
2318,3634
2319,3480
2320,3450
2321,3486
2322,3391
2323,3450
2324,3355
2325,3303
2326,3361
2327,3360
2328,3382
2329,3301
2330,3292
2331,3347
2332,3258
2333,3269
2334,3174
2335,3281
2336,3086
2337,3141
2338,3151
2339,3107
2340,3125
2341,2944
2342,2970
2343,3028
2344,3018
2345,3018
2346,2991
2347,2990
2348,2883
2349,3012
2350,2965
2351,2866
2352,2836
2353,2783
2354,2844
2355,2905
2356,2728
2357,2888
2358,2856
2359,2745
2360,2766
2361,2730
2362,2703
2363,2598
2364,2682
2365,2607
2366,2658
2367,2629
2368,2641
2369,2544
2370,2601
2371,2542
2372,2619
2373,2535
2374,2417
2375,2552
2376,2534
2377,2457
2378,2506
2379,2433
2380,2388
2381,2407
2382,2415
2383,2370
2384,2448
2385,2390
2386,2258
2387,2252
2388,2253
2389,2333
2390,2365
2391,2312
2392,2209
2393,2288
2394,2082
2395,2261
2396,2148
2397,2185
2398,2129
2399,2099
2400,2167
2401,2124
2402,2168
2403,2141
2404,2037
2405,2093
2406,2079
2407,2100
2408,2103
2409,2093
2410,2081
2411,2041
2412,1950
2413,2011
2414,1975
2415,2006
2416,1944
2417,1946
2418,1904
2419,1949
2420,1944
2421,1951
2422,1839
2423,1839
2424,1812
2425,1819
2426,1823
2427,1853
2428,1805
2429,1775
2430,1748
2431,1713
2432,1778
2433,1735
2434,1699
2435,1710
2436,1670
2437,1745
2438,1694
2439,1599
2440,1589
2441,1651
2442,1599
2443,1630
2444,1599
2445,1601
2446,1656
2447,1614
2448,1546
2449,1615
2450,1513
2451,1599
2452,1546
2453,1557
2454,1485
2455,1474
2456,1513
2457,1501
2458,1533
2459,1537
2460,1490
2461,1489
2462,1432
2463,1424
2464,1486
2465,1405
2466,1439
2467,1462
2468,1393
2469,1385
2470,1367
2471,1398
2472,1348
2473,1386
2474,1362
2475,1317
2476,1353
2477,1356
2478,1310
2479,1285
2480,1315
2481,1297
2482,1330
2483,1263
2484,1305
2485,1256
2486,1220
2487,1213
2488,1237
2489,1268
2490,1259
2491,1210
2492,1193
2493,1130
2494,1136
2495,1162
2496,1211
2497,1206
2498,1162
2499,1161
2500,1117
2501,1187
2502,1166
2503,1123
2504,1146
2505,1158
2506,1073
2507,1079
2508,1090
2509,1088
2510,1071
2511,1065
2512,1079
2513,1012
2514,1045
2515,981
2516,1014
2517,1072
2518,1050
2519,992
2520,980
2521,1054
2522,978
2523,985
2524,980
2525,992
2526,1005
2527,969
2528,948
2529,952
2530,974
2531,991
2532,974
2533,959
2534,859
2535,936
2536,897
2537,932
2538,919
2539,931
2540,907
2541,911
2542,894
2543,931
2544,904
2545,896
2546,889
2547,888
2548,834
2549,854
2550,844
2551,839
2552,880
2553,820
2554,857
2555,783
2556,795
2557,818
2558,803
2559,781
2560,803
2561,763
2562,767
2563,799
2564,814
2565,755
2566,784
2567,701
2568,768
2569,722
2570,703
2571,781
2572,715
2573,698
2574,730
2575,754
2576,736
2577,736
2578,686
2579,659
2580,672
2581,636
2582,685
2583,659
2584,675
2585,690
2586,680
2587,704
2588,641
2589,618
2590,621
2591,631
2592,649
2593,637
2594,621
2595,668
2596,650
2597,607
2598,603
2599,605
2600,606
2601,612
2602,573
2603,608
2604,574
2605,555
2606,575
2607,580
2608,570
2609,564
2610,603
2611,593
2612,539
2613,561
2614,539
2615,538
2616,544
2617,538
2618,559
2619,516
2620,528
2621,529
2622,482
2623,538
2624,532
2625,496
2626,471
2627,487
2628,488
2629,531
2630,499
2631,508
2632,472
2633,475
2634,492
2635,481
2636,482
2637,480
2638,453
2639,450
2640,460
2641,472
2642,435
2643,478
2644,438
2645,455
2646,466
2647,429
2648,444
2649,405
2650,415
2651,457
2652,406
2653,426
2654,441
2655,422
2656,412
2657,429
2658,409
2659,386
2660,411
2661,430
2662,375
2663,404
2664,384
2665,391
2666,405
2667,388
2668,355
2669,353
2670,374
2671,378
2672,385
2673,356
2674,346
2675,359
2676,382
2677,348
2678,369
2679,378
2680,319
2681,377
2682,347
2683,350
2684,332
2685,365
2686,319
2687,324
2688,336
2689,326
2690,327
2691,313
2692,331
2693,329
2694,296
2695,301
2696,300
2697,329
2698,305
2699,278
2700,310
2701,305
2702,312
2703,351
2704,290
2705,279
2706,301
2707,268
2708,304
2709,301
2710,271
2711,311
2712,285
2713,298
2714,244
2715,266
2716,265
2717,299
2718,246
2719,264
2720,267
2721,260
2722,266
2723,265
2724,277
2725,258
2726,262
2727,258
2728,269
2729,284
2730,233
2731,243
2732,239
2733,279
2734,250
2735,253
2736,256
2737,250
2738,250
2739,230
2740,213
2741,230
2742,243
2743,258
2744,242
2745,213
2746,240
2747,235
2748,230
2749,231
2750,229
2751,196
2752,214
2753,215
2754,179
2755,217
2756,205
2757,212
2758,229
2759,209
2760,203
2761,197
2762,204
2763,179
2764,210
2765,218
2766,226
2767,214
2768,178
2769,213
2770,190
2771,193
2772,197
2773,197
2774,184
2775,160
2776,168
2777,176
2778,209
2779,187
2780,177
2781,206
2782,167
2783,169
2784,173
2785,177
2786,167
2787,168
2788,174
2789,159
2790,167
2791,163
2792,161
2793,157
2794,172
2795,165
2796,160
2797,159
2798,150
2799,133
2800,146
2801,159
2802,159
2803,158
2804,159
2805,140
2806,146
2807,150
2808,142
2809,164
2810,155
2811,143
2812,151
2813,138
2814,143
2815,141
2816,143
2817,129
2818,147
2819,139
2820,126
2821,147
2822,121
2823,139
2824,153
2825,134
2826,143
2827,154
2828,134
2829,127
2830,116
2831,112
2832,125
2833,130
2834,119
2835,125
2836,129
2837,135
2838,137
2839,131
2840,135
2841,121
2842,139
2843,129
2844,137
2845,113
2846,117
2847,127
2848,129
2849,132
2850,110
2851,106
2852,129
2853,105
2854,111
2855,110
2856,117
2857,120
2858,96
2859,119
2860,98
2861,126
2862,121
2863,113
2864,116
2865,105
2866,136
2867,103
2868,113
2869,100
2870,99
2871,101
2872,112
2873,110
2874,99
2875,88
2876,123
2877,97
2878,97
2879,107
2880,85
2881,75
2882,108
2883,104
2884,110
2885,89
2886,89
2887,90
2888,113
2889,95
2890,111
2891,98
2892,79
2893,87
2894,97
2895,96
2896,75
2897,86
2898,104
2899,85
2900,88
2901,108
2902,82
2903,94
2904,85
2905,99
2906,91
2907,95
2908,77
2909,99
2910,74
2911,86
2912,76
2913,89
2914,97
2915,73
2916,71
2917,88
2918,90
2919,85
2920,94
2921,92
2922,62
2923,83
2924,65
2925,87
2926,84
2927,76
2928,85
2929,71
2930,76
2931,67
2932,77
2933,82
2934,69
2935,83
2936,73
2937,63
2938,66
2939,72
2940,82
2941,71
2942,84
2943,73
2944,72
2945,82
2946,60
2947,63
2948,75
2949,80
2950,71
2951,86
2952,66
2953,79
2954,70
2955,70
2956,65
2957,71
2958,89
2959,68
2960,85
2961,71
2962,72
2963,57
2964,66
2965,68
2966,64
2967,72
2968,65
2969,69
2970,65
2971,65
2972,59
2973,66
2974,62
2975,67
2976,65
2977,59
2978,65
2979,67
2980,57
2981,66
2982,64
2983,59
2984,67
2985,48
2986,61
2987,53
2988,60
2989,62
2990,69
2991,55
2992,58
2993,69
2994,65
2995,59
2996,64
2997,54
2998,52
2999,53
3000,54
3001,63
3002,65
3003,48
3004,55
3005,61
3006,62
3007,65
3008,52
3009,53
3010,59
3011,46
3012,54
3013,59
3014,41
3015,48
3016,50
3017,53
3018,55
3019,71
3020,56
3021,47
3022,57
3023,51
3024,43
3025,41
3026,43
3027,52
3028,43
3029,38
3030,47
3031,56
3032,39
3033,51
3034,47
3035,52
3036,50
3037,33
3038,48
3039,53
3040,45
3041,39
3042,31
3043,45
3044,49
3045,40
3046,48
3047,46
3048,61
3049,66
3050,38
3051,39
3052,46
3053,41
3054,38
3055,49
3056,58
3057,61
3058,35
3059,40
3060,44
3061,36
3062,47
3063,50
3064,45
3065,47
3066,46
3067,40
3068,48
3069,56
3070,37
3071,45
3072,39
3073,44
3074,35
3075,31
3076,48
3077,42
3078,38
3079,46
3080,51
3081,34
3082,40
3083,28
3084,40
3085,47
3086,43
3087,36
3088,36
3089,46
3090,39
3091,30
3092,38
3093,54
3094,32
3095,33
3096,36
3097,55
3098,29
3099,42
3100,35
3101,32
3102,46
3103,30
3104,38
3105,42
3106,28
3107,40
3108,31
3109,38
3110,28
3111,29
3112,42
3113,32
3114,42
3115,47
3116,35
3117,41
3118,41
3119,46
3120,38
3121,34
3122,34
3123,37
3124,37
3125,39
3126,44
3127,29
3128,45
3129,30
3130,25
3131,33
3132,36
3133,44
3134,31
3135,35
3136,35
3137,37
3138,33
3139,28
3140,33
3141,34
3142,42
3143,37
3144,38
3145,28
3146,38
3147,40
3148,25
3149,35
3150,36
3151,40
3152,33
3153,33
3154,37
3155,26
3156,39
3157,33
3158,30
3159,31
3160,29
3161,39
3162,32
3163,25
3164,35
3165,35
3166,45
3167,32
3168,26
3169,35
3170,30
3171,37
3172,40
3173,32
3174,32
3175,34
3176,35
3177,36
3178,36
3179,26
3180,41
3181,29
3182,30
3183,42
3184,27
3185,40
3186,29
3187,30
3188,43
3189,21
3190,32
3191,36
3192,33
3193,27
3194,46
3195,26
3196,37
3197,29
3198,37
3199,37
3200,36
3201,36
3202,31
3203,34
3204,34
3205,31
3206,24
3207,28
3208,37
3209,39
3210,32
3211,29
3212,34
3213,30
3214,25
3215,31
3216,24
3217,33
3218,32
3219,37
3220,38
3221,36
3222,30
3223,39
3224,40
3225,52
3226,29
3227,26
3228,25
3229,40
3230,35
3231,28
3232,40
3233,35
3234,32
3235,31
3236,22
3237,31
3238,36
3239,33
3240,17
3241,30
3242,21
3243,32
3244,21
3245,41
3246,31
3247,43
3248,30
3249,27
3250,43
3251,34
3252,34
3253,47
3254,32
3255,30
3256,40
3257,34
3258,35
3259,29
3260,32
3261,37
3262,41
3263,26
3264,26
3265,26
3266,33
3267,36
3268,39
3269,35
3270,33
3271,32
3272,31
3273,30
3274,32
3275,29
3276,36
3277,44
3278,31
3279,42
3280,29
3281,31
3282,40
3283,33
3284,30
3285,28
3286,30
3287,25
3288,26
3289,37
3290,36
3291,35
3292,27
3293,32
3294,27
3295,33
3296,37
3297,25
3298,25
3299,32
3300,38
3301,36
3302,27
3303,30
3304,39
3305,32
3306,30
3307,33
3308,31
3309,27
3310,38
3311,34
3312,30
3313,23
3314,35
3315,33
3316,33
3317,40
3318,41
3319,38
3320,41
3321,35
3322,37
3323,37
3324,31
3325,24
3326,30
3327,40
3328,26
3329,28
3330,33
3331,27
3332,38
3333,32
3334,34
3335,27
3336,38
3337,36
3338,46
3339,41
3340,39
3341,33
3342,31
3343,41
3344,32
3345,44
3346,28
3347,37
3348,35
3349,22
3350,31
3351,34
3352,28
3353,40
3354,28
3355,37
3356,37
3357,43
3358,34
3359,44
3360,33
3361,33
3362,24
3363,38
3364,42
3365,23
3366,38
3367,40
3368,34
3369,42
3370,38
3371,36
3372,33
3373,35
3374,36
3375,36
3376,32
3377,38
3378,28
3379,29
3380,32
3381,37
3382,27
3383,31
3384,35
3385,34
3386,37
3387,35
3388,35
3389,47
3390,28
3391,44
3392,28
3393,31
3394,36
3395,29
3396,23
3397,42
3398,34
3399,31
3400,46
3401,39
3402,31
3403,27
3404,38
3405,30
3406,32
3407,36
3408,24
3409,34
3410,39
3411,36
3412,29
3413,29
3414,29
3415,35
3416,33
3417,38
3418,38
3419,41
3420,35
3421,22
3422,40
3423,24
3424,36
3425,39
3426,35
3427,28
3428,34
3429,39
3430,36
3431,29
3432,30
3433,34
3434,42
3435,24
3436,20
3437,37
3438,24
3439,33
3440,35
3441,30
3442,35
3443,24
3444,23
3445,35
3446,33
3447,27
3448,28
3449,40
3450,35
3451,33
3452,19
3453,35
3454,26
3455,25
3456,30
3457,32
3458,24
3459,25
3460,24
3461,21
3462,33
3463,20
3464,27
3465,25
3466,31
3467,23
3468,15
3469,26
3470,26
3471,35
3472,17
3473,27
3474,17
3475,26
3476,29
3477,19
3478,24
3479,21
3480,26
3481,23
3482,22
3483,20
3484,26
3485,17
3486,18
3487,23
3488,18
3489,20
3490,18
3491,20
3492,27
3493,15
3494,19
3495,18
3496,16
3497,27
3498,14
3499,23
3500,23
3501,21
3502,21
3503,23
3504,19
3505,25
3506,17
3507,20
3508,22
3509,23
3510,22
3511,22
3512,20
3513,18
3514,21
3515,18
3516,24
3517,25
3518,14
3519,17
3520,22
3521,14
3522,24
3523,13
3524,24
3525,23
3526,15
3527,14
3528,16
3529,10
3530,23
3531,15
3532,16
3533,12
3534,10
3535,14
3536,12
3537,9
3538,13
3539,16
3540,18
3541,15
3542,14
3543,10
3544,13
3545,18
3546,10
3547,15
3548,16
3549,17
3550,10
3551,17
3552,17
3553,11
3554,10
3555,14
3556,17
3557,13
3558,10
3559,6
3560,9
3561,8
3562,12
3563,15
3564,18
3565,18
3566,11
3567,11
3568,17
3569,7
3570,12
3571,13
3572,20
3573,7
3574,14
3575,9
3576,10
3577,11
3578,10
3579,7
3580,6
3581,6
3582,12
3583,7
3584,18
3585,7
3586,14
3587,10
3588,11
3589,14
3590,6
3591,6
3592,5
3593,14
3594,11
3595,10
3596,12
3597,16
3598,12
3599,5
3600,8
3601,7
3602,4
3603,7
3604,7
3605,11
3606,11
3607,10
3608,7
3609,8
3610,7
3611,12
3612,11
3613,7
3614,8
3615,7
3616,8
3617,9
3618,7
3619,5
3620,4
3621,10
3622,6
3623,6
3624,4
3625,5
3626,9
3627,6
3628,6
3629,6
3630,12
3631,9
3632,7
3633,4
3634,6
3635,8
3636,5
3637,3
3638,6
3639,7
3640,10
3641,9
3642,6
3643,7
3644,5
3645,8
3646,7
3647,4
3648,7
3649,3
3650,7
3651,3
3652,6
3653,6
3654,2
3655,3
3656,10
3657,7
3658,2
3659,7
3660,6
3661,11
3662,3
3663,2
3664,9
3665,6
3666,5
3667,6
3668,6
3669,7
3670,3
3671,3
3672,4
3673,5
3674,3
3675,3
3676,6
3677,1
3678,10
3679,4
3680,5
3681,4
3682,5
3683,5
3684,6
3685,9
3686,9
3687,6
3688,3
3689,4
3690,4
3691,5
3692,2
3693,9
3694,4
3695,5
3696,3
3697,6
3698,3
3699,8
3700,4
3701,6
3702,6
3703,6
3704,7
3705,3
3706,7
3707,8
3708,1
3709,11
3710,5
3711,6
3712,8
3713,7
3714,6
3715,3
3716,2
3717,8
3718,7
3719,7
3720,6
3721,9
3722,2
3723,7
3724,3
3725,12
3726,6
3727,6
3728,8
3729,8
3730,3
3731,7
3732,4
3733,6
3734,6
3735,7
3736,6
3737,4
3738,10
3739,4
3740,9
3741,4
3742,7
3743,9
3744,4
3745,7
3746,5
3747,8
3748,5
3749,3
3750,1
3751,5
3752,5
3753,7
3754,7
3755,7
3756,10
3757,8
3758,8
3759,5
3760,10
3761,3
3762,7
3763,10
3764,3
3765,11
3766,6
3767,8
3768,7
3769,7
3770,10
3771,3
3772,6
3773,12
3774,10
3775,6
3776,8
3777,10
3778,11
3779,5
3780,13
3781,7
3782,5
3783,8
3784,15
3785,13
3786,17
3787,6
3788,9
3789,12
3790,8
3791,9
3792,4
3793,10
3794,9
3795,10
3796,8
3797,7
3798,21
3799,12
3800,9
3801,18
3802,6
3803,14
3804,6
3805,14
3806,10
3807,9
3808,11
3809,9
3810,12
3811,16
3812,15
3813,19
3814,8
3815,13
3816,9
3817,9
3818,14
3819,18
3820,10
3821,15
3822,17
3823,1
3824,14
3825,6
3826,8
3827,13
3828,18
3829,18
3830,15
3831,9
3832,15
3833,9
3834,9
3835,16
3836,13
3837,15
3838,8
3839,12
3840,18
3841,11
3842,13
3843,12
3844,19
3845,11
3846,11
3847,18
3848,11
3849,15
3850,14
3851,13
3852,22
3853,11
3854,21
3855,20
3856,16
3857,20
3858,18
3859,20
3860,14
3861,18
3862,12
3863,21
3864,13
3865,19
3866,17
3867,15
3868,20
3869,9
3870,17
3871,21
3872,18
3873,22
3874,13
3875,16
3876,16
3877,11
3878,19
3879,15
3880,11
3881,13
3882,19
3883,14
3884,23
3885,18
3886,13
3887,15
3888,19
3889,15
3890,20
3891,13
3892,18
3893,14
3894,18
3895,28
3896,20
3897,11
3898,15
3899,6
3900,24
3901,24
3902,7
3903,12
3904,17
3905,17
3906,21
3907,10
3908,6
3909,10
3910,9
3911,12
3912,13
3913,13
3914,19
3915,10
3916,12
3917,10
3918,21
3919,17
3920,22
3921,14
3922,20
3923,15
3924,22
3925,19
3926,20
3927,14
3928,18
3929,23
3930,18
3931,16
3932,14
3933,19
3934,20
3935,16
3936,18
3937,14
3938,9
3939,17
3940,13
3941,20
3942,14
3943,10
3944,11
3945,17
3946,19
3947,12
3948,13
3949,19
3950,19
3951,15
3952,12
3953,16
3954,17
3955,14
3956,12
3957,11
3958,18
3959,9
3960,21
3961,12
3962,10
3963,18
3964,20
3965,11
3966,14
3967,13
3968,13
3969,15
3970,17
3971,18
3972,10
3973,17
3974,14
3975,19
3976,20
3977,12
3978,15
3979,11
3980,14
3981,8
3982,22
3983,20
3984,19
3985,18
3986,8
3987,11
3988,12
3989,16
3990,18
3991,10
3992,7
3993,7
3994,12
3995,20
3996,8
3997,20
3998,7
3999,16
4000,9
4001,16
4002,8
4003,15
4004,9
4005,17
4006,5
4007,13
4008,14
4009,8
4010,12
4011,12
4012,13
4013,17
4014,5
4015,7
4016,13
4017,13
4018,7
4019,7
4020,8
4021,7
4022,14
4023,12
4024,14
4025,16
4026,11
4027,7
4028,8
4029,12
4030,13
4031,9
4032,10
4033,10
4034,10
4035,6
4036,13
4037,6
4038,16
4039,12
4040,9
4041,9
4042,11
4043,9
4044,11
4045,11
4046,9
4047,8
4048,4
4049,4
4050,14
4051,6
4052,8
4053,9
4054,9
4055,7
4056,10
4057,10
4058,8
4059,4
4060,11
4061,9
4062,13
4063,8
4064,8
4065,12
4066,9
4067,5
4068,5
4069,7
4070,6
4071,9
4072,9
4073,9
4074,6
4075,7
4076,6
4077,6
4078,8
4079,7
4080,6
4081,4
4082,9
4083,6
4084,5
4085,11
4086,3
4087,8
4088,6
4089,6
4090,2
4091,4
4092,4
4093,3
4094,9
4095,9
4096,9
4097,1
4098,6
4099,6
4100,9
4101,4
4102,7
4103,3
4104,2
4105,5
4106,5
4107,5
4108,2
4109,5
4110,4
4111,7
4112,4
4113,6
4114,8
4115,6
4116,8
4117,4
4118,4
4119,5
4120,2
4121,4
4122,7
4123,4
4124,2
4125,4
4126,4
4127,5
4128,3
4129,6
4130,4
4131,3
4132,2
4133,2
4134,6
4135,4
4136,4
4137,4
4138,3
4139,3
4140,4
4141,4
4142,4
4143,5
4144,1
4145,4
4146,3
4147,6
4148,3
4149,2
4150,2
4151,6
4152,5
4153,4
4154,2
4155,1
4156,6
4157,3
4158,1
4159,4
4160,4
4161,3
4163,1
4164,2
4165,1
4166,3
4167,1
4168,1
4169,6
4170,4
4171,5
4172,4
4173,2
4174,5
4175,3
4176,6
4177,2
4178,1
4179,3
4180,2
4181,3
4182,1
4183,3
4184,4
4185,2
4186,1
4187,1
4188,3
4189,3
4190,2
4191,2
4193,3
4194,2
4195,1
4196,1
4197,3
4198,5
4199,4
4200,2
4201,5
4202,2
4203,3
4204,2
4205,2
4206,1
4207,4
4208,1
4209,1
4210,3
4211,5
4212,2
4213,6
4214,2
4215,1
4216,1
4217,4
4218,3
4219,1
4220,1
4223,4
4224,1
4225,2
4226,1
4227,5
4228,4
4229,3
4230,1
4231,3
4232,4
4235,2
4236,2
4237,3
4238,2
4240,1
4241,3
4243,1
4245,3
4246,2
4248,1
4250,1
4252,2
4253,1
4254,1
4255,1
4256,1
4257,1
4258,1
4259,2
4260,1
4263,5
4264,2
4266,1
4267,2
4268,1
4269,3
4270,1
4272,1
4273,2
4274,1
4276,2
4277,2
4281,1
4285,2
4286,2
4287,1
4290,1
4292,2
4293,2
4296,2
4298,1
4302,2
4303,1
4304,3
4307,2
4308,1
4310,1
4312,1
4313,1
4314,1
4315,1
4317,1
4318,1
4319,1
4323,3
4325,1
4326,1
4329,2
4333,1
4337,1
4339,1
4341,1
4344,1
4346,1
4347,3
4350,1
4351,2
4353,1
4355,1
4356,1
4357,2
4363,1
4367,2
4374,1
4375,2
4377,1
4379,1
4385,2
4387,1
4391,2
4392,1
4398,1
4399,1
4402,2
4406,1
4411,1
4412,1
4416,1
4417,1
4418,2
4424,1
4433,2
4434,1
4437,1
4448,1
4452,1
4453,1
4455,1
4462,1
4463,1
4464,1
4465,1
4470,1
4471,1
4474,1
4476,1
4480,1
4484,1
4492,3
4502,1
4503,1
4505,1
4508,1
4513,1
4522,1
4525,2
4530,1
4531,1
4535,1
4536,2
4537,1
4539,1
4542,1
4543,2
4544,1
4550,2
4554,2
4556,1
4557,1
4560,1
4564,1
4571,1
4572,3
4573,1
4575,1
4576,2
4577,1
4586,2
4588,2
4590,3
4592,2
4593,2
4594,2
4595,1
4596,1
4597,1
4598,2
4599,1
4600,1
4601,2
4602,2
4603,2
4604,1
4605,1
4606,4
4607,1
4608,1
4611,1
4612,1
4613,1
4614,1
4615,3
4616,1
4617,2
4618,2
4620,2
4621,1
4623,1
4625,2
4626,1
4627,3
4628,3
4631,1
4632,1
4634,2
4635,2
4637,1
4639,1
4640,1
4641,2
4642,1
4643,1
4644,3
4645,5
4646,3
4647,1
4648,1
4649,2
4650,1
4651,1
4652,2
4653,1
4654,2
4655,3
4656,1
4658,7
4659,2
4660,3
4661,5
4663,4
4664,1
4665,1
4666,3
4667,4
4668,2
4669,2
4670,1
4671,3
4672,1
4673,4
4674,3
4675,3
4676,4
4677,2
4678,3
4679,3
4680,1
4681,3
4682,4
4683,7
4684,1
4685,5
4686,7
4687,3
4688,3
4689,1
4690,4
4691,1
4692,2
4693,4
4694,1
4695,3
4696,5
4697,3
4698,5
4699,3
4700,6
4701,3
4702,1
4703,4
4704,4
4705,8
4706,8
4707,2
4708,4
4709,8
4710,6
4711,2
4712,5
4713,3
4714,5
4715,5
4716,5
4717,4
4718,5
4719,7
4720,9
4721,9
4722,6
4723,5
4724,7
4726,7
4727,4
4728,10
4729,5
4730,8
4731,4
4732,5
4733,5
4734,8
4735,6
4736,7
4737,3
4738,4
4739,5
4740,10
4741,11
4742,5
4743,5
4744,8
4745,6
4746,4
4747,3
4748,7
4749,4
4750,8
4751,10
4752,10
4753,11
4754,9
4755,10
4756,7
4757,7
4758,6
4759,11
4760,9
4761,10
4762,11
4763,12
4764,6
4765,3
4766,6
4767,3
4768,12
4769,19
4770,5
4771,9
4772,6
4773,7
4774,5
4775,9
4776,7
4777,13
4778,14
4779,11
4780,10
4781,11
4782,11
4783,12
4784,10
4785,9
4786,7
4787,13
4788,15
4789,4
4790,12
4791,14
4792,7
4793,8
4794,7
4795,12
4796,6
4797,9
4798,20
4799,15
4800,19
4801,8
4802,9
4803,16
4804,13
4805,14
4806,18
4807,11
4808,13
4809,13
4810,16
4811,13
4812,14
4813,12
4814,13
4815,14
4816,9
4817,11
4818,15
4819,16
4820,21
4821,14
4822,19
4823,12
4824,19
4825,13
4826,18
4827,14
4828,11
4829,17
4830,18
4831,16
4832,15
4833,9
4834,12
4835,16
4836,16
4837,20
4838,18
4839,7
4840,18
4841,18
4842,22
4843,17
4844,20
4845,19
4846,15
4847,18
4848,20
4849,16
4850,24
4851,14
4852,15
4853,14
4854,17
4855,18
4856,17
4857,20
4858,21
4859,9
4860,15
4861,24
4862,18
4863,16
4864,16
4865,16
4866,15
4867,17
4868,17
4869,20
4870,15
4871,23
4872,23
4873,17
4874,17
4875,21
4876,21
4877,21
4878,15
4879,20
4880,7
4881,19
4882,14
4883,21
4884,13
4885,22
4886,14
4887,14
4888,16
4889,13
4890,14
4891,22
4892,26
4893,24
4894,22
4895,22
4896,20
4897,26
4898,16
4899,20
4900,23
4901,28
4902,33
4903,29
4904,20
4905,24
4906,26
4907,19
4908,18
4909,19
4910,28
4911,17
4912,14
4913,15
4914,17
4915,24
4916,20
4917,17
4918,17
4919,15
4920,23
4921,22
4922,29
4923,21
4924,24
4925,24
4926,19
4927,19
4928,30
4929,22
4930,24
4931,30
4932,25
4933,25
4934,19
4935,20
4936,25
4937,19
4938,18
4939,19
4940,26
4941,22
4942,27
4943,25
4944,24
4945,30
4946,18
4947,19
4948,30
4949,26
4950,30
4951,34
4952,19
4953,24
4954,21
4955,19
4956,23
4957,21
4958,19
4959,19
4960,32
4961,30
4962,24
4963,33
4964,24
4965,19
4966,29
4967,25
4968,24
4969,16
4970,20
4971,19
4972,20
4973,22
4974,22
4975,28
4976,31
4977,26
4978,29
4979,28
4980,21
4981,20
4982,24
4983,25
4984,22
4985,31
4986,29
4987,29
4988,14
4989,25
4990,25
4991,31
4992,18
4993,17
4994,23
4995,25
4996,24
4997,24
4998,16
4999,27
5000,29
5001,20
5002,27
5003,26
5004,29
5005,25
5006,24
5007,24
5008,18
5009,26
5010,24
5011,31
5012,21
5013,18
5014,27
5015,22
5016,18
5017,27
5018,21
5019,19
5020,26
5021,24
5022,31
5023,26
5024,27
5025,29
5026,19
5027,28
5028,22
5029,25
5030,35
5031,25
5032,20
5033,16
5034,18
5035,25
5036,27
5037,25
5038,32
5039,34
5040,18
5041,22
5042,22
5043,23
5044,18
5045,25
5046,18
5047,35
5048,32
5049,16
5050,17
5051,30
5052,30
5053,18
5054,20
5055,18
5056,21
5057,23
5058,24
5059,23
5060,14
5061,26
5062,19
5063,16
5064,13
5065,28
5066,23
5067,22
5068,14
5069,27
5070,16
5071,25
5072,9
5073,22
5074,22
5075,22
5076,28
5077,17
5078,18
5079,25
5080,17
5081,39
5082,14
5083,17
5084,23
5085,22
5086,26
5087,27
5088,28
5089,18
5090,16
5091,21
5092,23
5093,19
5094,25
5095,24
5096,22
5097,19
5098,27
5099,34
5100,19
5101,25
5102,21
5103,12
5104,28
5105,22
5106,19
5107,20
5108,20
5109,21
5110,20
5111,25
5112,31
5113,12
5114,20
5115,15
5116,19
5117,21
5118,22
5119,17
5120,27
5121,19
5122,20
5123,15
5124,21
5125,23
5126,26
5127,16
5128,17
5129,19
5130,17
5131,19
5132,19
5133,15
5134,22
5135,20
5136,15
5137,13
5138,12
5139,16
5140,22
5141,21
5142,21
5143,20
5144,16
5145,18
5146,15
5147,12
5148,14
5149,16
5150,19
5151,13
5152,20
5153,11
5154,19
5155,15
5156,19
5157,20
5158,14
5159,17
5160,16
5161,15
5162,13
5163,20
5164,10
5165,8
5166,16
5167,11
5168,9
5169,21
5170,17
5171,17
5172,15
5173,14
5174,14
5175,16
5176,15
5177,14
5178,11
5179,18
5180,16
5181,15
5182,12
5183,22
5184,13
5185,7
5186,14
5187,10
5188,18
5189,9
5190,10
5191,12
5192,18
5193,14
5194,10
5195,10
5196,16
5197,13
5198,6
5199,11
5200,9
5201,14
5202,14
5203,6
5204,12
5205,14
5206,11
5207,7
5208,11
5209,12
5210,12
5211,10
5212,11
5213,17
5214,13
5215,7
5216,9
5217,7
5218,19
5219,7
5220,10
5221,11
5222,11
5223,4
5224,15
5225,4
5226,5
5227,9
5228,11
5229,7
5230,11
5231,10
5232,3
5233,15
5234,5
5235,9
5236,5
5237,16
5238,9
5239,5
5240,9
5241,9
5242,8
5243,10
5244,10
5245,4
5246,7
5247,6
5248,8
5249,8
5250,6
5251,5
5252,5
5253,6
5254,3
5255,8
5256,9
5257,3
5258,10
5259,9
5260,6
5261,10
5263,6
5264,5
5265,2
5266,3
5267,7
5268,3
5269,3
5270,9
5271,7
5272,3
5273,6
5274,5
5275,8
5276,7
5277,1
5278,7
5279,2
5280,1
5281,4
5282,4
5283,6
5284,4
5285,3
5286,3
5287,6
5288,2
5289,5
5290,6
5291,2
5292,4
5293,4
5294,1
5295,8
5296,7
5297,6
5298,3
5299,6
5300,3
5301,8
5302,3
5303,6
5304,4
5305,8
5306,4
5307,3
5308,3
5309,6
5310,6
5311,3
5312,6
5313,3
5314,4
5315,5
5316,1
5317,4
5318,2
5321,6
5323,2
5324,1
5325,4
5326,4
5327,2
5328,1
5329,2
5330,2
5331,1
5332,3
5333,1
5334,5
5336,4
5337,2
5338,4
5339,6
5340,4
5341,2
5343,1
5344,4
5345,1
5346,2
5347,3
5348,1
5350,3
5351,5
5352,1
5353,1
5354,2
5356,2
5357,3
5358,3
5359,1
5360,2
5361,1
5362,1
5363,1
5364,1
5365,2
5367,3
5368,1
5369,3
5370,4
5371,1
5372,1
5375,3
5376,1
5378,6
5379,1
5380,2
5382,3
5383,1
5384,3
5385,2
5390,1
5391,1
5393,1
5394,1
5395,2
5396,2
5397,2
5398,2
5400,1
5402,2
5405,1
5406,1
5407,2
5408,1
5411,1
5413,1
5415,2
5418,2
5419,1
5420,1
5423,2
5424,1
5426,1
5428,1
5429,1
5431,2
5433,1
5436,2
5438,1
5442,1
5444,2
5445,1
5448,3
5449,1
5452,1
5453,1
5454,1
5457,1
5458,1
5460,1
5461,2
5462,1
5465,1
5467,1
5468,1
5469,2
5472,2
5474,1
5477,1
5483,1
5486,1
5490,1
5491,1
5500,1
5507,1
5510,1
5512,1
5514,2
5515,1
5527,2
5531,1
5532,1
5536,1
5547,1
5550,1
5551,1
5553,1
5555,1
5556,1
5558,1
5561,1
5564,1
5567,1
5574,1
5577,1
5578,1
5579,1
5580,1
5581,1
5585,1
5586,1
5592,1
5594,1
5595,1
5599,1
5603,1
5609,1
5612,1
5616,1
5618,1
5620,1
5621,1
5624,1
5629,1
5630,1
5633,2
5634,1
5637,4
5638,1
5641,1
5642,1
5643,1
5646,1
5647,2
5649,1
5652,1
5659,1
5663,2
5664,1
5665,1
5668,1
5671,1
5675,1
5677,1
5679,1
5682,2
5683,1
5686,2
5690,1
5691,1
5693,2
5698,1
5700,3
5702,1
5706,2
5707,2
5708,1
5710,1
5711,1
5712,1
5718,1
5719,1
5720,1
5723,2
5728,2
5729,2
5730,1
5731,1
5732,1
5733,1
5734,1
5735,2
5736,1
5738,1
5739,2
5740,1
5743,2
5744,1
5745,2
5746,2
5747,1
5750,1
5751,3
5753,1
5755,1
5757,2
5758,3
5761,1
5762,2
5763,1
5764,1
5765,1
5766,2
5768,1
5769,2
5770,4
5772,1
5773,2
5774,3
5777,3
5778,1
5779,2
5780,3
5781,1
5782,1
5783,1
5784,1
5786,2
5787,3
5789,2
5790,2
5791,2
5792,1
5793,1
5794,3
5797,1
5798,2
5799,1
5800,2
5801,3
5802,3
5803,2
5804,3
5805,1
5806,1
5807,3
5808,2
5810,3
5811,2
5812,4
5813,1
5814,2
5815,1
5817,1
5819,6
5820,2
5821,4
5822,2
5823,3
5824,2
5825,2
5827,2
5828,3
5829,2
5831,1
5832,9
5833,4
5834,7
5835,2
5836,5
5837,5
5838,5
5839,2
5840,9
5841,2
5842,1
5843,3
5844,4
5845,6
5846,6
5847,3
5848,2
5849,5
5850,4
5851,1
5852,2
5853,3
5854,2
5855,5
5856,5
5857,3
5858,6
5859,3
5860,6
5861,5
5862,6
5863,6
5864,4
5865,3
5866,5
5867,10
5868,2
5869,3
5870,5
5871,4
5872,3
5873,3
5874,4
5875,6
5876,5
5877,4
5878,2
5879,9
5880,6
5881,11
5882,5
5883,6
5884,6
5885,6
5886,5
5887,7
5888,4
5889,5
5890,5
5891,3
5892,5
5893,6
5894,4
5895,8
5896,8
5897,9
5898,6
5899,2
5900,6
5901,4
5902,6
5903,2
5904,6
5905,6
5906,4
5907,8
5908,7
5909,5
5910,7
5911,4
5912,8
5913,6
5914,5
5915,4
5916,6
5917,5
5918,7
5919,6
5920,5
5921,8
5922,4
5923,10
5924,6
5925,12
5926,8
5927,6
5928,7
5929,9
5930,8
5931,9
5932,4
5933,9
5934,9
5935,8
5936,14
5937,7
5938,11
5939,12
5940,11
5941,11
5942,8
5943,9
5944,9
5945,3
5946,7
5947,10
5948,9
5949,11
5950,8
5951,10
5952,9
5953,8
5954,8
5955,10
5956,12
5957,8
5958,8
5959,8
5960,10
5961,13
5962,22
5963,15
5964,10
5965,14
5966,8
5967,12
5968,12
5969,10
5970,14
5971,9
5972,9
5973,15
5974,8
5975,13
5976,17
5977,10
5978,13
5979,16
5980,12
5981,16
5982,14
5983,11
5984,12
5985,13
5986,14
5987,11
5988,11
5989,10
5990,13
5991,16
5992,11
5993,9
5994,12
5995,15
5996,8
5997,15
5998,16
5999,19
6000,14
6001,6
6002,14
6003,16
6004,15
6005,6
6006,9
6007,23
6008,7
6009,16
6010,15
6011,15
6012,15
6013,20
6014,14
6015,16
6016,10
6017,19
6018,15
6019,23
6020,12
6021,14
6022,13
6023,14
6024,11
6025,19
6026,22
6027,14
6028,18
6029,19
6030,5
6031,28
6032,8
6033,15
6034,16
6035,10
6036,15
6037,19
6038,17
6039,14
6040,8
6041,17
6042,12
6043,11
6044,16
6045,18
6046,14
6047,11
6048,12
6049,17
6050,21
6051,13
6052,12
6053,13
6054,14
6055,24
6056,17
6057,19
6058,20
6059,14
6060,19
6061,17
6062,16
6063,15
6064,15
6065,13
6066,15
6067,17
6068,13
6069,15
6070,15
6071,14
6072,14
6073,24
6074,16
6075,12
6076,12
6077,27
6078,14
6079,8
6080,18
6081,31
6082,18
6083,12
6084,16
6085,18
6086,21
6087,11
6088,11
6089,15
6090,21
6091,16
6092,15
6093,13
6094,15
6095,16
6096,17
6097,12
6098,14
6099,24
6100,15
6101,14
6102,15
6103,21
6104,12
6105,16
6106,13
6107,18
6108,16
6109,12
6110,19
6111,20
6112,11
6113,11
6114,12
6115,13
6116,15
6117,11
6118,11
6119,9
6120,14
6121,16
6122,8
6123,16
6124,16
6125,19
6126,16
6127,18
6128,17
6129,8
6130,13
6131,12
6132,17
6133,15
6134,14
6135,11
6136,16
6137,9
6138,19
6139,21
6140,21
6141,16
6142,21
6143,11
6144,16
6145,11
6146,20
6147,7
6148,15
6149,11
6150,10
6151,13
6152,18
6153,11
6154,15
6155,16
6156,9
6157,11
6158,11
6159,13
6160,14
6161,16
6162,11
6163,13
6164,11
6165,11
6166,8
6167,12
6168,12
6169,15
6170,19
6171,10
6172,14
6173,14
6174,13
6175,8
6176,13
6177,9
6178,6
6179,7
6180,8
6181,12
6182,13
6183,10
6184,17
6185,11
6186,7
6187,11
6188,20
6189,12
6190,12
6191,13
6192,12
6193,20
6194,18
6195,10
6196,10
6197,7
6198,15
6199,7
6200,8
6201,10
6202,8
6203,9
6204,15
6205,6
6206,12
6207,10
6208,9
6209,9
6210,13
6211,9
6212,20
6213,7
6214,8
6215,7
6216,13
6217,9
6218,8
6219,4
6220,8
6221,6
6222,10
6223,12
6224,5
6225,10
6226,3
6227,12
6228,9
6229,9
6230,12
6231,5
6232,14
6233,7
6234,5
6235,8
6236,7
6237,7
6238,5
6239,7
6240,6
6241,7
6242,9
6243,7
6244,12
6245,8
6246,8
6247,6
6248,3
6249,4
6250,9
6251,8
6252,6
6253,7
6254,8
6255,5
6256,7
6257,5
6258,7
6259,1
6260,5
6261,6
6262,8
6263,9
6264,7
6265,6
6266,8
6267,9
6268,9
6269,3
6270,8
6271,6
6272,6
6273,8
6274,7
6275,7
6276,10
6277,6
6278,7
6279,6
6280,7
6281,5
6282,6
6283,6
6284,2
6285,6
6286,9
6287,2
6288,7
6289,12
6290,5
6291,6
6292,2
6293,9
6294,6
6295,7
6296,7
6297,12
6298,7
6299,9
6300,5
6301,6
6302,2
6303,7
6304,5
6305,8
6306,9
6307,2
6308,3
6309,10
6310,8
6311,4
6312,7
6313,6
6314,5
6315,7
6316,3
6317,5
6318,8
6319,5
6320,5
6321,4
6322,3
6323,4
6324,6
6325,5
6326,8
6327,7
6328,2
6329,4
6330,8
6331,4
6332,8
6333,6
6334,7
6335,10
6336,7
6337,7
6338,7
6339,10
6340,11
6341,5
6342,5
6343,7
6344,6
6345,1
6346,7
6347,4
6348,6
6349,2
6350,6
6351,3
6352,4
6353,7
6354,7
6355,5
6356,16
6357,4
6358,8
6359,11
6360,11
6361,7
6362,4
6363,3
6364,11
6365,5
6366,10
6367,9
6368,4
6369,4
6370,5
6371,9
6372,13
6373,6
6374,5
6375,3
6376,7
6377,6
6378,4
6379,8
6380,4
6381,4
6382,11
6383,6
6384,9
6385,7
6386,9
6387,6
6388,7
6389,7
6390,7
6391,6
6392,12
6393,9
6394,8
6395,8
6396,11
6397,4
6398,10
6399,7
6400,8
6401,10
6402,6
6403,8
6404,10
6405,15
6406,15
6407,15
6408,11
6409,11
6410,10
6411,17
6412,10
6413,12
6414,12
6415,10
6416,12
6417,9
6418,15
6419,6
6420,7
6421,2
6422,5
6423,12
6424,11
6425,15
6426,13
6427,12
6428,10
6429,14
6430,13
6431,12
6432,8
6433,8
6434,14
6435,14
6436,16
6437,8
6438,16
6439,15
6440,16
6441,13
6442,14
6443,13
6444,11
6445,16
6446,11
6447,12
6448,18
6449,18
6450,17
6451,18
6452,10
6453,10
6454,12
6455,12
6456,11
6457,12
6458,23
6459,18
6460,12
6461,9
6462,16
6463,18
6464,17
6465,25
6466,12
6467,16
6468,14
6469,9
6470,11
6471,18
6472,16
6473,18
6474,20
6475,14
6476,19
6477,24
6478,20
6479,17
6480,21
6481,12
6482,22
6483,23
6484,13
6485,21
6486,16
6487,17
6488,16
6489,22
6490,21
6491,15
6492,24
6493,26
6494,12
6495,18
6496,20
6497,18
6498,25
6499,25
6500,21
6501,15
6502,18
6503,23
6504,28
6505,19
6506,19
6507,21
6508,25
6509,26
6510,16
6511,24
6512,21
6513,23
6514,19
6515,15
6516,22
6517,28
6518,20
6519,26
6520,22
6521,31
6522,28
6523,15
6524,23
6525,25
6526,19
6527,20
6528,29
6529,32
6530,26
6531,25
6532,23
6533,27
6534,21
6535,16
6536,29
6537,28
6538,25
6539,30
6540,26
6541,20
6542,21
6543,23
6544,25
6545,38
6546,39
6547,24
6548,22
6549,23
6550,24
6551,32
6552,24
6553,26
6554,28
6555,36
6556,31
6557,34
6558,34
6559,29
6560,23
6561,30
6562,32
6563,35
6564,23
6565,39
6566,26
6567,26
6568,27
6569,31
6570,36
6571,25
6572,36
6573,26
6574,35
6575,38
6576,28
6577,31
6578,31
6579,34
6580,35
6581,38
6582,52
6583,32
6584,37
6585,31
6586,21
6587,29
6588,24
6589,29
6590,35
6591,32
6592,25
6593,28
6594,40
6595,28
6596,33
6597,27
6598,27
6599,44
6600,34
6601,29
6602,31
6603,28
6604,31
6605,30
6606,32
6607,39
6608,27
6609,41
6610,41
6611,32
6612,35
6613,45
6614,36
6615,30
6616,44
6617,26
6618,31
6619,36
6620,39
6621,33
6622,37
6623,38
6624,26
6625,37
6626,38
6627,38
6628,43
6629,36
6630,23
6631,37
6632,36
6633,19
6634,37
6635,36
6636,27
6637,43
6638,34
6639,37
6640,42
6641,28
6642,39
6643,37
6644,32
6645,33
6646,34
6647,32
6648,22
6649,37
6650,37
6651,47
6652,34
6653,26
6654,37
6655,40
6656,32
6657,44
6658,26
6659,35
6660,23
6661,46
6662,42
6663,34
6664,32
6665,41
6666,35
6667,41
6668,36
6669,32
6670,30
6671,33
6672,28
6673,35
6674,38
6675,28
6676,27
6677,34
6678,27
6679,29
6680,28
6681,37
6682,44
6683,36
6684,31
6685,34
6686,39
6687,29
6688,32
6689,34
6690,30
6691,49
6692,35
6693,35
6694,37
6695,33
6696,39
6697,22
6698,28
6699,32
6700,41
6701,40
6702,32
6703,33
6704,23
6705,32
6706,27
6707,27
6708,30
6709,23
6710,33
6711,16
6712,34
6713,37
6714,35
6715,41
6716,33
6717,27
6718,48
6719,29
6720,36
6721,23
6722,33
6723,23
6724,38
6725,37
6726,38
6727,33
6728,33
6729,31
6730,36
6731,27
6732,37
6733,30
6734,19
6735,32
6736,31
6737,32
6738,24
6739,36
6740,36
6741,41
6742,28
6743,41
6744,34
6745,31
6746,37
6747,36
6748,25
6749,37
6750,40
6751,30
6752,33
6753,40
6754,34
6755,26
6756,32
6757,50
6758,29
6759,35
6760,25
6761,30
6762,33
6763,28
6764,31
6765,32
6766,26
6767,34
6768,35
6769,31
6770,30
6771,30
6772,36
6773,28
6774,19
6775,27
6776,36
6777,24
6778,32
6779,30
6780,27
6781,31
6782,36
6783,42
6784,34
6785,27
6786,29
6787,37
6788,35
6789,25
6790,29
6791,34
6792,26
6793,22
6794,26
6795,28
6796,32
6797,25
6798,29
6799,33
6800,33
6801,35
6802,30
6803,24
6804,23
6805,30
6806,31
6807,31
6808,37
6809,37
6810,36
6811,21
6812,47
6813,36
6814,29
6815,29
6816,32
6817,40
6818,38
6819,31
6820,32
6821,39
6822,34
6823,38
6824,42
6825,30
6826,31
6827,44
6828,36
6829,25
6830,29
6831,44
6832,37
6833,47
6834,28
6835,47
6836,38
6837,39
6838,39
6839,35
6840,29
6841,35
6842,40
6843,37
6844,38
6845,30
6846,41
6847,46
6848,36
6849,32
6850,43
6851,33
6852,42
6853,36
6854,36
6855,34
6856,45
6857,34
6858,34
6859,39
6860,45
6861,40
6862,36
6863,44
6864,44
6865,38
6866,30
6867,46
6868,44
6869,40
6870,31
6871,42
6872,39
6873,36
6874,46
6875,35
6876,31
6877,42
6878,35
6879,46
6880,42
6881,40
6882,33
6883,34
6884,39
6885,37
6886,28
6887,42
6888,32
6889,36
6890,35
6891,46
6892,36
6893,39
6894,28
6895,33
6896,39
6897,39
6898,44
6899,38
6900,32
6901,38
6902,31
6903,38
6904,31
6905,39
6906,38
6907,45
6908,49
6909,31
6910,43
6911,53
6912,38
6913,45
6914,46
6915,42
6916,47
6917,30
6918,42
6919,38
6920,26
6921,46
6922,39
6923,47
6924,46
6925,34
6926,47
6927,49
6928,31
6929,56
6930,35
6931,51
6932,47
6933,43
6934,31
6935,39
6936,42
6937,44
6938,35
6939,39
6940,39
6941,48
6942,39
6943,51
6944,48
6945,51
6946,46
6947,40
6948,47
6949,36
6950,45
6951,44
6952,56
6953,57
6954,49
6955,48
6956,52
6957,46
6958,44
6959,46
6960,52
6961,41
6962,37
6963,57
6964,57
6965,50
6966,52
6967,50
6968,51
6969,57
6970,49
6971,37
6972,55
6973,50
6974,56
6975,62
6976,45
6977,62
6978,51
6979,43
6980,63
6981,42
6982,58
6983,60
6984,55
6985,57
6986,66
6987,45
6988,57
6989,40
6990,43
6991,57
6992,61
6993,50
6994,52
6995,51
6996,46
6997,52
6998,57
6999,64
7000,64
7001,56
7002,61
7003,58
7004,61
7005,70
7006,61
7007,45
7008,67
7009,63
7010,58
7011,44
7012,62
7013,73
7014,59
7015,80
7016,66
7017,64
7018,45
7019,52
7020,46
7021,72
7022,70
7023,73
7024,52
7025,69
7026,78
7027,79
7028,58
7029,56
7030,47
7031,68
7032,67
7033,68
7034,70
7035,70
7036,61
7037,56
7038,72
7039,70
7040,53
7041,62
7042,71
7043,57
7044,69
7045,72
7046,66
7047,59
7048,68
7049,74
7050,67
7051,56
7052,76
7053,65
7054,81
7055,67
7056,79
7057,79
7058,68
7059,69
7060,71
7061,80
7062,86
7063,95
7064,79
7065,64
7066,90
7067,79
7068,71
7069,67
7070,88
7071,84
7072,72
7073,87
7074,86
7075,95
7076,83
7077,88
7078,93
7079,63
7080,84
7081,76
7082,84
7083,64
7084,88
7085,64
7086,80
7087,94
7088,100
7089,82
7090,84
7091,77
7092,74
7093,76
7094,111
7095,89
7096,96
7097,78
7098,71
7099,90
7100,108
7101,95
7102,88
7103,84
7104,104
7105,98
7106,88
7107,94
7108,71
7109,102
7110,90
7111,89
7112,92
7113,91
7114,90
7115,80
7116,100
7117,101
7118,111
7119,99
7120,103
7121,97
7122,102
7123,92
7124,107
7125,89
7126,98
7127,90
7128,89
7129,86
7130,105
7131,108
7132,119
7133,104
7134,118
7135,129
7136,105
7137,87
7138,114
7139,114
7140,123
7141,141
7142,105
7143,112
7144,106
7145,118
7146,120
7147,99
7148,105
7149,121
7150,119
7151,88
7152,107
7153,110
7154,112
7155,116
7156,135
7157,108
7158,112
7159,117
7160,117
7161,126
7162,128
7163,130
7164,118
7165,153
7166,117
7167,140
7168,103
7169,130
7170,134
7171,155
7172,148
7173,114
7174,137
7175,148
7176,145
7177,130
7178,153
7179,133
7180,142
7181,132
7182,146
7183,143
7184,147
7185,162
7186,145
7187,146
7188,143
7189,148
7190,156
7191,167
7192,145
7193,152
7194,148
7195,168
7196,144
7197,159
7198,146
7199,186
7200,165
7201,149
7202,159
7203,171
7204,160
7205,176
7206,164
7207,172
7208,171
7209,193
7210,155
7211,169
7212,190
7213,190
7214,153
7215,195
7216,173
7217,172
7218,171
7219,183
7220,196
7221,199
7222,199
7223,174
7224,184
7225,175
7226,192
7227,188
7228,186
7229,195
7230,203
7231,178
7232,197
7233,183
7234,179
7235,206
7236,214
7237,225
7238,180
7239,203
7240,194
7241,231
7242,211
7243,200
7244,226
7245,222
7246,208
7247,205
7248,213
7249,217
7250,214
7251,226
7252,236
7253,213
7254,193
7255,231
7256,221
7257,250
7258,221
7259,230
7260,245
7261,217
7262,228
7263,217
7264,227
7265,244
7266,289
7267,240
7268,264
7269,238
7270,242
7271,230
7272,248
7273,254
7274,280
7275,277
7276,275
7277,264
7278,252
7279,276
7280,267
7281,262
7282,260
7283,280
7284,289
7285,252
7286,288
7287,288
7288,294
7289,298
7290,273
7291,291
7292,295
7293,292
7294,281
7295,300
7296,307
7297,315
7298,311
7299,275
7300,310
7301,288
7302,318
7303,283
7304,324
7305,318
7306,315
7307,333
7308,300
7309,327
7310,330
7311,346
7312,338
7313,344
7314,325
7315,332
7316,327
7317,368
7318,355
7319,327
7320,377
7321,360
7322,358
7323,328
7324,358
7325,383
7326,387
7327,394
7328,365
7329,404
7330,398
7331,401
7332,383
7333,375
7334,388
7335,388
7336,391
7337,380
7338,428
7339,388
7340,404
7341,451
7342,423
7343,428
7344,419
7345,410
7346,419
7347,429
7348,395
7349,425
7350,429
7351,430
7352,410
7353,442
7354,431
7355,469
7356,484
7357,420
7358,467
7359,429
7360,475
7361,477
7362,474
7363,469
7364,454
7365,486
7366,456
7367,519
7368,465
7369,446
7370,498
7371,481
7372,487
7373,523
7374,511
7375,503
7376,535
7377,500
7378,516
7379,521
7380,535
7381,528
7382,526
7383,548
7384,562
7385,537
7386,494
7387,576
7388,519
7389,579
7390,573
7391,581
7392,562
7393,603
7394,573
7395,570
7396,573
7397,642
7398,606
7399,583
7400,652
7401,619
7402,624
7403,595
7404,648
7405,629
7406,596
7407,676
7408,627
7409,634
7410,620
7411,671
7412,642
7413,647
7414,649
7415,662
7416,672
7417,684
7418,650
7419,691
7420,687
7421,660
7422,670
7423,709
7424,772
7425,750
7426,744
7427,710
7428,710
7429,741
7430,725
7431,718
7432,731
7433,749
7434,767
7435,786
7436,724
7437,749
7438,753
7439,790
7440,769
7441,797
7442,805
7443,768
7444,814
7445,866
7446,819
7447,823
7448,867
7449,776
7450,851
7451,854
7452,887
7453,854
7454,842
7455,899
7456,852
7457,846
7458,907
7459,923
7460,878
7461,834
7462,930
7463,892
7464,833
7465,926
7466,918
7467,906
7468,931
7469,940
7470,974
7471,1002
7472,1011
7473,994
7474,1030
7475,929
7476,987
7477,1006
7478,976
7479,1009
7480,976
7481,971
7482,1018
7483,1007
7484,1031
7485,1052
7486,995
7487,1095
7488,1122
7489,1137
7490,1112
7491,1067
7492,1086
7493,1131
7494,1062
7495,1133
7496,1188
7497,1102
7498,1133
7499,1145
7500,1125
7501,1144
7502,1157
7503,1143
7504,1183
7505,1194
7506,1170
7507,1212
7508,1205
7509,1212
7510,1233
7511,1267
7512,1256
7513,1238
7514,1281
7515,1288
7516,1219
7517,1275
7518,1273
7519,1303
7520,1216
7521,1387
7522,1329
7523,1355
7524,1306
7525,1395
7526,1346
7527,1424
7528,1383
7529,1377
7530,1367
7531,1414
7532,1339
7533,1447
7534,1425
7535,1465
7536,1423
7537,1407
7538,1416
7539,1493
7540,1466
7541,1443
7542,1469
7543,1444
7544,1525
7545,1558
7546,1511
7547,1558
7548,1542
7549,1605
7550,1516
7551,1552
7552,1601
7553,1595
7554,1556
7555,1631
7556,1677
7557,1575
7558,1660
7559,1705
7560,1685
7561,1699
7562,1698
7563,1695
7564,1705
7565,1661
7566,1742
7567,1767
7568,1697
7569,1758
7570,1693
7571,1786
7572,1753
7573,1860
7574,1867
7575,1793
7576,1861
7577,1837
7578,1873
7579,1914
7580,1932
7581,1929
7582,1860
7583,1901
7584,1967
7585,1896
7586,1982
7587,2001
7588,1945
7589,2030
7590,2074
7591,2053
7592,2109
7593,2008
7594,2080
7595,2090
7596,2034
7597,2083
7598,2087
7599,2128
7600,2075
7601,2178
7602,2108
7603,2146
7604,2127
7605,2278
7606,2276
7607,2290
7608,2297
7609,2294
7610,2324
7611,2303
7612,2285
7613,2332
7614,2278
7615,2407
7616,2412
7617,2362
7618,2406
7619,2472
7620,2394
7621,2488
7622,2435
7623,2506
7624,2443
7625,2528
7626,2551
7627,2462
7628,2535
7629,2609
7630,2514
7631,2577
7632,2631
7633,2604
7634,2632
7635,2591
7636,2769
7637,2719
7638,2707
7639,2751
7640,2819
7641,2802
7642,2819
7643,2787
7644,2849
7645,2842
7646,2832
7647,2876
7648,2804
7649,2847
7650,2901
7651,2915
7652,2882
7653,2896
7654,2946
7655,3006
7656,3037
7657,3060
7658,3091
7659,3079
7660,3220
7661,3216
7662,3202
7663,3162
7664,3283
7665,3250
7666,3238
7667,3280
7668,3260
7669,3281
7670,3290
7671,3385
7672,3316
7673,3259
7674,3447
7675,3309
7676,3494
7677,3464
7678,3490
7679,3442
7680,3541
7681,3461
7682,3517
7683,3673
7684,3672
7685,3585
7686,3637
7687,3703
7688,3691
7689,3738
7690,3708
7691,3849
7692,3813
7693,3801
7694,3746
7695,3882
7696,3794
7697,3931
7698,3845
7699,3914
7700,3881
7701,4055
7702,3875
7703,4021
7704,4024
7705,4082
7706,4024
7707,4001
7708,4017
7709,4162
7710,4127
7711,4233
7712,4166
7713,4265
7714,4334
7715,4272
7716,4351
7717,4309
7718,4373
7719,4516
7720,4373
7721,4507
7722,4447
7723,4496
7724,4590
7725,4480
7726,4588
7727,4508
7728,4584
7729,4626
7730,4666
7731,4623
7732,4730
7733,4773
7734,4823
7735,4730
7736,4919
7737,4911
7738,4885
7739,4924
7740,4924
7741,5102
7742,5028
7743,4976
7744,5118
7745,4968
7746,5146
7747,5080
7748,5197
7749,5147
7750,5305
7751,5228
7752,5296
7753,5262
7754,5283
7755,5385
7756,5370
7757,5497
7758,5432
7759,5409
7760,5563
7761,5530
7762,5466
7763,5509
7764,5723
7765,5699
7766,5611
7767,5815
7768,5709
7769,5774
7770,5752
7771,5873
7772,5807
7773,5790
7774,5800
7775,5943
7776,6032
7777,5984
7778,6073
7779,6119
7780,6164
7781,6073
7782,6075
7783,6209
7784,6141
7785,6246
7786,6364
7787,6398
7788,6438
7789,6239
7790,6476
7791,6406
7792,6321
7793,6475
7794,6504
7795,6657
7796,6665
7797,6490
7798,6676
7799,6650
7800,6869
7801,6920
7802,6714
7803,6776
7804,6760
7805,6792
7806,6919
7807,6940
7808,6999
7809,6965
7810,7054
7811,7042
7812,7167
7813,7170
7814,7155
7815,7237
7816,7112
7817,7208
7818,7420
7819,7323
7820,7444
7821,7232
7822,7360
7823,7421
7824,7415
7825,7451
7826,7668
7827,7594
7828,7667
7829,7812
7830,7812
7831,7763
7832,7660
7833,7953
7834,7910
7835,7879
7836,7888
7837,7893
7838,8052
7839,8148
7840,7949
7841,8064
7842,8195
7843,8149
7844,8135
7845,8216
7846,8203
7847,8150
7848,8071
7849,8396
7850,8294
7851,8406
7852,8394
7853,8504
7854,8616
7855,8420
7856,8602
7857,8666
7858,8666
7859,8708
7860,8540
7861,8775
7862,8683
7863,8671
7864,8932
7865,8917
7866,8947
7867,9180
7868,8950
7869,8914
7870,9050
7871,9272
7872,9102
7873,9197
7874,9355
7875,9350
7876,9292
7877,9334
7878,9248
7879,9232
7880,9329
7881,9469
7882,9523
7883,9472
7884,9544
7885,9734
7886,9443
7887,9577
7888,9724
7889,9785
7890,9934
7891,9798
7892,9892
7893,9773
7894,10069
7895,10024
7896,9919
7897,9886
7898,10096
7899,10206
7900,10120
7901,10217
7902,10400
7903,10378
7904,10254
7905,10237
7906,10252
7907,10347
7908,10366
7909,10412
7910,10521
7911,10501
7912,10524
7913,10416
7914,10645
7915,10619
7916,10577
7917,10642
7918,10810
7919,10755
7920,10969
7921,10822
7922,10924
7923,10796
7924,10847
7925,11042
7926,11122
7927,11172
7928,11120
7929,11298
7930,11378
7931,11116
7932,11183
7933,11164
7934,11369
7935,11404
7936,11293
7937,11362
7938,11472
7939,11355
7940,11590
7941,11624
7942,11546
7943,11533
7944,11576
7945,11726
7946,11676
7947,11754
7948,11888
7949,11765
7950,11796
7951,11803
7952,11821
7953,11824
7954,11834
7955,12021
7956,12027
7957,12009
7958,12004
7959,11974
7960,12087
7961,12143
7962,12146
7963,12260
7964,12020
7965,12104
7966,12193
7967,12279
7968,12496
7969,12361
7970,12343
7971,12319
7972,12380
7973,12392
7974,12447
7975,12422
7976,12734
7977,12406
7978,12409
7979,12697
7980,12659
7981,12628
7982,12486
7983,12510
7984,12722
7985,12692
7986,12516
7987,12691
7988,12906
7989,12694
7990,12841
7991,12658
7992,12568
7993,13038
7994,12942
7995,12861
7996,12938
7997,13019
7998,12872
7999,12939
8000,12868
8001,13295
8002,12900
8003,13004
8004,13108
8005,12921
8006,12887
8007,13066
8008,13132
8009,12985
8010,12912
8011,13012
8012,13064
8013,13154
8014,12892
8015,13026
8016,13371
8017,13395
8018,13277
8019,13266
8020,13139
8021,13389
8022,13312
8023,13209
8024,13223
8025,13136
8026,13118
8027,13101
8028,13209
8029,13242
8030,13325
8031,13272
8032,13323
8033,13446
8034,13271
8035,13220
8036,13297
8037,13342
8038,13316
8039,13376
8040,13516
8041,13070
8042,13144
8043,13385
8044,13176
8045,13223
8046,13230
8047,13428
8048,13418
8049,13475
8050,13041
8051,13179
8052,13259
8053,13220
8054,13272
8055,13297
8056,13190
8057,13256
8058,13363
8059,13224
8060,13578
8061,13125
8062,13178
8063,12894
8064,12961
8065,13087
8066,13159
8067,13041
8068,13062
8069,13153
8070,12963
8071,13083
8072,13073
8073,13215
8074,13107
8075,13082
8076,13155
8077,12881
8078,13109
8079,13063
8080,13020
8081,12813
8082,12876
8083,12877
8084,12917
8085,12878
8086,12883
8087,12991
8088,12829
8089,12715
8090,12824
8091,12890
8092,12645
8093,12608
8094,12664
8095,12744
8096,12732
8097,12723
8098,12623
8099,12562
8100,12394
8101,12415
8102,12395
8103,12295
8104,12317
8105,12457
8106,12346
8107,12275
8108,12134
8109,12262
8110,12210
8111,12011
8112,12231
8113,12031
8114,12259
8115,12144
8116,11936
8117,11949
8118,11960
8119,12015
8120,11930
8121,11708
8122,11659
8123,11877
8124,11795
8125,11714
8126,11595
8127,11529
8128,11509
8129,11328
8130,11538
8131,11441
8132,11183
8133,11212
8134,11371
8135,11059
8136,11144
8137,11177
8138,11136
8139,11096
8140,10888
8141,11102
8142,10933
8143,10965
8144,10892
8145,10735
8146,10649
8147,10840
8148,10697
8149,10620
8150,10470
8151,10625
8152,10402
8153,10447
8154,10509
8155,10173
8156,10395
8157,10297
8158,10045
8159,10187
8160,10230
8161,9984
8162,9964
8163,10056
8164,9778
8165,9705
8166,9818
8167,9486
8168,9674
8169,9659
8170,9544
8171,9475
8172,9424
8173,9399
8174,9523
8175,9387
8176,9295
8177,9332
8178,9298
8179,9062
8180,9003
8181,9071
8182,8855
8183,8817
8184,8890
8185,8626
8186,8726
8187,8440
8188,8776
8189,8557
8190,8539
8191,8445
8192,8490
8193,8311
8194,8397
8195,8241
8196,8259
8197,8041
8198,7956
8199,8129
8200,8010
8201,7857
8202,8009
8203,7734
8204,7751
8205,7879
8206,7780
8207,7663
8208,7553
8209,7393
8210,7573
8211,7316
8212,7366
8213,7170
8214,7208
8215,7043
8216,6988
8217,7036
8218,7057
8219,6816
8220,7003
8221,6854
8222,6646
8223,6558
8224,6639
8225,6560
8226,6601
8227,6466
8228,6441
8229,6216
8230,6354
8231,6232
8232,6279
8233,6195
8234,6030
8235,6084
8236,5962
8237,5927
8238,5988
8239,5717
8240,5817
8241,5720
8242,5773
8243,5659
8244,5651
8245,5415
8246,5453
8247,5426
8248,5472
8249,5197
8250,5301
8251,5114
8252,5144
8253,4970
8254,5037
8255,4988
8256,4790
8257,4745
8258,4933
8259,4831
8260,4819
8261,4590
8262,4656
8263,4597
8264,4481
8265,4544
8266,4440
8267,4302
8268,4265
8269,4347
8270,4216
8271,4174
8272,4079
8273,4033
8274,4079
8275,4034
8276,4066
8277,3831
8278,3928
8279,3796
8280,3829
8281,3779
8282,3788
8283,3642
8284,3563
8285,3609
8286,3481
8287,3473
8288,3511
8289,3231
8290,3426
8291,3267
8292,3080
8293,3450
8294,3243
8295,3229
8296,3096
8297,3053
8298,2974
8299,2929
8300,2922
8301,2953
8302,2871
8303,2870
8304,2784
8305,2657
8306,2724
8307,2619
8308,2588
8309,2670
8310,2506
8311,2520
8312,2489
8313,2481
8314,2426
8315,2434
8316,2362
8317,2285
8318,2307
8319,2304
8320,2328
8321,2103
8322,2235
8323,2106
8324,2147
8325,2004
8326,2073
8327,2013
8328,1969
8329,1959
8330,1967
8331,1912
8332,1869
8333,1854
8334,1820
8335,1763
8336,1790
8337,1710
8338,1758
8339,1703
8340,1639
8341,1616
8342,1627
8343,1540
8344,1507
8345,1552
8346,1474
8347,1403
8348,1460
8349,1448
8350,1366
8351,1371
8352,1311
8353,1278
8354,1300
8355,1247
8356,1279
8357,1273
8358,1256
8359,1220
8360,1140
8361,1131
8362,1112
8363,1111
8364,1115
8365,1073
8366,1051
8367,1046
8368,984
8369,999
8370,952
8371,916
8372,970
8373,853
8374,900
8375,863
8376,874
8377,835
8378,834
8379,792
8380,793
8381,741
8382,782
8383,713
8384,729
8385,747
8386,669
8387,654
8388,730
8389,667
8390,618
8391,656
8392,631
8393,624
8394,591
8395,555
8396,580
8397,539
8398,581
8399,526
8400,541
8401,502
8402,507
8403,505
8404,524
8405,500
8406,447
8407,437
8408,437
8409,420
8410,393
8411,399
8412,373
8413,390
8414,405
8415,397
8416,392
8417,387
8418,359
8419,382
8420,330
8421,351
8422,342
8423,293
8424,347
8425,288
8426,284
8427,265
8428,254
8429,281
8430,271
8431,259
8432,223
8433,255
8434,253
8435,228
8436,226
8437,197
8438,214
8439,226
8440,170
8441,202
8442,193
8443,186
8444,170
8445,184
8446,174
8447,173
8448,163
8449,173
8450,148
8451,132
8452,152
8453,151
8454,127
8455,150
8456,138
8457,122
8458,126
8459,140
8460,112
8461,109
8462,109
8463,110
8464,110
8465,93
8466,90
8467,87
8468,104
8469,102
8470,90
8471,58
8472,83
8473,64
8474,68
8475,70
8476,89
8477,74
8478,71
8479,77
8480,58
8481,66
8482,56
8483,63
8484,47
8485,59
8486,38
8487,44
8488,29
8489,47
8490,43
8491,28
8492,35
8493,35
8494,42
8495,38
8496,33
8497,35
8498,28
8499,29
8500,33
8501,23
8502,25
8503,20
8504,27
8505,28
8506,22
8507,24
8508,15
8509,18
8510,22
8511,25
8512,13
8513,25
8514,19
8515,17
8516,12
8517,10
8518,11
8519,19
8520,12
8521,11
8522,16
8523,10
8524,11
8525,10
8526,5
8527,10
8528,5
8529,10
8530,4
8531,10
8532,12
8533,6
8534,9
8535,8
8536,5
8537,5
8538,5
8539,4
8540,4
8541,2
8542,5
8543,3
8544,2
8545,5
8546,3
8547,1
8548,3
8549,3
8550,1
8552,6
8553,1
8554,3
8555,1
8556,3
8558,3
8559,1
8560,1
8561,1
8562,1
8563,1
8564,2
8565,1
8570,3
8597,1
8604,1
