2104,1
2107,1
2108,1
2118,1
2124,1
2128,1
2133,1
2134,1
2140,1
2143,1
2150,1
2152,2
2153,1
2154,1
2157,3
2158,2
2160,1
2162,1
2163,1
2166,1
2169,1
2170,1
2172,1
2173,1
2174,1
2176,2
2177,2
2178,1
2180,1
2181,4
2182,3
2183,2
2186,2
2187,1
2188,4
2189,2
2191,2
2193,3
2194,2
2195,1
2196,2
2197,4
2198,1
2199,2
2200,3
2201,2
2202,2
2203,3
2204,1
2205,3
2206,2
2207,2
2208,3
2209,2
2211,2
2212,3
2214,6
2215,4
2216,3
2217,2
2218,3
2219,2
2220,2
2221,5
2222,2
2223,1
2224,6
2225,4
2226,1
2227,5
2228,4
2229,4
2230,2
2231,6
2232,4
2233,5
2234,8
2235,4
2236,5
2237,5
2238,3
2239,5
2240,5
2241,4
2242,4
2243,8
2244,2
2245,6
2246,5
2247,3
2248,2
2249,5
2250,2
2251,4
2252,6
2253,9
2254,5
2255,9
2256,7
2257,7
2258,7
2259,7
2260,6
2261,3
2262,10
2263,8
2264,5
2265,8
2266,7
2267,9
2268,7
2269,7
2270,7
2271,8
2272,9
2273,11
2274,10
2275,7
2276,5
2277,8
2278,13
2279,16
2280,9
2281,8
2282,9
2283,10
2284,12
2285,12
2286,17
2287,6
2288,16
2289,12
2290,10
2291,11
2292,18
2293,9
2294,10
2295,13
2296,13
2297,18
2298,15
2299,10
2300,10
2301,14
2302,12
2303,15
2304,23
2305,19
2306,14
2307,13
2308,13
2309,14
2310,14
2311,11
2312,19
2313,17
2314,15
2315,19
2316,18
2317,27
2318,15
2319,14
2320,18
2321,12
2322,15
2323,25
2324,25
2325,26
2326,23
2327,21
2328,25
2329,26
2330,16
2331,29
2332,17
2333,29
2334,23
2335,26
2336,22
2337,21
2338,20
2339,19
2340,13
2341,24
2342,27
2343,23
2344,29
2345,36
2346,24
2347,32
2348,30
2349,33
2350,20
2351,35
2352,28
2353,37
2354,24
2355,30
2356,37
2357,43
2358,35
2359,38
2360,29
2361,26
2362,31
2363,39
2364,33
2365,32
2366,33
2367,34
2368,46
2369,56
2370,33
2371,30
2372,36
2373,46
2374,39
2375,47
2376,42
2377,41
2378,40
2379,48
2380,42
2381,44
2382,50
2383,39
2384,43
2385,42
2386,39
2387,45
2388,44
2389,46
2390,40
2391,42
2392,34
2393,47
2394,59
2395,51
2396,63
2397,47
2398,51
2399,48
2400,49
2401,49
2402,77
2403,49
2404,63
2405,65
2406,51
2407,63
2408,63
2409,59
2410,69
2411,78
2412,67
2413,69
2414,68
2415,68
2416,76
2417,62
2418,70
2419,62
2420,65
2421,62
2422,65
2423,79
2424,67
2425,66
2426,72
2427,73
2428,72
2429,69
2430,74
2431,61
2432,62
2433,84
2434,82
2435,68
2436,81
2437,87
2438,82
2439,85
2440,81
2441,75
2442,75
2443,95
2444,87
2445,84
2446,101
2447,92
2448,91
2449,91
2450,92
2451,102
2452,90
2453,116
2454,98
2455,98
2456,107
2457,111
2458,99
2459,101
2460,96
2461,99
2462,102
2463,98
2464,109
2465,92
2466,107
2467,122
2468,120
2469,101
2470,136
2471,110
2472,150
2473,108
2474,108
2475,122
2476,126
2477,127
2478,117
2479,123
2480,119
2481,137
2482,127
2483,123
2484,121
2485,125
2486,130
2487,140
2488,121
2489,125
2490,163
2491,152
2492,124
2493,153
2494,122
2495,137
2496,142
2497,144
2498,149
2499,149
2500,164
2501,142
2502,157
2503,142
2504,156
2505,148
2506,180
2507,146
2508,157
2509,151
2510,157
2511,162
2512,172
2513,169
2514,184
2515,164
2516,161
2517,178
2518,166
2519,198
2520,184
2521,172
2522,200
2523,185
2524,186
2525,192
2526,199
2527,195
2528,193
2529,218
2530,188
2531,210
2532,192
2533,204
2534,195
2535,234
2536,215
2537,217
2538,209
2539,230
2540,247
2541,199
2542,222
2543,212
2544,195
2545,223
2546,214
2547,218
2548,208
2549,245
2550,222
2551,220
2552,217
2553,248
2554,236
2555,235
2556,233
2557,213
2558,259
2559,229
2560,248
2561,248
2562,245
2563,262
2564,242
2565,256
2566,288
2567,277
2568,264
2569,273
2570,246
2571,266
2572,311
2573,283
2574,270
2575,275
2576,288
2577,277
2578,302
2579,286
2580,286
2581,309
2582,295
2583,299
2584,323
2585,276
2586,318
2587,315
2588,296
2589,298
2590,289
2591,311
2592,309
2593,307
2594,331
2595,333
2596,291
2597,291
2598,347
2599,318
2600,348
2601,321
2602,331
2603,348
2604,327
2605,358
2606,350
2607,362
2608,352
2609,332
2610,333
2611,389
2612,353
2613,359
2614,365
2615,361
2616,374
2617,363
2618,372
2619,348
2620,387
2621,367
2622,377
2623,395
2624,405
2625,369
2626,377
2627,392
2628,398
2629,367
2630,390
2631,401
2632,391
2633,403
2634,406
2635,383
2636,431
2637,427
2638,399
2639,431
2640,444
2641,438
2642,419
2643,462
2644,421
2645,449
2646,424
2647,419
2648,420
2649,458
2650,406
2651,438
2652,436
2653,463
2654,441
2655,424
2656,464
2657,433
2658,471
2659,506
2660,493
2661,475
2662,467
2663,456
2664,515
2665,467
2666,475
2667,480
2668,474
2669,472
2670,467
2671,522
2672,510
2673,508
2674,517
2675,555
2676,496
2677,508
2678,506
2679,499
2680,537
2681,507
2682,560
2683,573
2684,549
2685,510
2686,511
2687,549
2688,527
2689,548
2690,561
2691,569
2692,544
2693,560
2694,545
2695,576
2696,563
2697,595
2698,562
2699,599
2700,565
2701,574
2702,593
2703,613
2704,617
2705,593
2706,552
2707,578
2708,586
2709,591
2710,577
2711,623
2712,614
2713,567
2714,645
2715,645
2716,614
2717,655
2718,622
2719,680
2720,654
2721,662
2722,659
2723,682
2724,688
2725,657
2726,648
2727,646
2728,625
2729,689
2730,704
2731,674
2732,684
2733,706
2734,685
2735,713
2736,708
2737,685
2738,708
2739,704
2740,751
2741,681
2742,717
2743,746
2744,686
2745,741
2746,681
2747,714
2748,751
2749,726
2750,745
2751,712
2752,762
2753,759
2754,741
2755,744
2756,760
2757,798
2758,753
2759,724
2760,774
2761,766
2762,766
2763,750
2764,791
2765,795
2766,786
2767,809
2768,802
2769,788
2770,830
2771,855
2772,813
2773,859
2774,800
2775,807
2776,827
2777,794
2778,815
2779,849
2780,852
2781,823
2782,868
2783,892
2784,827
2785,841
2786,859
2787,855
2788,882
2789,907
2790,904
2791,926
2792,904
2793,934
2794,872
2795,853
2796,870
2797,865
2798,885
2799,876
2800,933
2801,901
2802,974
2803,933
2804,870
2805,920
2806,909
2807,962
2808,960
2809,986
2810,991
2811,1003
2812,913
2813,954
2814,987
2815,935
2816,968
2817,962
2818,1001
2819,978
2820,956
2821,1008
2822,956
2823,1004
2824,994
2825,1015
2826,988
2827,1020
2828,1060
2829,1043
2830,962
2831,1006
2832,1092
2833,1088
2834,1032
2835,993
2836,1023
2837,1027
2838,1087
2839,1017
2840,1047
2841,1077
2842,1039
2843,1089
2844,1035
2845,1088
2846,1125
2847,1085
2848,1149
2849,1025
2850,1108
2851,1086
2852,1135
2853,1091
2854,1122
2855,1130
2856,1152
2857,1099
2858,1140
2859,1175
2860,1119
2861,1151
2862,1194
2863,1128
2864,1224
2865,1144
2866,1191
2867,1141
2868,1194
2869,1185
2870,1160
2871,1148
2872,1204
2873,1172
2874,1183
2875,1165
2876,1243
2877,1203
2878,1235
2879,1253
2880,1199
2881,1303
2882,1237
2883,1192
2884,1255
2885,1281
2886,1247
2887,1256
2888,1297
2889,1233
2890,1270
2891,1225
2892,1300
2893,1268
2894,1272
2895,1357
2896,1314
2897,1263
2898,1280
2899,1293
2900,1303
2901,1342
2902,1308
2903,1323
2904,1311
2905,1344
2906,1351
2907,1351
2908,1349
2909,1409
2910,1317
2911,1278
2912,1318
2913,1414
2914,1373
2915,1285
2916,1372
2917,1363
2918,1417
2919,1391
2920,1406
2921,1377
2922,1380
2923,1464
2924,1381
2925,1436
2926,1425
2927,1413
2928,1452
2929,1446
2930,1331
2931,1461
2932,1409
2933,1429
2934,1444
2935,1445
2936,1378
2937,1452
2938,1440
2939,1505
2940,1473
2941,1466
2942,1474
2943,1486
2944,1517
2945,1478
2946,1489
2947,1438
2948,1520
2949,1503
2950,1528
2951,1526
2952,1547
2953,1550
2954,1536
2955,1567
2956,1510
2957,1497
2958,1579
2959,1560
2960,1488
2961,1554
2962,1566
2963,1610
2964,1491
2965,1623
2966,1587
2967,1543
2968,1494
2969,1611
2970,1538
2971,1553
2972,1573
2973,1545
2974,1651
2975,1577
2976,1652
2977,1588
2978,1632
2979,1552
2980,1637
2981,1598
2982,1640
2983,1599
2984,1634
2985,1626
2986,1665
2987,1630
2988,1617
2989,1660
2990,1675
2991,1666
2992,1713
2993,1590
2994,1641
2995,1710
2996,1724
2997,1673
2998,1671
2999,1687
3000,1655
3001,1694
3002,1643
3003,1645
3004,1661
3005,1710
3006,1654
3007,1676
3008,1740
3009,1681
3010,1675
3011,1745
3012,1757
3013,1738
3014,1780
3015,1742
3016,1725
3017,1769
3018,1741
3019,1777
3020,1752
3021,1772
3022,1746
3023,1799
3024,1682
3025,1764
3026,1754
3027,1880
3028,1818
3029,1777
3030,1795
3031,1816
3032,1787
3033,1806
3034,1722
3035,1874
3036,1874
3037,1841
3038,1852
3039,1933
3040,1890
3041,1847
3042,1779
3043,1829
3044,1853
3045,1934
3046,1777
3047,1868
3048,1891
3049,1903
3050,1809
3051,1891
3052,1854
3053,1923
3054,1841
3055,1841
3056,1914
3057,1917
3058,1900
3059,1901
3060,1838
3061,1861
3062,1862
3063,1847
3064,1961
3065,1954
3066,1876
3067,2016
3068,1968
3069,1948
3070,1877
3071,1916
3072,1994
3073,1944
3074,1990
3075,1933
3076,1972
3077,1912
3078,1976
3079,1989
3080,1958
3081,1975
3082,2022
3083,1965
3084,1905
3085,1969
3086,1911
3087,1926
3088,1960
3089,1980
3090,2027
3091,2039
3092,1951
3093,1992
3094,1979
3095,1955
3096,1979
3097,2106
3098,2081
3099,2016
3100,2001
3101,1982
3102,2018
3103,2049
3104,2104
3105,2023
3106,2076
3107,2041
3108,2097
3109,2034
3110,2002
3111,2079
3112,2028
3113,2025
3114,2052
3115,2023
3116,2096
3117,2125
3118,2059
3119,2104
3120,2014
3121,2132
3122,2087
3123,2071
3124,2066
3125,2038
3126,2115
3127,2066
3128,2055
3129,2050
3130,2073
3131,2081
3132,2132
3133,2102
3134,2120
3135,2028
3136,2128
3137,2132
3138,2138
3139,2174
3140,2126
3141,2141
3142,2079
3143,2133
3144,2240
3145,2234
3146,2160
3147,2243
3148,2132
3149,2122
3150,2096
3151,2245
3152,2201
3153,2182
3154,2204
3155,2097
3156,2253
3157,2129
3158,2167
3159,2291
3160,2223
3161,2196
3162,2162
3163,2220
3164,2132
3165,2203
3166,2100
3167,2172
3168,2315
3169,2227
3170,2238
3171,2226
3172,2299
3173,2275
3174,2291
3175,2240
3176,2242
3177,2203
3178,2153
3179,2177
3180,2194
3181,2311
3182,2235
3183,2171
3184,2238
3185,2308
3186,2368
3187,2222
3188,2263
3189,2234
3190,2223
3191,2309
3192,2250
3193,2301
3194,2219
3195,2254
3196,2371
3197,2268
3198,2212
3199,2327
3200,2331
3201,2289
3202,2309
3203,2341
3204,2321
3205,2332
3206,2321
3207,2360
3208,2269
3209,2274
3210,2353
3211,2296
3212,2331
3213,2376
3214,2342
3215,2338
3216,2349
3217,2287
3218,2423
3219,2345
3220,2334
3221,2298
3222,2374
3223,2323
3224,2355
3225,2383
3226,2352
3227,2344
3228,2323
3229,2367
3230,2380
3231,2366
3232,2272
3233,2449
3234,2380
3235,2405
3236,2499
3237,2449
3238,2422
3239,2393
3240,2435
3241,2353
3242,2446
3243,2378
3244,2452
3245,2420
3246,2408
3247,2447
3248,2377
3249,2391
3250,2456
3251,2400
3252,2402
3253,2440
3254,2420
3255,2333
3256,2495
3257,2439
3258,2498
3259,2431
3260,2350
3261,2430
3262,2369
3263,2368
3264,2499
3265,2394
3266,2502
3267,2392
3268,2508
3269,2435
3270,2456
3271,2527
3272,2539
3273,2577
3274,2507
3275,2420
3276,2408
3277,2511
3278,2390
3279,2421
3280,2557
3281,2577
3282,2525
3283,2530
3284,2550
3285,2532
3286,2466
3287,2505
3288,2499
3289,2460
3290,2496
3291,2509
3292,2439
3293,2478
3294,2446
3295,2487
3296,2538
3297,2530
3298,2443
3299,2491
3300,2497
3301,2467
3302,2478
3303,2462
3304,2579
3305,2431
3306,2458
3307,2548
3308,2527
3309,2466
3310,2533
3311,2533
3312,2513
3313,2544
3314,2559
3315,2537
3316,2542
3317,2520
3318,2584
3319,2519
3320,2527
3321,2543
3322,2574
3323,2496
3324,2536
3325,2553
3326,2685
3327,2593
3328,2609
3329,2481
3330,2510
3331,2521
3332,2509
3333,2481
3334,2560
3335,2553
3336,2524
3337,2529
3338,2522
3339,2591
3340,2583
3341,2528
3342,2554
3343,2697
3344,2597
3345,2566
3346,2633
3347,2573
3348,2619
3349,2624
3350,2528
3351,2584
3352,2579
3353,2584
3354,2455
3355,2684
3356,2634
3357,2575
3358,2560
3359,2553
3360,2620
3361,2640
3362,2530
3363,2539
3364,2621
3365,2680
3366,2514
3367,2604
3368,2561
3369,2641
3370,2667
3371,2604
3372,2599
3373,2744
3374,2631
3375,2633
3376,2577
3377,2597
3378,2508
3379,2680
3380,2563
3381,2592
3382,2539
3383,2723
3384,2544
3385,2643
3386,2599
3387,2564
3388,2641
3389,2654
3390,2684
3391,2679
3392,2645
3393,2651
3394,2626
3395,2685
3396,2637
3397,2668
3398,2600
3399,2698
3400,2709
3401,2725
3402,2726
3403,2754
3404,2632
3405,2679
3406,2625
3407,2645
3408,2654
3409,2634
3410,2761
3411,2660
3412,2645
3413,2662
3414,2696
3415,2606
3416,2680
3417,2726
3418,2633
3419,2648
3420,2642
3421,2608
3422,2626
3423,2733
3424,2675
3425,2713
3426,2635
3427,2707
3428,2612
3429,2659
3430,2628
3431,2780
3432,2704
3433,2804
3434,2666
3435,2790
3436,2714
3437,2650
3438,2701
3439,2708
3440,2761
3441,2692
3442,2645
3443,2697
3444,2687
3445,2737
3446,2582
3447,2592
3448,2682
3449,2678
3450,2800
3451,2786
3452,2649
3453,2668
3454,2675
3455,2718
3456,2792
3457,2709
3458,2747
3459,2802
3460,2753
3461,2728
3462,2802
3463,2846
3464,2756
3465,2726
3466,2744
3467,2822
3468,2832
3469,2779
3470,2680
3471,2743
3472,2788
3473,2824
3474,2821
3475,2766
3476,2723
3477,2710
3478,2667
3479,2648
3480,2751
3481,2776
3482,2741
3483,2666
3484,2655
3485,2740
3486,2766
3487,2746
3488,2711
3489,2727
3490,2848
3491,2678
3492,2717
3493,2787
3494,2839
3495,2829
3496,2755
3497,2812
3498,2708
3499,2750
3500,2726
3501,2792
3502,2739
3503,2839
3504,2868
3505,2883
3506,2760
3507,2785
3508,2751
3509,2754
3510,2759
3511,2759
3512,2803
3513,2739
3514,2685
3515,2725
3516,2839
3517,2773
3518,2865
3519,2828
3520,2848
3521,2862
3522,2799
3523,2849
3524,2735
3525,2815
3526,2752
3527,2746
3528,2748
3529,2879
3530,2765
3531,2865
3532,2786
3533,2779
3534,2902
3535,2768
3536,2748
3537,2889
3538,2738
3539,2848
3540,2770
3541,2924
3542,2889
3543,2854
3544,2891
3545,2758
3546,2764
3547,2824
3548,2730
3549,2763
3550,2810
3551,2730
3552,2903
3553,2892
3554,2798
3555,2766
3556,2714
3557,2725
3558,2824
3559,2776
3560,2711
3561,2858
3562,2877
3563,2869
3564,2889
3565,2834
3566,2825
3567,2731
3568,2844
3569,2873
3570,2891
3571,2879
3572,2735
3573,2948
3574,2901
3575,2923
3576,2802
3577,2876
3578,2799
3579,2836
3580,2782
3581,2855
3582,2833
3583,2825
3584,2848
3585,2784
3586,2811
3587,2818
3588,2850
3589,2827
3590,2787
3591,2842
3592,2849
3593,2827
3594,2843
3595,2822
3596,2808
3597,2798
3598,2883
3599,2763
3600,2866
3601,2791
3602,2879
3603,2810
3604,2853
3605,2789
3606,2822
3607,2885
3608,2866
3609,2822
3610,2940
3611,2862
3612,2906
3613,2894
3614,2849
3615,2917
3616,2870
3617,2832
3618,2909
3619,2905
3620,2779
3621,2892
3622,2890
3623,2906
3624,2861
3625,2897
3626,2831
3627,2883
3628,2822
3629,2871
3630,2786
3631,2845
3632,2892
3633,2785
3634,2745
3635,2884
3636,2843
3637,2840
3638,2793
3639,2814
3640,2891
3641,2962
3642,2789
3643,2814
3644,2858
3645,2912
3646,2892
3647,2767
3648,2941
3649,2871
3650,2910
3651,2873
3652,2807
3653,2923
3654,2898
3655,2934
3656,2895
3657,2794
3658,2867
3659,2928
3660,2931
3661,2849
3662,2837
3663,2928
3664,2948
3665,2842
3666,2844
3667,2845
3668,2927
3669,2849
3670,2845
3671,2936
3672,2880
3673,2854
3674,2924
3675,2784
3676,2968
3677,2850
3678,2824
3679,2972
3680,2805
3681,2915
3682,2977
3683,2827
3684,2839
3685,2777
3686,2773
3687,2863
3688,2851
3689,2911
3690,2880
3691,2826
3692,2911
3693,2957
3694,2968
3695,2963
3696,2945
3697,2885
3698,2839
3699,2865
3700,2887
3701,2952
3702,2905
3703,2992
3704,2898
3705,2820
3706,2828
3707,2927
3708,2923
3709,2872
3710,2894
3711,2830
3712,2980
3713,2673
3714,2941
3715,2881
3716,2872
3717,2824
3718,2877
3719,2872
3720,2921
3721,2939
3722,2899
3723,2803
3724,2925
3725,2964
3726,2904
3727,2921
3728,2923
3729,2909
3730,2963
3731,2883
3732,2947
3733,2988
3734,2854
3735,2946
3736,2882
3737,2979
3738,2933
3739,2820
3740,2979
3741,2878
3742,2929
3743,2886
3744,2997
3745,2851
3746,2902
3747,2914
3748,2953
3749,2953
3750,2841
3751,2946
3752,2927
3753,2951
3754,2881
3755,2959
3756,2900
3757,2775
3758,2896
3759,2866
3760,2997
3761,2902
3762,3021
3763,2923
3764,2945
3765,2908
3766,2934
3767,2913
3768,2939
3769,3049
3770,2921
3771,2812
3772,2953
3773,2948
3774,2973
3775,2997
3776,2977
3777,2861
3778,2962
3779,2890
3780,2970
3781,3081
3782,2939
3783,2961
3784,2889
3785,3010
3786,2961
3787,2873
3788,2881
3789,2941
3790,2881
3791,2977
3792,2928
3793,2915
3794,2936
3795,2881
3796,3032
3797,2937
3798,2920
3799,2972
3800,3046
3801,2968
3802,2926
3803,2833
3804,3070
3805,2970
3806,2920
3807,2904
3808,2908
3809,2942
3810,2965
3811,2824
3812,2883
3813,2964
3814,2909
3815,2932
3816,3017
3817,2947
3818,2932
3819,2974
3820,2964
3821,2936
3822,2988
3823,2903
3824,2969
3825,2959
3826,2968
3827,2953
3828,2981
3829,3027
3830,3027
3831,2989
3832,3005
3833,3008
3834,2954
3835,3046
3836,3001
3837,2967
3838,2939
3839,3007
3840,2943
3841,2949
3842,2932
3843,3064
3844,2958
3845,2937
3846,3034
3847,2863
3848,2964
3849,2880
3850,3079
3851,2890
3852,2967
3853,3009
3854,2943
3855,2927
3856,2909
3857,3028
3858,2932
3859,3034
3860,3033
3861,2966
3862,2883
3863,2967
3864,3021
3865,3111
3866,3027
3867,3078
3868,3007
3869,2930
3870,2942
3871,2949
3872,2945
3873,2987
3874,2912
3875,2931
3876,2996
3877,2930
3878,2880
3879,3075
3880,2988
3881,2982
3882,3008
3883,3014
3884,2934
3885,3062
3886,2963
3887,2909
3888,3146
3889,2940
3890,3092
3891,2943
3892,2981
3893,3030
3894,2931
3895,3109
3896,2996
3897,3024
3898,2942
3899,3004
3900,2949
3901,2977
3902,2979
3903,2935
3904,3021
3905,2928
3906,2981
3907,3063
3908,2915
3909,3120
3910,2890
3911,2993
3912,2950
3913,2993
3914,2883
3915,2972
3916,3009
3917,2957
3918,2876
3919,3022
3920,3002
3921,3060
3922,2999
3923,3101
3924,2992
3925,2971
3926,2996
3927,3034
3928,3061
3929,2964
3930,3039
3931,3061
3932,3018
3933,2951
3934,2972
3935,3000
3936,3033
3937,3025
3938,2950
3939,2941
3940,3048
3941,3021
3942,2895
3943,2967
3944,2941
3945,2969
3946,2898
3947,3024
3948,3069
3949,2960
3950,3037
3951,2979
3952,2978
3953,2967
3954,2913
3955,3029
3956,2992
3957,2943
3958,2977
3959,3072
3960,2979
3961,3053
3962,3000
3963,2964
3964,2921
3965,3112
3966,2927
3967,3023
3968,3109
3969,2910
3970,3102
3971,3068
3972,3095
3973,3007
3974,2923
3975,3042
3976,3014
3977,3020
3978,2943
3979,2935
3980,2932
3981,2997
3982,3039
3983,2934
3984,3029
3985,3003
3986,3042
3987,2916
3988,2954
3989,3010
3990,3011
3991,3047
3992,3100
3993,2995
3994,3013
3995,2955
3996,2926
3997,2932
3998,3048
3999,3026
4000,2996
4001,2888
4002,3005
4003,3000
4004,2949
4005,3031
4006,2979
4007,3096
4008,2929
4009,3058
4010,3002
4011,3015
4012,2980
4013,2885
4014,2926
4015,3023
4016,3006
4017,2936
4018,2976
4019,2978
4020,2969
4021,2916
4022,3117
4023,2920
4024,3110
4025,3005
4026,3058
4027,3084
4028,2917
4029,2952
4030,3038
4031,2926
4032,2995
4033,2994
4034,3013
4035,2922
4036,2888
4037,2967
4038,2878
4039,2962
4040,3094
4041,3079
4042,2993
4043,3023
4044,3095
4045,3025
4046,3061
4047,3107
4048,3039
4049,2953
4050,2881
4051,3054
4052,2991
4053,2936
4054,3018
4055,2988
4056,2994
4057,2967
4058,2954
4059,3086
4060,2959
4061,2905
4062,2985
4063,2977
4064,2988
4065,2933
4066,3001
4067,2992
4068,3105
4069,3123
4070,3038
4071,3101
4072,3057
4073,2963
4074,3064
4075,2925
4076,2968
4077,3013
4078,3013
4079,3001
4080,2978
4081,3088
4082,3122
4083,2977
4084,2861
4085,2960
4086,3033
4087,2978
4088,3076
4089,3022
4090,2994
4091,3009
4092,2916
4093,2981
4094,3014
4095,2968
4096,3050
4097,3022
4098,3003
4099,2977
4100,3071
4101,3019
4102,2991
4103,2974
4104,2997
4105,2949
4106,3037
4107,2935
4108,3038
4109,2931
4110,2954
4111,2959
4112,2960
4113,3052
4114,2896
4115,2939
4116,2964
4117,3098
4118,2989
4119,3118
4120,2831
4121,2988
4122,3113
4123,3012
4124,3067
4125,3009
4126,2945
4127,3034
4128,3075
4129,2982
4130,2870
4131,3083
4132,3026
4133,3061
4134,2982
4135,3034
4136,3093
4137,3088
4138,3056
4139,3052
4140,2964
4141,3059
4142,3056
4143,3033
4144,3008
4145,2973
4146,3091
4147,3006
4148,3006
4149,3019
4150,3084
4151,2935
4152,2959
4153,2954
4154,3029
4155,2991
4156,2996
4157,3009
4158,3049
4159,3200
4160,3022
4161,2939
4162,3064
4163,2995
4164,3052
4165,3004
4166,3038
4167,2979
4168,2966
4169,3001
4170,3022
4171,3036
4172,2937
4173,3046
4174,3019
4175,3071
4176,3127
4177,2899
4178,2942
4179,3125
4180,2959
4181,3054
4182,3005
4183,3014
4184,3130
4185,3009
4186,2958
4187,3034
4188,2993
4189,3157
4190,2986
4191,3023
4192,2896
4193,3023
4194,3005
4195,2991
4196,2993
4197,3145
4198,3097
4199,3013
4200,2925
4201,3020
4202,3078
4203,3061
4204,3011
4205,3040
4206,3062
4207,2999
4208,3108
4209,2974
4210,3082
4211,3066
4212,3008
4213,3095
4214,2995
4215,3027
4216,3092
4217,3085
4218,3024
4219,3098
4220,3063
4221,3064
4222,2917
4223,3081
4224,3028
4225,3068
4226,3088
4227,2989
4228,3005
4229,2986
4230,3061
4231,2932
4232,3122
4233,2981
4234,2946
4235,2966
4236,3051
4237,3000
4238,3035
4239,2990
4240,3018
4241,3219
4242,3040
4243,3008
4244,2983
4245,2929
4246,3016
4247,3097
4248,3065
4249,3101
4250,3037
4251,3081
4252,3033
4253,3008
4254,3177
4255,2966
4256,3061
4257,3023
4258,3109
4259,3083
4260,3039
4261,2892
4262,3032
4263,3086
4264,2990
4265,2995
4266,3110
4267,3019
4268,3041
4269,3088
4270,3128
4271,3044
4272,3123
4273,3028
4274,3099
4275,3020
4276,3009
4277,3095
4278,3032
4279,3029
4280,3023
4281,3128
4282,3167
4283,3107
4284,3128
4285,3077
4286,3115
4287,3018
4288,3074
4289,3130
4290,3072
4291,3179
4292,3180
4293,3049
4294,3077
4295,3160
4296,3079
4297,3125
4298,3112
4299,3077
4300,3136
4301,3086
4302,3098
4303,3138
4304,3092
4305,3138
4306,3063
4307,3127
4308,3092
4309,3158
4310,3169
4311,3076
4312,3160
4313,3168
4314,3084
4315,3130
4316,3176
4317,3102
4318,3098
4319,3211
4320,2986
4321,3011
4322,3140
4323,3112
4324,3072
4325,3066
4326,3118
4327,3078
4328,3078
4329,3110
4330,3010
4331,3085
4332,3131
4333,3125
4334,3156
4335,3100
4336,3147
4337,3150
4338,3162
4339,3102
4340,3037
4341,3151
4342,3022
4343,3014
4344,3061
4345,3134
4346,3105
4347,3118
4348,3116
4349,3158
4350,3023
4351,3124
4352,3176
4353,3091
4354,3041
4355,3234
4356,3165
4357,3139
4358,3080
4359,3137
4360,3102
4361,3046
4362,3031
4363,3004
4364,3210
4365,3230
4366,3122
4367,3146
4368,3093
4369,3125
4370,3189
4371,3171
4372,3225
4373,3116
4374,3231
4375,3254
4376,3098
4377,3130
4378,3182
4379,3235
4380,3057
4381,3191
4382,3176
4383,3204
4384,3214
4385,3116
4386,3070
4387,3096
4388,3216
4389,3059
4390,3307
4391,3197
4392,3099
4393,3252
4394,3097
4395,3082
4396,3218
4397,3165
4398,3146
4399,3171
4400,3193
4401,3158
4402,3074
4403,3202
4404,3177
4405,3136
4406,3198
4407,3083
4408,3251
4409,3115
4410,3189
4411,3223
4412,3190
4413,3285
4414,3166
4415,3140
4416,3143
4417,3248
4418,3109
4419,3191
4420,3156
4421,3062
4422,3266
4423,3171
4424,3232
4425,3154
4426,3227
4427,3177
4428,3139
4429,3198
4430,3239
4431,3193
4432,3186
4433,3171
4434,3177
4435,3205
4436,3219
4437,3117
4438,3202
4439,3180
4440,3154
4441,3196
4442,3121
4443,3202
4444,3229
4445,3078
4446,3188
4447,3184
4448,3206
4449,3155
4450,3173
4451,3262
4452,3148
4453,3207
4454,3214
4455,3237
4456,3044
4457,3247
4458,3196
4459,3165
4460,3300
4461,3138
4462,3271
4463,3119
4464,3267
4465,3194
4466,3253
4467,3163
4468,3217
4469,3235
4470,3200
4471,3278
4472,3175
4473,3169
4474,3174
4475,3207
4476,3229
4477,3180
4478,3252
4479,3197
4480,3263
4481,3161
4482,3202
4483,3230
4484,3292
4485,3212
4486,3298
4487,3245
4488,3199
4489,3244
4490,3203
4491,3172
4492,3271
4493,3264
4494,3211
4495,3213
4496,3228
4497,3260
4498,3218
4499,3241
4500,3083
4501,3244
4502,3180
4503,3229
4504,3228
4505,3187
4506,3242
4507,3269
4508,3168
4509,3217
4510,3188
4511,3247
4512,3146
4513,3274
4514,3219
4515,3290
4516,3291
4517,3198
4518,3184
4519,3286
4520,3165
4521,3142
4522,3245
4523,3229
4524,3261
4525,3279
4526,3191
4527,3238
4528,3181
4529,3214
4530,3186
4531,3223
4532,3333
4533,3241
4534,3259
4535,3286
4536,3269
4537,3238
4538,3165
4539,3206
4540,3257
4541,3286
4542,3391
4543,3243
4544,3292
4545,3225
4546,3210
4547,3166
4548,3283
4549,3383
4550,3163
4551,3215
4552,3246
4553,3275
4554,3206
4555,3334
4556,3315
4557,3186
4558,3171
4559,3284
4560,3332
4561,3256
4562,3295
4563,3339
4564,3148
4565,3150
4566,3317
4567,3250
4568,3168
4569,3260
4570,3285
4571,3205
4572,3263
4573,3154
4574,3166
4575,3238
4576,3260
4577,3313
4578,3304
4579,3165
4580,3252
4581,3189
4582,3256
4583,3311
4584,3295
4585,3307
4586,3208
4587,3336
4588,3180
4589,3241
4590,3270
4591,3203
4592,3212
4593,3371
4594,3263
4595,3310
4596,3320
4597,3356
4598,3127
4599,3244
4600,3232
4601,3298
4602,3286
4603,3310
4604,3352
4605,3306
4606,3165
4607,3264
4608,3346
4609,3343
4610,3177
4611,3305
4612,3347
4613,3281
4614,3251
4615,3204
4616,3274
4617,3227
4618,3340
4619,3223
4620,3349
4621,3241
4622,3343
4623,3175
4624,3299
4625,3351
4626,3185
4627,3274
4628,3314
4629,3274
4630,3221
4631,3244
4632,3217
4633,3266
4634,3210
4635,3277
4636,3218
4637,3190
4638,3349
4639,3339
4640,3331
4641,3385
4642,3207
4643,3281
4644,3279
4645,3321
4646,3319
4647,3253
4648,3246
4649,3170
4650,3189
4651,3246
4652,3312
4653,3246
4654,3253
4655,3346
4656,3269
4657,3337
4658,3282
4659,3306
4660,3337
4661,3398
4662,3299
4663,3319
4664,3393
4665,3275
4666,3425
4667,3195
4668,3243
4669,3328
4670,3257
4671,3359
4672,3363
4673,3312
4674,3376
4675,3255
4676,3283
4677,3399
4678,3320
4679,3275
4680,3300
4681,3309
4682,3364
4683,3262
4684,3304
4685,3174
4686,3289
4687,3254
4688,3289
4689,3317
4690,3275
4691,3253
4692,3355
4693,3295
4694,3282
4695,3282
4696,3382
4697,3176
4698,3316
4699,3326
4700,3338
4701,3288
4702,3214
4703,3351
4704,3207
4705,3302
4706,3350
4707,3376
4708,3350
4709,3277
4710,3353
4711,3345
4712,3323
4713,3310
4714,3277
4715,3313
4716,3325
4717,3372
4718,3341
4719,3265
4720,3177
4721,3323
4722,3301
4723,3259
4724,3437
4725,3365
4726,3246
4727,3374
4728,3280
4729,3184
4730,3347
4731,3278
4732,3300
4733,3416
4734,3468
4735,3298
4736,3455
4737,3343
4738,3352
4739,3312
4740,3349
4741,3356
4742,3317
4743,3250
4744,3225
4745,3308
4746,3281
4747,3289
4748,3412
4749,3369
4750,3394
4751,3294
4752,3374
4753,3358
4754,3370
4755,3312
4756,3270
4757,3285
4758,3419
4759,3227
4760,3366
4761,3250
4762,3453
4763,3413
4764,3306
4765,3296
4766,3268
4767,3310
4768,3244
4769,3386
4770,3212
4771,3328
4772,3388
4773,3322
4774,3284
4775,3439
4776,3350
4777,3362
4778,3329
4779,3377
4780,3317
4781,3325
4782,3443
4783,3267
4784,3317
4785,3276
4786,3349
4787,3358
4788,3272
4789,3333
4790,3296
4791,3391
4792,3316
4793,3388
4794,3391
4795,3413
4796,3338
4797,3401
4798,3313
4799,3366
4800,3357
4801,3335
4802,3287
4803,3446
4804,3416
4805,3390
4806,3365
4807,3359
4808,3337
4809,3300
4810,3433
4811,3334
4812,3283
4813,3304
4814,3348
4815,3311
4816,3299
4817,3452
4818,3410
4819,3353
4820,3388
4821,3345
4822,3320
4823,3293
4824,3469
4825,3422
4826,3294
4827,3349
4828,3429
4829,3359
4830,3368
4831,3444
4832,3366
4833,3386
4834,3328
4835,3350
4836,3261
4837,3516
4838,3406
4839,3352
4840,3311
4841,3378
4842,3407
4843,3326
4844,3371
4845,3412
4846,3365
4847,3364
4848,3342
4849,3322
4850,3536
4851,3399
4852,3392
4853,3244
4854,3282
4855,3394
4856,3413
4857,3307
4858,3324
4859,3361
4860,3397
4861,3339
4862,3330
4863,3307
4864,3337
4865,3342
4866,3407
4867,3422
4868,3342
4869,3380
4870,3474
4871,3426
4872,3436
4873,3407
4874,3356
4875,3320
4876,3425
4877,3429
4878,3416
4879,3458
4880,3385
4881,3455
4882,3479
4883,3385
4884,3444
4885,3433
4886,3255
4887,3291
4888,3303
4889,3393
4890,3450
4891,3299
4892,3331
4893,3382
4894,3386
4895,3400
4896,3446
4897,3400
4898,3247
4899,3389
4900,3380
4901,3324
4902,3303
4903,3451
4904,3455
4905,3411
4906,3403
4907,3416
4908,3495
4909,3423
4910,3456
4911,3462
4912,3466
4913,3400
4914,3317
4915,3436
4916,3435
4917,3502
4918,3397
4919,3418
4920,3284
4921,3452
4922,3354
4923,3507
4924,3445
4925,3362
4926,3423
4927,3344
4928,3321
4929,3344
4930,3430
4931,3455
4932,3388
4933,3437
4934,3383
4935,3380
4936,3348
4937,3332
4938,3388
4939,3372
4940,3318
4941,3360
4942,3306
4943,3513
4944,3370
4945,3321
4946,3449
4947,3386
4948,3372
4949,3311
4950,3475
4951,3417
4952,3497
4953,3319
4954,3461
4955,3472
4956,3395
4957,3443
4958,3389
4959,3406
4960,3376
4961,3329
4962,3377
4963,3316
4964,3372
4965,3393
4966,3367
4967,3454
4968,3312
4969,3378
4970,3277
4971,3484
4972,3402
4973,3316
4974,3389
4975,3354
4976,3369
4977,3409
4978,3279
4979,3389
4980,3378
4981,3383
4982,3349
4983,3393
4984,3468
4985,3372
4986,3461
4987,3363
4988,3387
4989,3388
4990,3442
4991,3318
4992,3467
4993,3353
4994,3429
4995,3373
4996,3418
4997,3315
4998,3407
4999,3379
5000,3314
5001,3350
5002,3311
5003,3332
5004,3415
5005,3371
5006,3338
5007,3362
5008,3366
5009,3367
5010,3425
5011,3434
5012,3507
5013,3365
5014,3513
5015,3224
5016,3313
5017,3408
5018,3284
5019,3438
5020,3356
5021,3417
5022,3357
5023,3434
5024,3398
5025,3382
5026,3382
5027,3355
5028,3353
5029,3387
5030,3343
5031,3420
5032,3447
5033,3378
5034,3377
5035,3385
5036,3389
5037,3459
5038,3418
5039,3241
5040,3357
5041,3453
5042,3412
5043,3480
5044,3385
5045,3424
5046,3440
5047,3332
5048,3371
5049,3383
5050,3374
5051,3322
5052,3292
5053,3415
5054,3291
5055,3359
5056,3325
5057,3481
5058,3344
5059,3264
5060,3419
5061,3381
5062,3385
5063,3545
5064,3384
5065,3362
5066,3259
5067,3388
5068,3395
5069,3377
5070,3338
5071,3300
5072,3387
5073,3373
5074,3418
5075,3401
5076,3440
5077,3398
5078,3421
5079,3439
5080,3418
5081,3401
5082,3387
5083,3476
5084,3287
5085,3374
5086,3378
5087,3410
5088,3397
5089,3339
5090,3360
5091,3215
5092,3378
5093,3368
5094,3419
5095,3427
5096,3379
5097,3340
5098,3372
5099,3339
5100,3287
5101,3386
5102,3502
5103,3400
5104,3388
5105,3262
5106,3370
5107,3494
5108,3365
5109,3332
5110,3435
5111,3384
5112,3420
5113,3397
5114,3360
5115,3382
5116,3361
5117,3367
5118,3394
5119,3361
5120,3335
5121,3288
5122,3418
5123,3414
5124,3390
5125,3415
5126,3365
5127,3456
5128,3446
5129,3316
5130,3407
5131,3290
5132,3367
5133,3405
5134,3415
5135,3343
5136,3449
5137,3403
5138,3420
5139,3298
5140,3515
5141,3451
5142,3410
5143,3310
5144,3426
5145,3459
5146,3381
5147,3341
5148,3433
5149,3326
5150,3358
5151,3414
5152,3306
5153,3283
5154,3427
5155,3380
5156,3325
5157,3391
5158,3419
5159,3387
5160,3297
5161,3218
5162,3288
5163,3479
5164,3403
5165,3372
5166,3323
5167,3334
5168,3362
5169,3431
5170,3444
5171,3226
5172,3387
5173,3306
5174,3365
5175,3439
5176,3436
5177,3395
5178,3337
5179,3299
5180,3260
5181,3376
5182,3313
5183,3339
5184,3345
5185,3327
5186,3367
5187,3431
5188,3339
5189,3405
5190,3385
5191,3368
5192,3445
5193,3368
5194,3345
5195,3397
5196,3264
5197,3345
5198,3327
5199,3329
5200,3387
5201,3353
5202,3350
5203,3371
5204,3493
5205,3313
5206,3315
5207,3444
5208,3247
5209,3419
5210,3316
5211,3384
5212,3286
5213,3355
5214,3370
5215,3268
5216,3425
5217,3372
5218,3415
5219,3308
5220,3380
5221,3410
5222,3479
5223,3341
5224,3413
5225,3257
5226,3298
5227,3352
5228,3386
5229,3363
5230,3395
5231,3286
5232,3353
5233,3421
5234,3319
5235,3347
5236,3295
5237,3316
5238,3296
5239,3390
5240,3376
5241,3294
5242,3196
5243,3358
5244,3260
5245,3251
5246,3260
5247,3281
5248,3382
5249,3308
5250,3239
5251,3343
5252,3275
5253,3362
5254,3271
5255,3393
5256,3331
5257,3315
5258,3347
5259,3252
5260,3294
5261,3262
5262,3406
5263,3210
5264,3331
5265,3324
5266,3364
5267,3351
5268,3339
5269,3348
5270,3177
5271,3375
5272,3315
5273,3288
5274,3385
5275,3356
5276,3308
5277,3273
5278,3247
5279,3321
5280,3287
5281,3349
5282,3336
5283,3373
5284,3310
5285,3269
5286,3390
5287,3322
5288,3293
5289,3375
5290,3316
5291,3337
5292,3191
5293,3220
5294,3356
5295,3333
5296,3271
5297,3327
5298,3368
5299,3490
5300,3393
5301,3360
5302,3354
5303,3202
5304,3240
5305,3294
5306,3351
5307,3381
5308,3289
5309,3293
5310,3355
5311,3290
5312,3380
5313,3344
5314,3225
5315,3370
5316,3343
5317,3314
5318,3310
5319,3118
5320,3277
5321,3330
5322,3216
5323,3340
5324,3287
5325,3423
5326,3365
5327,3310
5328,3289
5329,3347
5330,3346
5331,3302
5332,3341
5333,3264
5334,3446
5335,3277
5336,3202
5337,3467
5338,3437
5339,3266
5340,3257
5341,3274
5342,3324
5343,3231
5344,3291
5345,3304
5346,3278
5347,3312
5348,3295
5349,3275
5350,3329
5351,3247
5352,3265
5353,3308
5354,3249
5355,3304
5356,3278
5357,3245
5358,3312
5359,3298
5360,3360
5361,3319
5362,3176
5363,3311
5364,3224
5365,3258
5366,3160
5367,3410
5368,3281
5369,3255
5370,3244
5371,3284
5372,3341
5373,3306
5374,3279
5375,3325
5376,3182
5377,3318
5378,3260
5379,3408
5380,3280
5381,3254
5382,3260
5383,3284
5384,3290
5385,3285
5386,3393
5387,3253
5388,3142
5389,3337
5390,3245
5391,3204
5392,3255
5393,3280
5394,3250
5395,3253
5396,3304
5397,3411
5398,3276
5399,3308
5400,3255
5401,3205
5402,3200
5403,3220
5404,3321
5405,3175
5406,3144
5407,3403
5408,3210
5409,3233
5410,3202
5411,3334
5412,3210
5413,3292
5414,3296
5415,3232
5416,3305
5417,3261
5418,3272
5419,3268
5420,3212
5421,3228
5422,3335
5423,3270
5424,3294
5425,3308
5426,3294
5427,3200
5428,3320
5429,3181
5430,3272
5431,3315
5432,3250
5433,3214
5434,3329
5435,3297
5436,3251
5437,3182
5438,3310
5439,3200
5440,3355
5441,3310
5442,3235
5443,3194
5444,3374
5445,3158
5446,3311
5447,3246
5448,3305
5449,3261
5450,3313
5451,3256
5452,3273
5453,3310
5454,3161
5455,3256
5456,3153
5457,3264
5458,3244
5459,3267
5460,3250
5461,3285
5462,3221
5463,3210
5464,3357
5465,3248
5466,3192
5467,3294
5468,3277
5469,3330
5470,3183
5471,3211
5472,3205
5473,3221
5474,3260
5475,3389
5476,3251
5477,3294
5478,3205
5479,3184
5480,3177
5481,3229
5482,3281
5483,3205
5484,3332
5485,3206
5486,3282
5487,3278
5488,3232
5489,3284
5490,3324
5491,3183
5492,3311
5493,3225
5494,3160
5495,3179
5496,3336
5497,3246
5498,3295
5499,3278
5500,3205
5501,3255
5502,3189
5503,3119
5504,3226
5505,3216
5506,3201
5507,3287
5508,3247
5509,3177
5510,3123
5511,3244
5512,3111
5513,3246
5514,3194
5515,3157
5516,3130
5517,3209
5518,3232
5519,3245
5520,3180
5521,3191
5522,3167
5523,3165
5524,3276
5525,3192
5526,3174
5527,3188
5528,3162
5529,3217
5530,3212
5531,3233
5532,3267
5533,3196
5534,3310
5535,3282
5536,3150
5537,3224
5538,3192
5539,3201
5540,3126
5541,3318
5542,3124
5543,3082
5544,3256
5545,3176
5546,3178
5547,3088
5548,3125
5549,3183
5550,3133
5551,3185
5552,3258
5553,3211
5554,3230
5555,3175
5556,3205
5557,3170
5558,3140
5559,3209
5560,3121
5561,3200
5562,3098
5563,3211
5564,3236
5565,3273
5566,3147
5567,3107
5568,3122
5569,3175
5570,3270
5571,3140
5572,3131
5573,3221
5574,3116
5575,3163
5576,3204
5577,3108
5578,3177
5579,3125
5580,3167
5581,3222
5582,3109
5583,3197
5584,3141
5585,3233
5586,3082
5587,3166
5588,3139
5589,3156
5590,3163
5591,3160
5592,3167
5593,3171
5594,3030
5595,3232
5596,3205
5597,3137
5598,3155
5599,3196
5600,3244
5601,3024
5602,3281
5603,3212
5604,3123
5605,3089
5606,3040
5607,3209
5608,3169
5609,3158
5610,3143
5611,3167
5612,3156
5613,3241
5614,3145
5615,3207
5616,3188
5617,3136
5618,3176
5619,3147
5620,3203
5621,3087
5622,3173
5623,3205
5624,3132
5625,3156
5626,3149
5627,3050
5628,3138
5629,3201
5630,3206
5631,3159
5632,3090
5633,3199
5634,3201
5635,3150
5636,3138
5637,3131
5638,3086
5639,3145
5640,3054
5641,3187
5642,3116
5643,3119
5644,3035
5645,3075
5646,3120
5647,3207
5648,3140
5649,3163
5650,3027
5651,3174
5652,3146
5653,3217
5654,3007
5655,3075
5656,3147
5657,3139
5658,3241
5659,3196
5660,3040
5661,3127
5662,3175
5663,3177
5664,3105
5665,3212
5666,3130
5667,3149
5668,3071
5669,3132
5670,3150
5671,3097
5672,3213
5673,3223
5674,3144
5675,3053
5676,3068
5677,3073
5678,3031
5679,3062
5680,3171
5681,3210
5682,3083
5683,3187
5684,3174
5685,3068
5686,3113
5687,3109
5688,3094
5689,3145
5690,3059
5691,2982
5692,3199
5693,3126
5694,3124
5695,3047
5696,3095
5697,3115
5698,2946
5699,3168
5700,3022
5701,3094
5702,3084
5703,3031
5704,3037
5705,3044
5706,3141
5707,3064
5708,3112
5709,2994
5710,3099
5711,3000
5712,3105
5713,3084
5714,3109
5715,3120
5716,3026
5717,3135
5718,3090
5719,3105
5720,3124
5721,3157
5722,3109
5723,3033
5724,3067
5725,3072
5726,3116
5727,3050
5728,3114
5729,3014
5730,3137
5731,3000
5732,2984
5733,3009
5734,3184
5735,3076
5736,3078
5737,3010
5738,3144
5739,3099
5740,3074
5741,3071
5742,3064
5743,2976
5744,3151
5745,3115
5746,3031
5747,3080
5748,3046
5749,3104
5750,3079
5751,3063
5752,3057
5753,3060
5754,3049
5755,3037
5756,3167
5757,3105
5758,3032
5759,3084
5760,3072
5761,3079
5762,3057
5763,3026
5764,3030
5765,3043
5766,3065
5767,3103
5768,3015
5769,3016
5770,3030
5771,3058
5772,3083
5773,3135
5774,3055
5775,3129
5776,3058
5777,3016
5778,3025
5779,3103
5780,3011
5781,2936
5782,3042
5783,3052
5784,3077
5785,2905
5786,3055
5787,3121
5788,2970
5789,3039
5790,3173
5791,3018
5792,3004
5793,3025
5794,3006
5795,2989
5796,3121
5797,3067
5798,3084
5799,2936
5800,2973
5801,3080
5802,3089
5803,3064
5804,3043
5805,2995
5806,2969
5807,2985
5808,3054
5809,2997
5810,2945
5811,2981
5812,3117
5813,3049
5814,3125
5815,2998
5816,3066
5817,2962
5818,3049
5819,2935
5820,3050
5821,3042
5822,3036
5823,3144
5824,3024
5825,3025
5826,3035
5827,2983
5828,2920
5829,2942
5830,2929
5831,2994
5832,3053
5833,3024
5834,2996
5835,3009
5836,3107
5837,3090
5838,3084
5839,3123
5840,2984
5841,3132
5842,3038
5843,3004
5844,2980
5845,3025
5846,3035
5847,3024
5848,3035
5849,3100
5850,3012
5851,3051
5852,3044
5853,2989
5854,2978
5855,3003
5856,2975
5857,3065
5858,3043
5859,3101
5860,3094
5861,2986
5862,3064
5863,3000
5864,3048
5865,3064
5866,3098
5867,2977
5868,2990
5869,3143
5870,2999
5871,3008
5872,2928
5873,3036
5874,3021
5875,2931
5876,2967
5877,2992
5878,3072
5879,3040
5880,3025
5881,2947
5882,3032
5883,2954
5884,3063
5885,2998
5886,3026
5887,2925
5888,2996
5889,2957
5890,3024
5891,2907
5892,3065
5893,3006
5894,3080
5895,2961
5896,2907
5897,3081
5898,2978
5899,2887
5900,3097
5901,3067
5902,3002
5903,3146
5904,3011
5905,3023
5906,2909
5907,2961
5908,3019
5909,2922
5910,2991
5911,3028
5912,3039
5913,2991
5914,2922
5915,2959
5916,2940
5917,3009
5918,2963
5919,3059
5920,2891
5921,2954
5922,2959
5923,2989
5924,3023
5925,2939
5926,3015
5927,2948
5928,3033
5929,3017
5930,3021
5931,2982
5932,3084
5933,2958
5934,3032
5935,3025
5936,2943
5937,2927
5938,3033
5939,2904
5940,3089
5941,3004
5942,2914
5943,2932
5944,2995
5945,3021
5946,3084
5947,3011
5948,2975
5949,3009
5950,2979
5951,3078
5952,3006
5953,2954
5954,3047
5955,2973
5956,3034
5957,3045
5958,2999
5959,3099
5960,3001
5961,3017
5962,2909
5963,3005
5964,3010
5965,3051
5966,3040
5967,2940
5968,3027
5969,3018
5970,3057
5971,2954
5972,2925
5973,2983
5974,3120
5975,3028
5976,3033
5977,2965
5978,2926
5979,2940
5980,2966
5981,3026
5982,2953
5983,3080
5984,2938
5985,2905
5986,2994
5987,3043
5988,2977
5989,3053
5990,2938
5991,2961
5992,2935
5993,3020
5994,3052
5995,3035
5996,2963
5997,2937
5998,2957
5999,3002
6000,3053
6001,2967
6002,3030
6003,2945
6004,3105
6005,3043
6006,2978
6007,3017
6008,2894
6009,3069
6010,3006
6011,2989
6012,3005
6013,3006
6014,3001
6015,2999
6016,3017
6017,2972
6018,2961
6019,2978
6020,2893
6021,2954
6022,2960
6023,2971
6024,2950
6025,3012
6026,2997
6027,3009
6028,2992
6029,2936
6030,3135
6031,3019
6032,3046
6033,3119
6034,2954
6035,3060
6036,2966
6037,2969
6038,2879
6039,2915
6040,3117
6041,3017
6042,2968
6043,2937
6044,2974
6045,3090
6046,2949
6047,3048
6048,3058
6049,2868
6050,2978
6051,2897
6052,3055
6053,3010
6054,2953
6055,3110
6056,3018
6057,2923
6058,2932
6059,2977
6060,3027
6061,3059
6062,2972
6063,2927
6064,2968
6065,3028
6066,2981
6067,2897
6068,2973
6069,2921
6070,2932
6071,2928
6072,2954
6073,2928
6074,2972
6075,3052
6076,2980
6077,2985
6078,3007
6079,2951
6080,3006
6081,2895
6082,3035
6083,2908
6084,3009
6085,3011
6086,3062
6087,2941
6088,2876
6089,2971
6090,2985
6091,3057
6092,2980
6093,3067
6094,3069
6095,2882
6096,2980
6097,3027
6098,3029
6099,3131
6100,2894
6101,2882
6102,3001
6103,3109
6104,2951
6105,2988
6106,2995
6107,3042
6108,2942
6109,3062
6110,2936
6111,2994
6112,3079
6113,2949
6114,2917
6115,3040
6116,3008
6117,2974
6118,2990
6119,2936
6120,2979
6121,2987
6122,3023
6123,2944
6124,2975
6125,2849
6126,3049
6127,3060
6128,2934
6129,2873
6130,2936
6131,2972
6132,2967
6133,3045
6134,2893
6135,2959
6136,2944
6137,3072
6138,2980
6139,2957
6140,3072
6141,3055
6142,2924
6143,2886
6144,2972
6145,2978
6146,2869
6147,2960
6148,3117
6149,3058
6150,3007
6151,2904
6152,2838
6153,2992
6154,2959
6155,2964
6156,3020
6157,2974
6158,2878
6159,3026
6160,3034
6161,2987
6162,2946
6163,2914
6164,2982
6165,3012
6166,2995
6167,3040
6168,2909
6169,2855
6170,2997
6171,2946
6172,2908
6173,2964
6174,2932
6175,2963
6176,2991
6177,2920
6178,2990
6179,2978
6180,2923
6181,2985
6182,2907
6183,2918
6184,2935
6185,2947
6186,3003
6187,2923
6188,2966
6189,2923
6190,2978
6191,2975
6192,2982
6193,2946
6194,2916
6195,2829
6196,2971
6197,2963
6198,2982
6199,2947
6200,2999
6201,2894
6202,3020
6203,2906
6204,2870
6205,2994
6206,2899
6207,2964
6208,2932
6209,2885
6210,2999
6211,2972
6212,2953
6213,2909
6214,2879
6215,2983
6216,2875
6217,2837
6218,2949
6219,2876
6220,2903
6221,2936
6222,3070
6223,2919
6224,2920
6225,2920
6226,2955
6227,2908
6228,3034
6229,2989
6230,2875
6231,2892
6232,2872
6233,2959
6234,2955
6235,2875
6236,2898
6237,2957
6238,3005
6239,2931
6240,3068
6241,2980
6242,2877
6243,2925
6244,2863
6245,2893
6246,2926
6247,2962
6248,2859
6249,2905
6250,2915
6251,2930
6252,2873
6253,2880
6254,2960
6255,2888
6256,2972
6257,2888
6258,2811
6259,2947
6260,2869
6261,2893
6262,2899
6263,2863
6264,2921
6265,2938
6266,2978
6267,2902
6268,2960
6269,2904
6270,2807
6271,2932
6272,2908
6273,2975
6274,2885
6275,2924
6276,2947
6277,2892
6278,2845
6279,2958
6280,2889
6281,2785
6282,2965
6283,2813
6284,2984
6285,3031
6286,2952
6287,2892
6288,2891
6289,2987
6290,2928
6291,3027
6292,2837
6293,2796
6294,2923
6295,2917
6296,2935
6297,2917
6298,2912
6299,2888
6300,2864
6301,2932
6302,2960
6303,2855
6304,2858
6305,2807
6306,2900
6307,2937
6308,2912
6309,2819
6310,2877
6311,2842
6312,2773
6313,2895
6314,2940
6315,2864
6316,2861
6317,2913
6318,2875
6319,2867
6320,2841
6321,2955
6322,2951
6323,2913
6324,2939
6325,2896
6326,2886
6327,2816
6328,2885
6329,2898
6330,2904
6331,2863
6332,2891
6333,2873
6334,2924
6335,2854
6336,2757
6337,2855
6338,2801
6339,2976
6340,2745
6341,2864
6342,2921
6343,2904
6344,2885
6345,2901
6346,2894
6347,2850
6348,2944
6349,2868
6350,2914
6351,2841
6352,2788
6353,2926
6354,2989
6355,2867
6356,2919
6357,2971
6358,2857
6359,2888
6360,2811
6361,2841
6362,2874
6363,2804
6364,2811
6365,2840
6366,2857
6367,2968
6368,2813
6369,2916
6370,2895
6371,2849
6372,2848
6373,2923
6374,2880
6375,2841
6376,2853
6377,2881
6378,2826
6379,2813
6380,2869
6381,2857
6382,2845
6383,2819
6384,2788
6385,2882
6386,2830
6387,2875
6388,2829
6389,2800
6390,2853
6391,2868
6392,2874
6393,2935
6394,2879
6395,2859
6396,2767
6397,2880
6398,2866
6399,2765
6400,2858
6401,2895
6402,2814
6403,2936
6404,2912
6405,2851
6406,2831
6407,2815
6408,2801
6409,2807
6410,2791
6411,2907
6412,2768
6413,2846
6414,2838
6415,2952
6416,2801
6417,2781
6418,2825
6419,2842
6420,2806
6421,2781
6422,2857
6423,2870
6424,2904
6425,2760
6426,2801
6427,2819
6428,2761
6429,2834
6430,2822
6431,2793
6432,2799
6433,2844
6434,2852
6435,2842
6436,2883
6437,2779
6438,2852
6439,2820
6440,2875
6441,2829
6442,2791
6443,2820
6444,2900
6445,2755
6446,2802
6447,2814
6448,2790
6449,2721
6450,2724
6451,2793
6452,2802
6453,2845
6454,2837
6455,2762
6456,2768
6457,2743
6458,2810
6459,2815
6460,2831
6461,2814
6462,2758
6463,2817
6464,2796
6465,2680
6466,2745
6467,2837
6468,2818
6469,2908
6470,2806
6471,2743
6472,2838
6473,2706
6474,2815
6475,2670
6476,2775
6477,2810
6478,2802
6479,2688
6480,2790
6481,2906
6482,2899
6483,2816
6484,2805
6485,2785
6486,2808
6487,2760
6488,2808
6489,2807
6490,2789
6491,2786
6492,2661
6493,2748
6494,2736
6495,2709
6496,2802
6497,2807
6498,2798
6499,2735
6500,2799
6501,2746
6502,2645
6503,2712
6504,2774
6505,2673
6506,2857
6507,2784
6508,2799
6509,2787
6510,2847
6511,2766
6512,2755
6513,2686
6514,2635
6515,2722
6516,2733
6517,2764
6518,2771
6519,2708
6520,2684
6521,2832
6522,2704
6523,2719
6524,2753
6525,2759
6526,2702
6527,2736
6528,2716
6529,2688
6530,2748
6531,2731
6532,2699
6533,2732
6534,2713
6535,2735
6536,2801
6537,2636
6538,2676
6539,2835
6540,2668
6541,2807
6542,2677
6543,2688
6544,2695
6545,2767
6546,2646
6547,2734
6548,2712
6549,2707
6550,2640
6551,2804
6552,2763
6553,2718
6554,2725
6555,2610
6556,2716
6557,2730
6558,2792
6559,2749
6560,2795
6561,2616
6562,2728
6563,2703
6564,2870
6565,2784
6566,2678
6567,2612
6568,2666
6569,2794
6570,2705
6571,2695
6572,2659
6573,2726
6574,2658
6575,2630
6576,2661
6577,2849
6578,2668
6579,2611
6580,2752
6581,2599
6582,2654
6583,2651
6584,2666
6585,2684
6586,2757
6587,2686
6588,2705
6589,2642
6590,2655
6591,2786
6592,2766
6593,2734
6594,2629
6595,2721
6596,2743
6597,2724
6598,2717
6599,2653
6600,2622
6601,2659
6602,2638
6603,2626
6604,2681
6605,2627
6606,2651
6607,2703
6608,2672
6609,2627
6610,2688
6611,2637
6612,2598
6613,2715
6614,2598
6615,2603
6616,2684
6617,2626
6618,2561
6619,2682
6620,2567
6621,2617
6622,2587
6623,2592
6624,2689
6625,2595
6626,2560
6627,2621
6628,2666
6629,2662
6630,2644
6631,2605
6632,2632
6633,2642
6634,2587
6635,2512
6636,2554
6637,2660
6638,2498
6639,2561
6640,2605
6641,2561
6642,2638
6643,2681
6644,2568
6645,2534
6646,2539
6647,2634
6648,2640
6649,2639
6650,2604
6651,2681
6652,2569
6653,2642
6654,2609
6655,2573
6656,2591
6657,2520
6658,2543
6659,2565
6660,2554
6661,2523
6662,2541
6663,2477
6664,2605
6665,2602
6666,2566
6667,2585
6668,2698
6669,2499
6670,2501
6671,2587
6672,2551
6673,2537
6674,2540
6675,2570
6676,2488
6677,2627
6678,2529
6679,2530
6680,2502
6681,2502
6682,2618
6683,2470
6684,2452
6685,2524
6686,2621
6687,2478
6688,2634
6689,2550
6690,2536
6691,2535
6692,2486
6693,2509
6694,2497
6695,2476
6696,2555
6697,2458
6698,2496
6699,2616
6700,2467
6701,2622
6702,2480
6703,2430
6704,2599
6705,2439
6706,2537
6707,2499
6708,2429
6709,2478
6710,2548
6711,2551
6712,2454
6713,2441
6714,2498
6715,2484
6716,2495
6717,2503
6718,2557
6719,2382
6720,2499
6721,2472
6722,2445
6723,2450
6724,2427
6725,2477
6726,2469
6727,2457
6728,2428
6729,2480
6730,2418
6731,2458
6732,2458
6733,2491
6734,2467
6735,2420
6736,2461
6737,2467
6738,2453
6739,2373
6740,2423
6741,2485
6742,2388
6743,2409
6744,2400
6745,2437
6746,2402
6747,2386
6748,2341
6749,2424
6750,2345
6751,2319
6752,2348
6753,2367
6754,2413
6755,2446
6756,2447
6757,2460
6758,2444
6759,2417
6760,2429
6761,2422
6762,2305
6763,2402
6764,2406
6765,2391
6766,2374
6767,2353
6768,2452
6769,2383
6770,2424
6771,2416
6772,2347
6773,2332
6774,2357
6775,2359
6776,2293
6777,2379
6778,2347
6779,2375
6780,2263
6781,2275
6782,2315
6783,2283
6784,2362
6785,2425
6786,2348
6787,2383
6788,2192
6789,2307
6790,2384
6791,2269
6792,2347
6793,2343
6794,2379
6795,2312
6796,2385
6797,2293
6798,2400
6799,2351
6800,2263
6801,2262
6802,2298
6803,2272
6804,2285
6805,2407
6806,2356
6807,2272
6808,2244
6809,2284
6810,2324
6811,2224
6812,2346
6813,2285
6814,2296
6815,2264
6816,2269
6817,2175
6818,2207
6819,2320
6820,2310
6821,2277
6822,2282
6823,2112
6824,2256
6825,2282
6826,2316
6827,2227
6828,2280
6829,2177
6830,2161
6831,2154
6832,2252
6833,2240
6834,2210
6835,2198
6836,2213
6837,2240
6838,2199
6839,2208
6840,2282
6841,2203
6842,2243
6843,2244
6844,2250
6845,2115
6846,2192
6847,2198
6848,2202
6849,2169
6850,2050
6851,2276
6852,2118
6853,2299
6854,2239
6855,2155
6856,2219
6857,2207
6858,2130
6859,2097
6860,2171
6861,2142
6862,2176
6863,2146
6864,2078
6865,2094
6866,2055
6867,2188
6868,2069
6869,2118
6870,2123
6871,2067
6872,2106
6873,2041
6874,2152
6875,2080
6876,2092
6877,2137
6878,2108
6879,2093
6880,2151
6881,2052
6882,2022
6883,2065
6884,2137
6885,2082
6886,2106
6887,2031
6888,2044
6889,2028
6890,2096
6891,2151
6892,2018
6893,1970
6894,2081
6895,2048
6896,1984
6897,2009
6898,2055
6899,2001
6900,2045
6901,2026
6902,2018
6903,2001
6904,2009
6905,2016
6906,2023
6907,2022
6908,1989
6909,1965
6910,2088
6911,1975
6912,2032
6913,1949
6914,1950
6915,2074
6916,2078
6917,1969
6918,1965
6919,2018
6920,1946
6921,1952
6922,2004
6923,1984
6924,1889
6925,2048
6926,1951
6927,1950
6928,1895
6929,1959
6930,1897
6931,2076
6932,2013
6933,1835
6934,1920
6935,1918
6936,1914
6937,1912
6938,1927
6939,1837
6940,1952
6941,1837
6942,1868
6943,1884
6944,1857
6945,1884
6946,1866
6947,1849
6948,1954
6949,1853
6950,1863
6951,1831
6952,1833
6953,1898
6954,1858
6955,1936
6956,1837
6957,1856
6958,1811
6959,1882
6960,1862
6961,1874
6962,1819
6963,1793
6964,1838
6965,1800
6966,1800
6967,1784
6968,1795
6969,1731
6970,1746
6971,1771
6972,1815
6973,1772
6974,1831
6975,1736
6976,1760
6977,1808
6978,1764
6979,1797
6980,1711
6981,1740
6982,1742
6983,1758
6984,1745
6985,1721
6986,1776
6987,1769
6988,1706
6989,1626
6990,1759
6991,1721
6992,1753
6993,1739
6994,1690
6995,1628
6996,1706
6997,1681
6998,1744
6999,1679
7000,1592
7001,1653
7002,1656
7003,1687
7004,1609
7005,1671
7006,1636
7007,1689
7008,1560
7009,1618
7010,1692
7011,1581
7012,1676
7013,1594
7014,1579
7015,1613
7016,1639
7017,1647
7018,1607
7019,1625
7020,1626
7021,1634
7022,1697
7023,1683
7024,1573
7025,1605
7026,1549
7027,1558
7028,1488
7029,1564
7030,1580
7031,1572
7032,1545
7033,1591
7034,1472
7035,1611
7036,1531
7037,1558
7038,1567
7039,1568
7040,1510
7041,1602
7042,1570
7043,1590
7044,1455
7045,1539
7046,1504
7047,1551
7048,1434
7049,1524
7050,1521
7051,1544
7052,1560
7053,1453
7054,1425
7055,1537
7056,1448
7057,1462
7058,1457
7059,1476
7060,1443
7061,1401
7062,1472
7063,1411
7064,1415
7065,1477
7066,1486
7067,1494
7068,1412
7069,1378
7070,1439
7071,1463
7072,1446
7073,1465
7074,1383
7075,1415
7076,1375
7077,1440
7078,1388
7079,1444
7080,1306
7081,1284
7082,1357
7083,1324
7084,1345
7085,1351
7086,1385
7087,1267
7088,1349
7089,1314
7090,1289
7091,1361
7092,1300
7093,1327
7094,1276
7095,1369
7096,1314
7097,1299
7098,1274
7099,1307
7100,1262
7101,1227
7102,1275
7103,1267
7104,1294
7105,1319
7106,1252
7107,1285
7108,1296
7109,1203
7110,1245
7111,1264
7112,1287
7113,1213
7114,1273
7115,1203
7116,1256
7117,1242
7118,1242
7119,1295
7120,1215
7121,1195
7122,1169
7123,1230
7124,1205
7125,1180
7126,1220
7127,1152
7128,1193
7129,1202
7130,1197
7131,1199
7132,1218
7133,1202
7134,1171
7135,1125
7136,1175
7137,1088
7138,1186
7139,1142
7140,1110
7141,1182
7142,1126
7143,1145
7144,1135
7145,1089
7146,1105
7147,1112
7148,1101
7149,1085
7150,1103
7151,1117
7152,1097
7153,1092
7154,1101
7155,1079
7156,1097
7157,1067
7158,1078
7159,1070
7160,1087
7161,975
7162,1041
7163,1058
7164,1089
7165,1085
7166,1039
7167,982
7168,1043
7169,1066
7170,1011
7171,1038
7172,1007
7173,1016
7174,1026
7175,932
7176,1042
7177,992
7178,1012
7179,973
7180,1025
7181,959
7182,980
7183,911
7184,954
7185,947
7186,943
7187,985
7188,948
7189,986
7190,980
7191,961
7192,920
7193,942
7194,942
7195,950
7196,983
7197,890
7198,920
7199,939
7200,897
7201,955
7202,881
7203,903
7204,884
7205,924
7206,915
7207,849
7208,868
7209,868
7210,903
7211,894
7212,870
7213,893
7214,790
7215,830
7216,858
7217,889
7218,865
7219,888
7220,853
7221,800
7222,860
7223,822
7224,871
7225,772
7226,859
7227,833
7228,820
7229,827
7230,779
7231,796
7232,820
7233,806
7234,749
7235,766
7236,819
7237,768
7238,789
7239,826
7240,757
7241,755
7242,727
7243,764
7244,741
7245,774
7246,738
7247,779
7248,753
7249,681
7250,696
7251,689
7252,709
7253,787
7254,739
7255,700
7256,694
7257,787
7258,703
7259,726
7260,694
7261,678
7262,722
7263,668
7264,704
7265,704
7266,658
7267,693
7268,665
7269,694
7270,654
7271,715
7272,672
7273,702
7274,685
7275,671
7276,633
7277,656
7278,698
7279,621
7280,691
7281,629
7282,663
7283,641
7284,656
7285,609
7286,665
7287,622
7288,609
7289,626
7290,597
7291,652
7292,603
7293,575
7294,572
7295,629
7296,597
7297,613
7298,634
7299,577
7300,575
7301,620
7302,593
7303,585
7304,576
7305,569
7306,528
7307,580
7308,541
7309,552
7310,591
7311,578
7312,523
7313,554
7314,543
7315,495
7316,545
7317,500
7318,536
7319,529
7320,529
7321,512
7322,499
7323,546
7324,494
7325,491
7326,511
7327,506
7328,493
7329,501
7330,512
7331,477
7332,452
7333,480
7334,459
7335,493
7336,512
7337,470
7338,510
7339,432
7340,447
7341,491
7342,471
7343,467
7344,498
7345,414
7346,429
7347,463
7348,434
7349,447
7350,485
7351,454
7352,485
7353,437
7354,432
7355,429
7356,439
7357,448
7358,447
7359,418
7360,422
7361,421
7362,424
7363,404
7364,423
7365,418
7366,392
7367,440
7368,429
7369,398
7370,392
7371,413
7372,405
7373,398
7374,403
7375,423
7376,354
7377,379
7378,378
7379,362
7380,373
7381,383
7382,359
7383,347
7384,346
7385,387
7386,358
7387,378
7388,333
7389,355
7390,370
7391,339
7392,350
7393,339
7394,332
7395,300
7396,346
7397,325
7398,308
7399,290
7400,336
7401,318
7402,336
7403,312
7404,304
7405,329
7406,305
7407,311
7408,294
7409,328
7410,297
7411,319
7412,292
7413,273
7414,278
7415,301
7416,302
7417,306
7418,276
7419,289
7420,302
7421,252
7422,276
7423,264
7424,272
7425,279
7426,256
7427,302
7428,295
7429,271
7430,240
7431,262
7432,261
7433,258
7434,250
7435,261
7436,273
7437,235
7438,266
7439,260
7440,233
7441,236
7442,253
7443,193
7444,200
7445,266
7446,256
7447,254
7448,229
7449,236
7450,235
7451,213
7452,253
7453,224
7454,216
7455,233
7456,222
7457,248
7458,199
7459,234
7460,211
7461,222
7462,231
7463,207
7464,210
7465,209
7466,213
7467,185
7468,211
7469,210
7470,192
7471,180
7472,186
7473,185
7474,201
7475,195
7476,195
7477,171
7478,181
7479,184
7480,182
7481,196
7482,191
7483,157
7484,171
7485,179
7486,180
7487,158
7488,167
7489,162
7490,175
7491,170
7492,174
7493,156
7494,168
7495,176
7496,163
7497,190
7498,168
7499,164
7500,149
7501,166
7502,139
7503,157
7504,165
7505,139
7506,147
7507,156
7508,121
7509,131
7510,149
7511,137
7512,136
7513,123
7514,127
7515,128
7516,149
7517,123
7518,129
7519,145
7520,125
7521,105
7522,109
7523,117
7524,121
7525,135
7526,125
7527,144
7528,124
7529,128
7530,121
7531,111
7532,111
7533,134
7534,120
7535,122
7536,127
7537,99
7538,107
7539,104
7540,112
7541,100
7542,125
7543,109
7544,106
7545,92
7546,113
7547,81
7548,110
7549,109
7550,93
7551,86
7552,79
7553,102
7554,92
7555,83
7556,97
7557,101
7558,92
7559,81
7560,76
7561,113
7562,90
7563,87
7564,85
7565,78
7566,97
7567,82
7568,67
7569,75
7570,69
7571,75
7572,64
7573,68
7574,72
7575,70
7576,69
7577,71
7578,79
7579,63
7580,64
7581,82
7582,72
7583,61
7584,65
7585,76
7586,53
7587,54
7588,68
7589,83
7590,49
7591,69
7592,64
7593,47
7594,71
7595,67
7596,66
7597,55
7598,59
7599,51
7600,45
7601,54
7602,53
7603,44
7604,67
7605,51
7606,46
7607,44
7608,51
7609,47
7610,40
7611,40
7612,52
7613,49
7614,56
7615,40
7616,47
7617,47
7618,40
7619,43
7620,41
7621,34
7622,40
7623,41
7624,48
7625,40
7626,39
7627,42
7628,37
7629,53
7630,36
7631,33
7632,32
7633,36
7634,32
7635,38
7636,32
7637,35
7638,33
7639,30
7640,29
7641,30
7642,35
7643,31
7644,25
7645,37
7646,33
7647,38
7648,28
7649,33
7650,36
7651,19
7652,27
7653,29
7654,31
7655,32
7656,28
7657,26
7658,26
7659,22
7660,19
7661,20
7662,24
7663,29
7664,26
7665,26
7666,22
7667,16
7668,23
7669,28
7670,23
7671,20
7672,17
7673,21
7674,23
7675,21
7676,22
7677,14
7678,27
7679,19
7680,17
7681,17
7682,11
7683,21
7684,14
7685,15
7686,11
7687,29
7688,16
7689,10
7690,16
7691,18
7692,11
7693,14
7694,14
7695,16
7696,6
7697,9
7698,10
7699,11
7700,15
7701,14
7702,13
7703,19
7704,9
7705,22
7706,11
7707,12
7708,8
7709,11
7710,12
7711,7
7712,11
7713,9
7714,13
7715,9
7716,10
7717,11
7718,9
7719,9
7720,9
7721,10
7722,9
7723,11
7724,12
7725,7
7726,6
7727,8
7728,9
7729,9
7730,8
7731,7
7732,6
7733,8
7734,3
7735,4
7736,5
7737,7
7738,5
7739,4
7740,7
7741,8
7742,8
7743,4
7744,9
7745,3
7746,5
7747,1
7748,3
7749,9
7750,5
7751,4
7752,7
7753,3
7754,6
7755,8
7756,7
7757,9
7758,7
7759,4
7760,5
7761,11
7762,2
7763,1
7764,7
7765,5
7766,4
7767,1
7768,4
7769,4
7770,6
7771,2
7772,4
7773,1
7774,1
7775,3
7777,3
7778,3
7779,3
7780,5
7781,2
7782,3
7783,8
7784,3
7785,2
7786,2
7787,2
7788,2
7789,3
7790,4
7791,3
7792,4
7793,4
7794,2
7795,5
7796,2
7797,2
7798,2
7800,4
7801,1
7802,3
7803,2
7804,3
7805,2
7806,1
7807,1
7808,1
7809,1
7811,1
7812,2
7813,1
7814,1
7815,2
7816,1
7817,1
7819,2
7820,1
7821,1
7822,3
7823,1
7824,2
7828,1
7829,3
7830,1
7833,3
7834,1
7837,1
7840,2
7841,1
7844,1
7847,1
7848,1
7850,1
7852,1
7854,2
7856,4
7859,1
7860,1
7862,2
7864,2
7865,1
7886,1
7898,1
7907,1
7910,2
7914,1
7930,1
