1769,1
1799,1
1806,1
1809,2
1811,1
1828,2
1830,2
1832,1
1833,1
1836,1
1837,1
1841,2
1842,1
1844,1
1846,1
1848,2
1851,1
1852,1
1853,1
1854,2
1855,3
1856,1
1857,1
1858,2
1859,2
1861,2
1862,1
1863,2
1864,2
1865,7
1866,3
1867,1
1868,3
1869,3
1870,1
1871,1
1872,2
1873,2
1874,3
1875,1
1876,2
1877,3
1878,2
1879,2
1880,1
1881,2
1882,1
1883,2
1884,1
1885,1
1886,2
1887,2
1888,3
1889,2
1890,3
1891,5
1892,5
1893,2
1894,4
1895,4
1896,4
1897,2
1898,3
1899,2
1900,4
1901,6
1902,5
1903,2
1904,1
1905,4
1906,5
1907,2
1908,3
1909,5
1910,6
1911,4
1912,2
1913,8
1914,7
1915,5
1916,10
1917,6
1918,6
1919,7
1920,7
1921,7
1922,6
1923,2
1924,1
1925,7
1926,8
1927,9
1928,3
1929,8
1930,11
1931,7
1932,9
1933,5
1934,12
1935,5
1936,9
1937,10
1938,15
1939,8
1940,10
1941,12
1942,18
1943,11
1944,11
1945,9
1946,18
1947,3
1948,11
1949,12
1950,12
1951,14
1952,13
1953,7
1954,15
1955,18
1956,10
1957,19
1958,17
1959,13
1960,23
1961,11
1962,23
1963,11
1964,13
1965,21
1966,22
1967,17
1968,24
1969,20
1970,18
1971,20
1972,29
1973,17
1974,17
1975,15
1976,16
1977,29
1978,31
1979,26
1980,24
1981,25
1982,32
1983,19
1984,28
1985,23
1986,34
1987,31
1988,30
1989,20
1990,20
1991,34
1992,34
1993,34
1994,31
1995,30
1996,28
1997,36
1998,39
1999,34
2000,43
2001,40
2002,36
2003,38
2004,31
2005,44
2006,33
2007,44
2008,56
2009,46
2010,59
2011,59
2012,48
2013,36
2014,46
2015,43
2016,48
2017,29
2018,41
2019,54
2020,42
2021,69
2022,50
2023,49
2024,55
2025,51
2026,52
2027,59
2028,71
2029,49
2030,58
2031,49
2032,63
2033,55
2034,75
2035,64
2036,63
2037,78
2038,64
2039,63
2040,62
2041,81
2042,75
2043,66
2044,57
2045,83
2046,87
2047,83
2048,67
2049,75
2050,71
2051,93
2052,88
2053,76
2054,82
2055,83
2056,118
2057,79
2058,83
2059,93
2060,92
2061,95
2062,85
2063,92
2064,94
2065,101
2066,100
2067,107
2068,90
2069,89
2070,111
2071,103
2072,113
2073,98
2074,125
2075,129
2076,130
2077,112
2078,120
2079,128
2080,120
2081,140
2082,151
2083,112
2084,136
2085,134
2086,123
2087,115
2088,132
2089,136
2090,139
2091,130
2092,156
2093,152
2094,143
2095,146
2096,138
2097,182
2098,155
2099,160
2100,130
2101,154
2102,158
2103,159
2104,198
2105,170
2106,174
2107,158
2108,171
2109,187
2110,186
2111,179
2112,180
2113,186
2114,182
2115,205
2116,196
2117,193
2118,220
2119,228
2120,226
2121,210
2122,218
2123,201
2124,220
2125,203
2126,206
2127,226
2128,216
2129,250
2130,230
2131,224
2132,223
2133,264
2134,254
2135,267
2136,266
2137,265
2138,261
2139,263
2140,305
2141,240
2142,271
2143,282
2144,267
2145,288
2146,287
2147,285
2148,309
2149,291
2150,323
2151,297
2152,300
2153,338
2154,317
2155,315
2156,331
2157,324
2158,312
2159,318
2160,341
2161,340
2162,321
2163,354
2164,341
2165,378
2166,357
2167,359
2168,383
2169,371
2170,360
2171,376
2172,359
2173,350
2174,397
2175,382
2176,432
2177,407
2178,407
2179,421
2180,447
2181,423
2182,444
2183,392
2184,429
2185,466
2186,456
2187,482
2188,518
2189,483
2190,486
2191,471
2192,491
2193,476
2194,497
2195,482
2196,486
2197,498
2198,507
2199,522
2200,497
2201,519
2202,548
2203,526
2204,524
2205,547
2206,547
2207,522
2208,546
2209,556
2210,570
2211,585
2212,605
2213,592
2214,639
2215,600
2216,600
2217,591
2218,639
2219,597
2220,635
2221,645
2222,685
2223,657
2224,664
2225,645
2226,680
2227,681
2228,666
2229,667
2230,709
2231,715
2232,644
2233,706
2234,694
2235,707
2236,736
2237,727
2238,747
2239,794
2240,805
2241,796
2242,795
2243,768
2244,732
2245,767
2246,817
2247,799
2248,796
2249,845
2250,765
2251,781
2252,837
2253,858
2254,884
2255,868
2256,844
2257,828
2258,899
2259,898
2260,905
2261,849
2262,974
2263,970
2264,914
2265,897
2266,928
2267,951
2268,964
2269,918
2270,924
2271,933
2272,1013
2273,1037
2274,1024
2275,1030
2276,1040
2277,1045
2278,1071
2279,991
2280,1054
2281,1113
2282,1040
2283,1059
2284,1077
2285,1034
2286,1102
2287,1123
2288,1163
2289,1116
2290,1120
2291,1096
2292,1140
2293,1126
2294,1195
2295,1164
2296,1231
2297,1241
2298,1233
2299,1246
2300,1271
2301,1170
2302,1271
2303,1306
2304,1261
2305,1226
2306,1308
2307,1284
2308,1312
2309,1334
2310,1256
2311,1332
2312,1352
2313,1282
2314,1427
2315,1342
2316,1400
2317,1385
2318,1370
2319,1430
2320,1394
2321,1470
2322,1430
2323,1436
2324,1474
2325,1442
2326,1350
2327,1501
2328,1518
2329,1399
2330,1521
2331,1454
2332,1498
2333,1576
2334,1459
2335,1621
2336,1618
2337,1606
2338,1558
2339,1539
2340,1665
2341,1602
2342,1636
2343,1641
2344,1580
2345,1635
2346,1703
2347,1671
2348,1704
2349,1663
2350,1713
2351,1751
2352,1702
2353,1777
2354,1657
2355,1704
2356,1777
2357,1708
2358,1789
2359,1743
2360,1801
2361,1795
2362,1782
2363,1867
2364,1825
2365,1767
2366,1828
2367,1872
2368,1894
2369,1892
2370,1893
2371,1895
2372,2000
2373,2002
2374,1918
2375,1942
2376,1993
2377,1974
2378,1928
2379,2018
2380,1992
2381,2009
2382,2058
2383,2038
2384,2045
2385,2095
2386,2145
2387,2045
2388,2025
2389,2101
2390,2162
2391,2085
2392,2080
2393,2123
2394,2166
2395,2139
2396,2245
2397,2131
2398,2223
2399,2196
2400,2230
2401,2338
2402,2240
2403,2219
2404,2237
2405,2296
2406,2264
2407,2351
2408,2350
2409,2269
2410,2341
2411,2328
2412,2350
2413,2364
2414,2350
2415,2287
2416,2389
2417,2364
2418,2443
2419,2524
2420,2407
2421,2381
2422,2496
2423,2379
2424,2556
2425,2397
2426,2502
2427,2531
2428,2455
2429,2521
2430,2432
2431,2561
2432,2633
2433,2537
2434,2569
2435,2505
2436,2600
2437,2689
2438,2642
2439,2599
2440,2719
2441,2698
2442,2641
2443,2625
2444,2641
2445,2665
2446,2699
2447,2742
2448,2751
2449,2703
2450,2752
2451,2704
2452,2702
2453,2714
2454,2727
2455,2784
2456,2797
2457,2798
2458,2767
2459,2857
2460,2763
2461,2757
2462,2882
2463,2829
2464,2945
2465,2886
2466,2900
2467,2926
2468,2973
2469,2957
2470,2994
2471,3001
2472,2863
2473,2932
2474,2937
2475,2979
2476,3015
2477,2976
2478,2953
2479,3053
2480,2984
2481,3050
2482,3188
2483,3077
2484,3019
2485,2999
2486,3004
2487,3094
2488,3035
2489,3060
2490,3049
2491,3078
2492,3182
2493,3061
2494,3119
2495,3227
2496,3179
2497,3102
2498,3251
2499,3292
2500,3152
2501,3218
2502,3255
2503,3206
2504,3278
2505,3267
2506,3216
2507,3293
2508,3384
2509,3266
2510,3240
2511,3460
2512,3351
2513,3214
2514,3334
2515,3470
2516,3452
2517,3332
2518,3486
2519,3483
2520,3466
2521,3442
2522,3478
2523,3426
2524,3398
2525,3531
2526,3508
2527,3438
2528,3495
2529,3397
2530,3452
2531,3492
2532,3444
2533,3434
2534,3538
2535,3431
2536,3531
2537,3528
2538,3652
2539,3564
2540,3638
2541,3607
2542,3603
2543,3649
2544,3653
2545,3601
2546,3694
2547,3688
2548,3682
2549,3734
2550,3741
2551,3603
2552,3630
2553,3580
2554,3659
2555,3759
2556,3676
2557,3822
2558,3713
2559,3718
2560,3753
2561,3780
2562,3767
2563,3673
2564,3736
2565,3808
2566,3829
2567,3830
2568,3914
2569,3761
2570,3763
2571,3721
2572,3775
2573,3883
2574,3841
2575,3870
2576,3814
2577,3884
2578,3889
2579,3934
2580,3818
2581,3863
2582,3814
2583,4029
2584,4017
2585,3853
2586,4080
2587,3950
2588,3932
2589,3910
2590,4104
2591,4015
2592,3938
2593,4056
2594,3976
2595,3942
2596,4012
2597,4074
2598,4089
2599,4051
2600,4078
2601,4103
2602,4022
2603,4123
2604,4011
2605,4036
2606,4139
2607,4140
2608,4109
2609,4122
2610,4122
2611,4117
2612,4265
2613,4159
2614,4224
2615,4249
2616,4080
2617,4084
2618,4181
2619,4178
2620,4141
2621,4172
2622,4148
2623,4164
2624,4231
2625,4291
2626,4133
2627,4205
2628,4299
2629,4226
2630,4239
2631,4282
2632,4258
2633,4256
2634,4357
2635,4384
2636,4185
2637,4406
2638,4272
2639,4244
2640,4230
2641,4356
2642,4336
2643,4254
2644,4363
2645,4370
2646,4244
2647,4379
2648,4307
2649,4272
2650,4444
2651,4274
2652,4355
2653,4398
2654,4360
2655,4399
2656,4425
2657,4318
2658,4319
2659,4394
2660,4206
2661,4324
2662,4391
2663,4320
2664,4409
2665,4389
2666,4408
2667,4412
2668,4473
2669,4499
2670,4422
2671,4554
2672,4608
2673,4462
2674,4482
2675,4423
2676,4422
2677,4385
2678,4449
2679,4488
2680,4554
2681,4595
2682,4468
2683,4592
2684,4529
2685,4576
2686,4597
2687,4667
2688,4531
2689,4674
2690,4515
2691,4582
2692,4510
2693,4497
2694,4574
2695,4554
2696,4586
2697,4573
2698,4637
2699,4618
2700,4626
2701,4484
2702,4566
2703,4506
2704,4529
2705,4562
2706,4614
2707,4489
2708,4606
2709,4443
2710,4659
2711,4679
2712,4569
2713,4668
2714,4569
2715,4601
2716,4605
2717,4524
2718,4653
2719,4694
2720,4596
2721,4616
2722,4637
2723,4740
2724,4630
2725,4633
2726,4595
2727,4655
2728,4599
2729,4648
2730,4574
2731,4521
2732,4677
2733,4697
2734,4670
2735,4620
2736,4676
2737,4712
2738,4730
2739,4608
2740,4541
2741,4664
2742,4728
2743,4601
2744,4702
2745,4702
2746,4671
2747,4646
2748,4638
2749,4702
2750,4754
2751,4783
2752,4667
2753,4783
2754,4576
2755,4584
2756,4579
2757,4705
2758,4735
2759,4583
2760,4610
2761,4756
2762,4725
2763,4773
2764,4686
2765,4775
2766,4739
2767,4593
2768,4723
2769,4736
2770,4705
2771,4768
2772,4595
2773,4637
2774,4668
2775,4581
2776,4657
2777,4655
2778,4584
2779,4778
2780,4782
2781,4569
2782,4753
2783,4691
2784,4556
2785,4772
2786,4760
2787,4616
2788,4779
2789,4774
2790,4773
2791,4708
2792,4743
2793,4637
2794,4693
2795,4718
2796,4542
2797,4832
2798,4616
2799,4695
2800,4748
2801,4799
2802,4638
2803,4643
2804,4668
2805,4634
2806,4732
2807,4611
2808,4661
2809,4789
2810,4870
2811,4790
2812,4642
2813,4689
2814,4636
2815,4806
2816,4629
2817,4830
2818,4513
2819,4698
2820,4624
2821,4630
2822,4841
2823,4836
2824,4672
2825,4663
2826,4761
2827,4668
2828,4581
2829,4739
2830,4559
2831,4668
2832,4696
2833,4662
2834,4739
2835,4607
2836,4654
2837,4733
2838,4622
2839,4689
2840,4739
2841,4733
2842,4627
2843,4605
2844,4578
2845,4611
2846,4803
2847,4686
2848,4642
2849,4702
2850,4710
2851,4630
2852,4653
2853,4658
2854,4720
2855,4726
2856,4558
2857,4619
2858,4639
2859,4550
2860,4605
2861,4716
2862,4650
2863,4691
2864,4622
2865,4609
2866,4767
2867,4671
2868,4590
2869,4623
2870,4722
2871,4637
2872,4502
2873,4626
2874,4513
2875,4484
2876,4608
2877,4669
2878,4509
2879,4513
2880,4550
2881,4731
2882,4658
2883,4497
2884,4544
2885,4428
2886,4536
2887,4472
2888,4536
2889,4723
2890,4466
2891,4586
2892,4463
2893,4626
2894,4619
2895,4593
2896,4495
2897,4656
2898,4425
2899,4699
2900,4502
2901,4447
2902,4578
2903,4418
2904,4456
2905,4630
2906,4434
2907,4535
2908,4580
2909,4456
2910,4509
2911,4534
2912,4479
2913,4591
2914,4535
2915,4476
2916,4513
2917,4397
2918,4501
2919,4413
2920,4495
2921,4579
2922,4474
2923,4423
2924,4556
2925,4471
2926,4522
2927,4452
2928,4468
2929,4572
2930,4379
2931,4457
2932,4573
2933,4229
2934,4373
2935,4452
2936,4309
2937,4318
2938,4383
2939,4585
2940,4330
2941,4516
2942,4416
2943,4393
2944,4396
2945,4346
2946,4387
2947,4437
2948,4292
2949,4335
2950,4373
2951,4362
2952,4275
2953,4380
2954,4390
2955,4366
2956,4316
2957,4342
2958,4354
2959,4397
2960,4350
2961,4339
2962,4370
2963,4403
2964,4334
2965,4326
2966,4391
2967,4266
2968,4321
2969,4315
2970,4335
2971,4338
2972,4234
2973,4307
2974,4397
2975,4331
2976,4324
2977,4346
2978,4286
2979,4211
2980,4228
2981,4264
2982,4251
2983,4129
2984,4289
2985,4259
2986,4248
2987,4240
2988,4116
2989,4225
2990,4148
2991,4179
2992,4184
2993,4248
2994,4194
2995,4077
2996,4210
2997,4204
2998,4061
2999,4114
3000,4030
3001,4142
3002,4111
3003,4146
3004,4211
3005,4324
3006,4130
3007,4084
3008,4084
3009,4188
3010,4032
3011,4103
3012,4129
3013,4073
3014,4010
3015,4133
3016,4064
3017,4039
3018,4085
3019,4120
3020,4065
3021,4120
3022,4058
3023,4082
3024,4142
3025,4116
3026,4015
3027,4092
3028,4020
3029,4099
3030,3948
3031,3962
3032,3969
3033,4070
3034,3981
3035,3875
3036,3989
3037,3936
3038,4047
3039,3947
3040,4000
3041,4017
3042,3955
3043,3949
3044,3935
3045,3975
3046,3908
3047,3921
3048,4096
3049,3914
3050,3927
3051,3938
3052,4006
3053,4013
3054,3949
3055,3973
3056,4022
3057,3874
3058,3915
3059,3852
3060,3906
3061,3723
3062,3891
3063,3955
3064,3843
3065,3958
3066,3867
3067,3837
3068,3811
3069,3842
3070,3816
3071,3836
3072,3916
3073,3780
3074,3840
3075,3744
3076,3726
3077,3881
3078,3871
3079,3735
3080,3753
3081,3799
3082,3799
3083,3751
3084,3791
3085,3695
3086,3754
3087,3818
3088,3833
3089,3792
3090,3703
3091,3769
3092,3789
3093,3699
3094,3730
3095,3739
3096,3796
3097,3805
3098,3673
3099,3747
3100,3681
3101,3718
3102,3644
3103,3621
3104,3671
3105,3745
3106,3601
3107,3790
3108,3558
3109,3631
3110,3764
3111,3665
3112,3628
3113,3586
3114,3703
3115,3664
3116,3591
3117,3705
3118,3657
3119,3532
3120,3579
3121,3722
3122,3734
3123,3766
3124,3528
3125,3522
3126,3609
3127,3593
3128,3536
3129,3577
3130,3589
3131,3533
3132,3499
3133,3547
3134,3496
3135,3563
3136,3623
3137,3505
3138,3472
3139,3587
3140,3513
3141,3617
3142,3598
3143,3529
3144,3576
3145,3531
3146,3483
3147,3550
3148,3456
3149,3470
3150,3376
3151,3429
3152,3429
3153,3564
3154,3405
3155,3445
3156,3483
3157,3476
3158,3427
3159,3529
3160,3430
3161,3396
3162,3473
3163,3445
3164,3526
3165,3322
3166,3344
3167,3495
3168,3417
3169,3400
3170,3445
3171,3448
3172,3369
3173,3310
3174,3318
3175,3407
3176,3265
3177,3308
3178,3297
3179,3365
3180,3283
3181,3315
3182,3302
3183,3315
3184,3372
3185,3351
3186,3242
3187,3376
3188,3197
3189,3270
3190,3251
3191,3305
3192,3179
3193,3296
3194,3323
3195,3278
3196,3302
3197,3264
3198,3177
3199,3186
3200,3348
3201,3354
3202,3232
3203,3250
3204,3121
3205,3274
3206,3115
3207,3210
3208,3216
3209,3180
3210,3202
3211,3206
3212,3200
3213,3159
3214,3130
3215,3264
3216,3165
3217,3107
3218,3139
3219,3145
3220,3177
3221,3040
3222,3135
3223,3065
3224,3142
3225,3229
3226,3145
3227,3097
3228,3055
3229,3117
3230,3132
3231,3114
3232,3148
3233,3038
3234,3087
3235,3172
3236,2999
3237,3178
3238,3083
3239,3091
3240,3112
3241,3016
3242,3027
3243,3079
3244,3214
3245,3063
3246,2979
3247,3062
3248,2985
3249,3056
3250,3103
3251,3116
3252,3029
3253,3067
3254,3005
3255,3078
3256,3012
3257,2900
3258,2927
3259,3034
3260,2994
3261,2968
3262,2981
3263,2998
3264,3056
3265,3040
3266,2962
3267,2891
3268,3014
3269,2955
3270,2965
3271,2974
3272,2960
3273,2937
3274,3006
3275,2933
3276,2946
3277,2952
3278,3029
3279,2954
3280,2955
3281,2958
3282,2955
3283,2873
3284,2820
3285,2928
3286,2867
3287,2803
3288,2871
3289,2855
3290,2858
3291,2888
3292,2873
3293,2841
3294,2764
3295,2820
3296,2922
3297,2741
3298,2853
3299,2873
3300,2775
3301,2763
3302,2850
3303,2772
3304,2850
3305,2899
3306,2766
3307,2812
3308,2831
3309,2839
3310,2773
3311,2668
3312,2793
3313,2711
3314,2775
3315,2761
3316,2865
3317,2691
3318,2676
3319,2902
3320,2879
3321,2760
3322,2725
3323,2682
3324,2760
3325,2730
3326,2662
3327,2718
3328,2699
3329,2740
3330,2696
3331,2736
3332,2661
3333,2698
3334,2771
3335,2662
3336,2626
3337,2694
3338,2648
3339,2695
3340,2622
3341,2726
3342,2712
3343,2736
3344,2724
3345,2644
3346,2723
3347,2694
3348,2650
3349,2678
3350,2687
3351,2633
3352,2703
3353,2661
3354,2576
3355,2631
3356,2632
3357,2607
3358,2647
3359,2651
3360,2606
3361,2635
3362,2636
3363,2619
3364,2616
3365,2582
3366,2638
3367,2610
3368,2497
3369,2588
3370,2685
3371,2565
3372,2552
3373,2524
3374,2570
3375,2653
3376,2599
3377,2511
3378,2608
3379,2432
3380,2516
3381,2602
3382,2495
3383,2504
3384,2435
3385,2543
3386,2430
3387,2526
3388,2447
3389,2540
3390,2506
3391,2545
3392,2510
3393,2581
3394,2427
3395,2529
3396,2523
3397,2537
3398,2418
3399,2420
3400,2387
3401,2390
3402,2462
3403,2483
3404,2532
3405,2539
3406,2454
3407,2430
3408,2504
3409,2506
3410,2386
3411,2425
3412,2498
3413,2454
3414,2484
3415,2408
3416,2501
3417,2411
3418,2449
3419,2378
3420,2528
3421,2527
3422,2471
3423,2455
3424,2421
3425,2366
3426,2388
3427,2416
3428,2304
3429,2319
3430,2404
3431,2355
3432,2458
3433,2323
3434,2355
3435,2405
3436,2367
3437,2385
3438,2346
3439,2252
3440,2249
3441,2340
3442,2378
3443,2307
3444,2356
3445,2309
3446,2294
3447,2270
3448,2305
3449,2315
3450,2368
3451,2279
3452,2332
3453,2305
3454,2328
3455,2279
3456,2237
3457,2329
3458,2322
3459,2270
3460,2341
3461,2239
3462,2326
3463,2235
3464,2249
3465,2212
3466,2204
3467,2278
3468,2316
3469,2309
3470,2288
3471,2249
3472,2295
3473,2332
3474,2218
3475,2272
3476,2358
3477,2238
3478,2311
3479,2325
3480,2140
3481,2196
3482,2289
3483,2239
3484,2217
3485,2213
3486,2230
3487,2214
3488,2277
3489,2122
3490,2254
3491,2216
3492,2126
3493,2210
3494,2305
3495,2215
3496,2161
3497,2204
3498,2144
3499,2191
3500,2198
3501,2102
3502,2133
3503,2118
3504,2206
3505,2152
3506,2134
3507,2174
3508,2178
3509,2193
3510,2148
3511,2174
3512,2184
3513,2025
3514,2081
3515,2182
3516,2142
3517,2067
3518,2072
3519,2170
3520,2173
3521,2031
3522,2157
3523,2165
3524,2133
3525,2143
3526,2122
3527,2162
3528,2055
3529,2111
3530,2115
3531,2113
3532,2101
3533,2159
3534,2028
3535,2105
3536,2176
3537,2149
3538,2148
3539,2112
3540,2128
3541,2081
3542,2101
3543,2088
3544,2143
3545,2082
3546,2108
3547,2066
3548,2155
3549,2036
3550,2108
3551,2001
3552,2125
3553,2052
3554,2073
3555,2003
3556,2051
3557,2066
3558,2052
3559,2018
3560,2034
3561,2008
3562,2035
3563,2012
3564,2104
3565,2045
3566,2097
3567,2088
3568,1997
3569,2128
3570,2155
3571,2126
3572,2047
3573,2070
3574,1944
3575,2025
3576,1954
3577,1900
3578,2025
3579,1921
3580,2012
3581,2009
3582,2067
3583,2078
3584,2000
3585,2021
3586,1950
3587,2004
3588,1922
3589,2026
3590,1993
3591,1898
3592,1997
3593,1945
3594,1917
3595,1973
3596,1940
3597,1978
3598,1865
3599,2022
3600,1998
3601,1916
3602,1946
3603,1925
3604,1965
3605,1928
3606,1928
3607,1961
3608,1937
3609,1959
3610,1860
3611,1881
3612,1933
3613,1935
3614,1935
3615,1934
3616,1940
3617,1904
3618,1974
3619,1921
3620,1928
3621,1859
3622,1959
3623,1912
3624,1876
3625,1920
3626,1926
3627,1870
3628,1968
3629,1908
3630,2002
3631,1894
3632,1900
3633,1868
3634,2020
3635,1867
3636,1910
3637,1878
3638,1874
3639,1914
3640,1906
3641,1866
3642,1874
3643,1866
3644,1888
3645,1921
3646,1908
3647,1833
3648,1900
3649,1876
3650,1837
3651,1849
3652,1842
3653,1923
3654,1813
3655,1786
3656,1862
3657,1921
3658,1792
3659,1869
3660,1863
3661,1835
3662,1880
3663,1870
3664,1859
3665,1805
3666,1941
3667,1786
3668,1905
3669,1833
3670,1877
3671,1802
3672,1785
3673,1811
3674,1841
3675,1849
3676,1807
3677,1853
3678,1742
3679,1772
3680,1850
3681,1826
3682,1803
3683,1823
3684,1868
3685,1801
3686,1798
3687,1838
3688,1875
3689,1845
3690,1849
3691,1823
3692,1759
3693,1870
3694,1810
3695,1738
3696,1764
3697,1814
3698,1780
3699,1850
3700,1764
3701,1824
3702,1746
3703,1794
3704,1815
3705,1774
3706,1785
3707,1843
3708,1760
3709,1853
3710,1750
3711,1761
3712,1790
3713,1817
3714,1743
3715,1717
3716,1745
3717,1745
3718,1700
3719,1769
3720,1727
3721,1741
3722,1796
3723,1833
3724,1759
3725,1776
3726,1789
3727,1788
3728,1751
3729,1710
3730,1722
3731,1765
3732,1728
3733,1739
3734,1671
3735,1740
3736,1849
3737,1694
3738,1703
3739,1767
3740,1722
3741,1729
3742,1709
3743,1769
3744,1760
3745,1763
3746,1697
3747,1675
3748,1810
3749,1725
3750,1720
3751,1672
3752,1701
3753,1708
3754,1714
3755,1773
3756,1688
3757,1721
3758,1680
3759,1694
3760,1746
3761,1690
3762,1663
3763,1627
3764,1726
3765,1778
3766,1658
3767,1723
3768,1699
3769,1746
3770,1693
3771,1687
3772,1678
3773,1627
3774,1692
3775,1652
3776,1678
3777,1674
3778,1690
3779,1747
3780,1644
3781,1658
3782,1720
3783,1610
3784,1726
3785,1579
3786,1652
3787,1742
3788,1602
3789,1650
3790,1714
3791,1671
3792,1638
3793,1602
3794,1612
3795,1597
3796,1660
3797,1671
3798,1669
3799,1636
3800,1648
3801,1655
3802,1679
3803,1592
3804,1594
3805,1731
3806,1603
3807,1630
3808,1655
3809,1651
3810,1568
3811,1608
3812,1691
3813,1555
3814,1552
3815,1611
3816,1606
3817,1657
3818,1601
3819,1671
3820,1670
3821,1582
3822,1639
3823,1571
3824,1579
3825,1650
3826,1636
3827,1556
3828,1563
3829,1653
3830,1625
3831,1679
3832,1680
3833,1636
3834,1669
3835,1589
3836,1638
3837,1583
3838,1553
3839,1526
3840,1598
3841,1621
3842,1661
3843,1617
3844,1600
3845,1554
3846,1608
3847,1622
3848,1597
3849,1529
3850,1594
3851,1631
3852,1646
3853,1554
3854,1583
3855,1605
3856,1615
3857,1568
3858,1599
3859,1630
3860,1557
3861,1525
3862,1594
3863,1545
3864,1589
3865,1631
3866,1539
3867,1601
3868,1524
3869,1555
3870,1556
3871,1597
3872,1640
3873,1535
3874,1572
3875,1531
3876,1572
3877,1558
3878,1551
3879,1579
3880,1534
3881,1583
3882,1543
3883,1557
3884,1597
3885,1567
3886,1585
3887,1580
3888,1492
3889,1564
3890,1577
3891,1567
3892,1566
3893,1547
3894,1615
3895,1536
3896,1594
3897,1524
3898,1555
3899,1550
3900,1504
3901,1558
3902,1546
3903,1529
3904,1472
3905,1548
3906,1566
3907,1579
3908,1526
3909,1550
3910,1562
3911,1513
3912,1521
3913,1474
3914,1537
3915,1545
3916,1594
3917,1547
3918,1523
3919,1520
3920,1513
3921,1488
3922,1506
3923,1422
3924,1584
3925,1473
3926,1514
3927,1509
3928,1493
3929,1511
3930,1470
3931,1433
3932,1523
3933,1501
3934,1474
3935,1529
3936,1477
3937,1494
3938,1484
3939,1542
3940,1534
3941,1471
3942,1436
3943,1535
3944,1530
3945,1544
3946,1520
3947,1527
3948,1538
3949,1506
3950,1497
3951,1543
3952,1456
3953,1494
3954,1496
3955,1467
3956,1441
3957,1508
3958,1481
3959,1468
3960,1499
3961,1494
3962,1519
3963,1464
3964,1500
3965,1487
3966,1439
3967,1509
3968,1427
3969,1503
3970,1565
3971,1401
3972,1435
3973,1510
3974,1411
3975,1455
3976,1464
3977,1420
3978,1436
3979,1447
3980,1445
3981,1436
3982,1475
3983,1405
3984,1492
3985,1477
3986,1469
3987,1466
3988,1473
3989,1480
3990,1462
3991,1433
3992,1458
3993,1498
3994,1472
3995,1463
3996,1478
3997,1442
3998,1422
3999,1422
4000,1472
4001,1467
4002,1435
4003,1398
4004,1396
4005,1409
4006,1458
4007,1433
4008,1357
4009,1395
4010,1420
4011,1454
4012,1429
4013,1429
4014,1405
4015,1407
4016,1487
4017,1449
4018,1393
4019,1391
4020,1403
4021,1373
4022,1425
4023,1423
4024,1391
4025,1422
4026,1406
4027,1403
4028,1413
4029,1461
4030,1385
4031,1459
4032,1431
4033,1450
4034,1371
4035,1433
4036,1378
4037,1364
4038,1376
4039,1440
4040,1394
4041,1404
4042,1432
4043,1376
4044,1347
4045,1382
4046,1404
4047,1415
4048,1373
4049,1452
4050,1377
4051,1457
4052,1427
4053,1353
4054,1454
4055,1392
4056,1356
4057,1403
4058,1414
4059,1395
4060,1337
4061,1367
4062,1360
4063,1359
4064,1397
4065,1351
4066,1389
4067,1473
4068,1417
4069,1461
4070,1398
4071,1395
4072,1374
4073,1414
4074,1328
4075,1448
4076,1364
4077,1364
4078,1300
4079,1315
4080,1348
4081,1362
4082,1393
4083,1342
4084,1357
4085,1393
4086,1423
4087,1392
4088,1344
4089,1347
4090,1326
4091,1370
4092,1347
4093,1290
4094,1308
4095,1330
4096,1300
4097,1338
4098,1393
4099,1331
4100,1369
4101,1371
4102,1393
4103,1345
4104,1361
4105,1355
4106,1307
4107,1336
4108,1366
4109,1395
4110,1270
4111,1307
4112,1326
4113,1299
4114,1365
4115,1275
4116,1302
4117,1327
4118,1286
4119,1306
4120,1392
4121,1309
4122,1343
4123,1282
4124,1369
4125,1243
4126,1354
4127,1301
4128,1324
4129,1299
4130,1306
4131,1302
4132,1280
4133,1259
4134,1275
4135,1311
4136,1288
4137,1330
4138,1318
4139,1360
4140,1247
4141,1313
4142,1324
4143,1349
4144,1320
4145,1312
4146,1280
4147,1218
4148,1237
4149,1302
4150,1293
4151,1289
4152,1259
4153,1248
4154,1244
4155,1282
4156,1320
4157,1269
4158,1239
4159,1270
4160,1212
4161,1288
4162,1280
4163,1250
4164,1219
4165,1260
4166,1204
4167,1253
4168,1267
4169,1296
4170,1281
4171,1265
4172,1282
4173,1284
4174,1233
4175,1259
4176,1269
4177,1181
4178,1182
4179,1261
4180,1219
4181,1199
4182,1209
4183,1305
4184,1257
4185,1290
4186,1265
4187,1187
4188,1247
4189,1251
4190,1264
4191,1307
4192,1296
4193,1231
4194,1242
4195,1303
4196,1256
4197,1189
4198,1219
4199,1305
4200,1273
4201,1235
4202,1205
4203,1206
4204,1186
4205,1216
4206,1221
4207,1158
4208,1270
4209,1186
4210,1167
4211,1281
4212,1137
4213,1256
4214,1216
4215,1232
4216,1210
4217,1204
4218,1246
4219,1213
4220,1204
4221,1190
4222,1235
4223,1137
4224,1184
4225,1190
4226,1188
4227,1206
4228,1240
4229,1273
4230,1158
4231,1160
4232,1160
4233,1210
4234,1189
4235,1178
4236,1116
4237,1197
4238,1182
4239,1197
4240,1273
4241,1220
4242,1180
4243,1190
4244,1152
4245,1140
4246,1151
4247,1232
4248,1147
4249,1202
4250,1164
4251,1214
4252,1178
4253,1168
4254,1110
4255,1221
4256,1126
4257,1179
4258,1161
4259,1229
4260,1178
4261,1153
4262,1257
4263,1257
4264,1150
4265,1105
4266,1149
4267,1107
4268,1154
4269,1184
4270,1151
4271,1145
4272,1156
4273,1146
4274,1130
4275,1109
4276,1185
4277,1158
4278,1180
4279,1135
4280,1123
4281,1139
4282,1143
4283,1047
4284,1145
4285,1089
4286,1157
4287,1104
4288,1153
4289,1135
4290,1118
4291,1110
4292,1114
4293,1132
4294,1126
4295,1165
4296,1149
4297,1139
4298,1105
4299,1126
4300,1147
4301,1168
4302,1109
4303,1116
4304,1115
4305,1133
4306,1151
4307,1121
4308,1118
4309,1201
4310,1107
4311,1190
4312,1166
4313,1109
4314,1101
4315,1202
4316,1111
4317,1105
4318,1113
4319,1084
4320,1097
4321,1112
4322,1100
4323,1086
4324,1117
4325,1086
4326,1162
4327,1111
4328,1166
4329,1099
4330,1120
4331,1151
4332,1088
4333,1065
4334,1121
4335,1074
4336,1160
4337,1126
4338,1088
4339,1169
4340,1115
4341,1087
4342,1101
4343,1097
4344,1079
4345,1107
4346,1089
4347,1045
4348,1115
4349,1159
4350,1114
4351,1127
4352,1133
4353,1143
4354,1126
4355,1109
4356,1120
4357,1141
4358,1062
4359,1107
4360,1170
4361,1057
4362,1091
4363,1105
4364,1132
4365,1099
4366,1112
4367,1059
4368,1097
4369,1105
4370,996
4371,1046
4372,1040
4373,1139
4374,1126
4375,1131
4376,1136
4377,1104
4378,1054
4379,1039
4380,1003
4381,1145
4382,1056
4383,1100
4384,1111
4385,1050
4386,1043
4387,1114
4388,1036
4389,1059
4390,1068
4391,1032
4392,1051
4393,1092
4394,1052
4395,1067
4396,1125
4397,1047
4398,1087
4399,1078
4400,1104
4401,1051
4402,1041
4403,1026
4404,1021
4405,1082
4406,1056
4407,1072
4408,1110
4409,1081
4410,1054
4411,1057
4412,1134
4413,1017
4414,1125
4415,1038
4416,988
4417,1099
4418,1081
4419,1109
4420,1033
4421,1038
4422,1042
4423,1037
4424,1130
4425,1067
4426,1055
4427,1114
4428,1014
4429,1070
4430,1083
4431,1058
4432,1106
4433,1062
4434,1007
4435,1074
4436,1065
4437,1048
4438,1128
4439,1112
4440,1083
4441,1047
4442,1082
4443,1059
4444,1095
4445,1059
4446,1097
4447,1086
4448,1074
4449,1050
4450,1022
4451,1097
4452,1122
4453,1078
4454,1091
4455,1080
4456,1056
4457,1070
4458,1114
4459,1029
4460,1062
4461,1028
4462,1061
4463,1068
4464,1027
4465,1043
4466,1074
4467,1081
4468,1082
4469,1025
4470,1027
4471,1079
4472,1080
4473,1059
4474,1059
4475,1021
4476,1048
4477,1087
4478,1071
4479,981
4480,1052
4481,1122
4482,1060
4483,1067
4484,1039
4485,1065
4486,1066
4487,1108
4488,1069
4489,1068
4490,999
4491,1084
4492,992
4493,1057
4494,1080
4495,1059
4496,1020
4497,1017
4498,1039
4499,968
4500,1005
4501,992
4502,992
4503,1031
4504,1062
4505,1008
4506,1039
4507,1092
4508,1013
4509,1037
4510,1072
4511,1028
4512,1044
4513,1041
4514,1063
4515,990
4516,1010
4517,1103
4518,1079
4519,1009
4520,1079
4521,1017
4522,1010
4523,979
4524,1055
4525,1086
4526,1003
4527,1010
4528,1049
4529,1048
4530,1030
4531,1051
4532,1048
4533,1020
4534,1019
4535,1067
4536,1011
4537,1019
4538,1055
4539,1035
4540,1034
4541,1031
4542,1021
4543,1040
4544,1004
4545,1068
4546,1094
4547,1018
4548,1076
4549,1026
4550,1075
4551,1081
4552,1081
4553,1033
4554,1027
4555,1059
4556,1019
4557,1060
4558,1007
4559,1062
4560,1049
4561,1037
4562,962
4563,1017
4564,998
4565,1049
4566,1007
4567,1066
4568,1057
4569,1071
4570,1023
4571,1069
4572,966
4573,972
4574,1082
4575,1020
4576,1006
4577,1004
4578,1006
4579,1050
4580,1065
4581,1024
4582,984
4583,966
4584,1021
4585,1021
4586,1040
4587,1026
4588,1011
4589,1013
4590,983
4591,1024
4592,994
4593,1013
4594,1006
4595,1023
4596,1042
4597,1007
4598,994
4599,1025
4600,1012
4601,1003
4602,1035
4603,1039
4604,955
4605,1012
4606,1038
4607,1025
4608,953
4609,1067
4610,1035
4611,1039
4612,995
4613,1032
4614,1017
4615,985
4616,1001
4617,996
4618,976
4619,981
4620,1063
4621,1004
4622,1040
4623,985
4624,1010
4625,994
4626,994
4627,1003
4628,1090
4629,1008
4630,985
4631,1003
4632,1047
4633,1038
4634,1020
4635,990
4636,1035
4637,1004
4638,965
4639,994
4640,1002
4641,1031
4642,1048
4643,1064
4644,980
4645,971
4646,1015
4647,970
4648,961
4649,970
4650,978
4651,1021
4652,1024
4653,979
4654,944
4655,986
4656,976
4657,990
4658,991
4659,983
4660,976
4661,1010
4662,1030
4663,984
4664,1042
4665,930
4666,1010
4667,1033
4668,1049
4669,993
4670,1055
4671,1028
4672,963
4673,1049
4674,967
4675,1004
4676,1043
4677,1024
4678,999
4679,1015
4680,953
4681,1032
4682,980
4683,1014
4684,1042
4685,997
4686,970
4687,975
4688,1006
4689,957
4690,935
4691,959
4692,998
4693,965
4694,986
4695,1008
4696,958
4697,956
4698,1011
4699,990
4700,989
4701,929
4702,962
4703,962
4704,986
4705,939
4706,934
4707,931
4708,1041
4709,977
4710,993
4711,935
4712,1017
4713,989
4714,985
4715,991
4716,989
4717,1005
4718,1012
4719,995
4720,939
4721,953
4722,953
4723,1006
4724,1040
4725,984
4726,981
4727,1008
4728,1021
4729,991
4730,1006
4731,1014
4732,978
4733,968
4734,1002
4735,1001
4736,1018
4737,964
4738,914
4739,1086
4740,943
4741,992
4742,1000
4743,955
4744,1000
4745,981
4746,974
4747,995
4748,1031
4749,985
4750,1029
4751,954
4752,983
4753,950
4754,991
4755,946
4756,1000
4757,1007
4758,932
4759,970
4760,947
4761,1016
4762,942
4763,995
4764,1075
4765,958
4766,982
4767,980
4768,946
4769,922
4770,980
4771,1010
4772,1009
4773,993
4774,998
4775,917
4776,938
4777,989
4778,967
4779,1005
4780,1035
4781,960
4782,927
4783,997
4784,961
4785,1004
4786,942
4787,1020
4788,970
4789,986
4790,928
4791,945
4792,929
4793,982
4794,984
4795,1028
4796,961
4797,973
4798,1040
4799,989
4800,1027
4801,970
4802,1002
4803,1005
4804,990
4805,939
4806,1016
4807,1008
4808,1023
4809,1031
4810,906
4811,988
4812,926
4813,971
4814,959
4815,1009
4816,997
4817,957
4818,971
4819,884
4820,990
4821,993
4822,981
4823,1015
4824,970
4825,963
4826,946
4827,974
4828,959
4829,913
4830,1002
4831,1019
4832,970
4833,951
4834,999
4835,921
4836,917
4837,949
4838,967
4839,927
4840,952
4841,973
4842,958
4843,974
4844,943
4845,932
4846,994
4847,955
4848,954
4849,994
4850,963
4851,1031
4852,1003
4853,1022
4854,940
4855,1004
4856,972
4857,953
4858,996
4859,910
4860,984
4861,970
4862,943
4863,964
4864,918
4865,985
4866,973
4867,1016
4868,975
4869,976
4870,920
4871,939
4872,963
4873,1004
4874,946
4875,1040
4876,991
4877,1011
4878,977
4879,996
4880,899
4881,938
4882,980
4883,979
4884,957
4885,926
4886,906
4887,959
4888,920
4889,1004
4890,907
4891,1022
4892,942
4893,926
4894,950
4895,910
4896,992
4897,962
4898,996
4899,949
4900,1042
4901,969
4902,967
4903,921
4904,980
4905,966
4906,1004
4907,975
4908,971
4909,992
4910,937
4911,946
4912,926
4913,909
4914,986
4915,976
4916,966
4917,952
4918,973
4919,937
4920,958
4921,913
4922,1000
4923,947
4924,967
4925,979
4926,939
4927,984
4928,926
4929,971
4930,939
4931,933
4932,922
4933,1008
4934,970
4935,1002
4936,934
4937,973
4938,935
4939,927
4940,929
4941,917
4942,936
4943,953
4944,874
4945,907
4946,987
4947,882
4948,974
4949,963
4950,939
4951,937
4952,963
4953,909
4954,963
4955,994
4956,945
4957,964
4958,979
4959,901
4960,913
4961,995
4962,948
4963,947
4964,922
4965,950
4966,915
4967,965
4968,949
4969,882
4970,998
4971,966
4972,951
4973,933
4974,906
4975,965
4976,922
4977,918
4978,994
4979,943
4980,918
4981,954
4982,949
4983,994
4984,960
4985,900
4986,904
4987,907
4988,899
4989,922
4990,931
4991,937
4992,946
4993,914
4994,943
4995,971
4996,951
4997,999
4998,908
4999,965
5000,980
5001,928
5002,968
5003,897
5004,920
5005,930
5006,960
5007,937
5008,893
5009,905
5010,968
5011,925
5012,919
5013,958
5014,972
5015,979
5016,1028
5017,929
5018,995
5019,955
5020,960
5021,1014
5022,928
5023,978
5024,983
5025,909
5026,971
5027,1012
5028,931
5029,923
5030,942
5031,940
5032,941
5033,954
5034,967
5035,1006
5036,972
5037,961
5038,945
5039,917
5040,964
5041,919
5042,920
5043,934
5044,868
5045,958
5046,910
5047,927
5048,963
5049,908
5050,938
5051,992
5052,943
5053,1014
5054,1024
5055,946
5056,942
5057,944
5058,938
5059,957
5060,926
5061,896
5062,964
5063,965
5064,902
5065,1019
5066,937
5067,926
5068,964
5069,983
5070,959
5071,937
5072,951
5073,937
5074,981
5075,933
5076,925
5077,925
5078,968
5079,951
5080,957
5081,991
5082,926
5083,966
5084,909
5085,935
5086,963
5087,1028
5088,1002
5089,986
5090,997
5091,939
5092,952
5093,931
5094,972
5095,965
5096,972
5097,1000
5098,999
5099,933
5100,940
5101,941
5102,952
5103,986
5104,949
5105,906
5106,907
5107,1006
5108,979
5109,985
5110,905
5111,925
5112,988
5113,974
5114,998
5115,941
5116,947
5117,907
5118,941
5119,987
5120,945
5121,1000
5122,986
5123,946
5124,978
5125,966
5126,991
5127,978
5128,924
5129,959
5130,983
5131,961
5132,960
5133,919
5134,1035
5135,1040
5136,987
5137,903
5138,924
5139,976
5140,982
5141,983
5142,989
5143,969
5144,948
5145,925
5146,1021
5147,1004
5148,941
5149,950
5150,988
5151,919
5152,908
5153,918
5154,1013
5155,997
5156,936
5157,969
5158,954
5159,949
5160,888
5161,960
5162,933
5163,984
5164,1008
5165,939
5166,1006
5167,974
5168,1012
5169,971
5170,1010
5171,944
5172,927
5173,995
5174,934
5175,965
5176,1023
5177,985
5178,957
5179,958
5180,968
5181,976
5182,947
5183,911
5184,975
5185,1033
5186,987
5187,919
5188,1021
5189,983
5190,1020
5191,995
5192,950
5193,991
5194,1061
5195,1042
5196,934
5197,979
5198,970
5199,956
5200,982
5201,1013
5202,970
5203,969
5204,1028
5205,976
5206,987
5207,942
5208,1002
5209,970
5210,984
5211,937
5212,987
5213,1000
5214,955
5215,981
5216,1007
5217,997
5218,973
5219,998
5220,965
5221,974
5222,1002
5223,965
5224,936
5225,1059
5226,983
5227,1015
5228,982
5229,974
5230,997
5231,980
5232,969
5233,1013
5234,985
5235,960
5236,961
5237,982
5238,972
5239,1027
5240,935
5241,979
5242,955
5243,936
5244,978
5245,987
5246,938
5247,1005
5248,980
5249,964
5250,999
5251,993
5252,993
5253,1003
5254,972
5255,972
5256,978
5257,966
5258,909
5259,1031
5260,1002
5261,960
5262,1026
5263,973
5264,970
5265,979
5266,969
5267,992
5268,990
5269,964
5270,987
5271,990
5272,973
5273,960
5274,1013
5275,980
5276,1027
5277,1018
5278,1023
5279,952
5280,974
5281,1018
5282,1027
5283,1000
5284,1006
5285,975
5286,1046
5287,991
5288,920
5289,991
5290,950
5291,1037
5292,1011
5293,1035
5294,983
5295,996
5296,991
5297,970
5298,969
5299,944
5300,950
5301,967
5302,982
5303,938
5304,1009
5305,1014
5306,962
5307,1027
5308,958
5309,949
5310,968
5311,995
5312,981
5313,992
5314,925
5315,1017
5316,932
5317,1002
5318,946
5319,1006
5320,980
5321,979
5322,1034
5323,1003
5324,995
5325,1011
5326,984
5327,1027
5328,959
5329,1032
5330,1004
5331,1032
5332,1008
5333,988
5334,997
5335,1005
5336,974
5337,1022
5338,954
5339,1035
5340,1002
5341,979
5342,981
5343,1020
5344,973
5345,996
5346,973
5347,993
5348,1024
5349,1015
5350,1018
5351,1005
5352,1044
5353,972
5354,1028
5355,965
5356,1008
5357,966
5358,1007
5359,1003
5360,1037
5361,1023
5362,1021
5363,1062
5364,1020
5365,988
5366,970
5367,1012
5368,988
5369,1044
5370,963
5371,984
5372,1038
5373,966
5374,1072
5375,1025
5376,1070
5377,1056
5378,1020
5379,1016
5380,1019
5381,980
5382,1011
5383,977
5384,992
5385,998
5386,963
5387,993
5388,968
5389,1052
5390,1069
5391,1124
5392,1014
5393,954
5394,1034
5395,1004
5396,1062
5397,1017
5398,1008
5399,1012
5400,1072
5401,1033
5402,968
5403,980
5404,1010
5405,1002
5406,1025
5407,1010
5408,1038
5409,978
5410,965
5411,1019
5412,978
5413,1032
5414,1035
5415,1049
5416,995
5417,1013
5418,1002
5419,1034
5420,970
5421,1090
5422,986
5423,1023
5424,1022
5425,974
5426,1048
5427,1014
5428,1037
5429,1077
5430,1054
5431,1094
5432,1097
5433,1035
5434,1074
5435,1028
5436,1035
5437,1016
5438,1007
5439,999
5440,1051
5441,1010
5442,1059
5443,1058
5444,1107
5445,1046
5446,997
5447,976
5448,1005
5449,1077
5450,1026
5451,1083
5452,982
5453,1081
5454,995
5455,1036
5456,972
5457,1073
5458,1027
5459,1101
5460,1036
5461,1018
5462,978
5463,1024
5464,1029
5465,979
5466,1058
5467,992
5468,1028
5469,1070
5470,1068
5471,1009
5472,1075
5473,1071
5474,1080
5475,1012
5476,992
5477,1033
5478,1027
5479,973
5480,1056
5481,996
5482,1064
5483,1094
5484,1067
5485,1058
5486,979
5487,1011
5488,1049
5489,1034
5490,1048
5491,1061
5492,1097
5493,1022
5494,1034
5495,1051
5496,1088
5497,1040
5498,1031
5499,1111
5500,1031
5501,1070
5502,1043
5503,1079
5504,1062
5505,962
5506,1092
5507,992
5508,1040
5509,1042
5510,1033
5511,1080
5512,1062
5513,1075
5514,1051
5515,1055
5516,1004
5517,1033
5518,1042
5519,983
5520,1109
5521,1027
5522,1042
5523,1025
5524,1041
5525,1095
5526,1046
5527,1070
5528,1124
5529,1041
5530,1065
5531,1044
5532,1089
5533,1021
5534,1089
5535,1095
5536,1024
5537,1077
5538,1114
5539,1032
5540,1092
5541,1137
5542,980
5543,1087
5544,1061
5545,1087
5546,1131
5547,1036
5548,1089
5549,1020
5550,1065
5551,1054
5552,1017
5553,1057
5554,1059
5555,1062
5556,1058
5557,1111
5558,1072
5559,1039
5560,1052
5561,1058
5562,1059
5563,1054
5564,1075
5565,1060
5566,1023
5567,1067
5568,1020
5569,1081
5570,1056
5571,1022
5572,1043
5573,1037
5574,1094
5575,1121
5576,1075
5577,1083
5578,1081
5579,1067
5580,1068
5581,1059
5582,1087
5583,1051
5584,1076
5585,1020
5586,1012
5587,1010
5588,1114
5589,1081
5590,1043
5591,1095
5592,1074
5593,1131
5594,1112
5595,1082
5596,1129
5597,1101
5598,1046
5599,1054
5600,1094
5601,1115
5602,1086
5603,1062
5604,1043
5605,1076
5606,1102
5607,1099
5608,1143
5609,1087
5610,982
5611,1076
5612,1152
5613,1075
5614,1051
5615,1076
5616,1092
5617,1050
5618,1072
5619,1089
5620,1041
5621,1076
5622,1085
5623,1094
5624,1075
5625,1083
5626,1148
5627,1146
5628,1105
5629,1078
5630,1075
5631,1109
5632,1128
5633,1073
5634,1090
5635,1095
5636,1095
5637,1120
5638,1068
5639,1149
5640,1132
5641,1112
5642,1101
5643,1142
5644,1093
5645,1089
5646,1074
5647,1139
5648,1094
5649,1035
5650,1036
5651,1089
5652,1097
5653,1062
5654,1062
5655,1098
5656,1127
5657,1113
5658,1119
5659,1129
5660,1123
5661,1165
5662,1111
5663,1117
5664,1101
5665,1137
5666,1071
5667,1088
5668,1113
5669,1116
5670,1131
5671,1077
5672,1150
5673,1090
5674,1120
5675,1063
5676,1104
5677,1111
5678,1072
5679,1161
5680,1079
5681,1188
5682,1134
5683,1090
5684,1105
5685,1093
5686,1166
5687,1080
5688,1086
5689,1095
5690,1047
5691,1108
5692,1124
5693,1132
5694,1183
5695,1149
5696,1173
5697,1133
5698,1099
5699,1122
5700,1108
5701,1128
5702,1169
5703,1123
5704,1135
5705,1139
5706,1191
5707,1192
5708,1166
5709,1166
5710,1092
5711,1155
5712,1150
5713,1200
5714,1128
5715,1157
5716,1117
5717,1078
5718,1099
5719,1157
5720,1127
5721,1200
5722,1175
5723,1148
5724,1122
5725,1136
5726,1144
5727,1130
5728,1171
5729,1151
5730,1187
5731,1152
5732,1217
5733,1146
5734,1185
5735,1142
5736,1128
5737,1123
5738,1168
5739,1173
5740,1234
5741,1165
5742,1139
5743,1182
5744,1238
5745,1152
5746,1159
5747,1202
5748,1129
5749,1177
5750,1180
5751,1150
5752,1155
5753,1176
5754,1131
5755,1213
5756,1143
5757,1187
5758,1211
5759,1178
5760,1119
5761,1191
5762,1197
5763,1165
5764,1160
5765,1288
5766,1197
5767,1161
5768,1137
5769,1203
5770,1212
5771,1167
5772,1206
5773,1176
5774,1211
5775,1183
5776,1196
5777,1211
5778,1199
5779,1149
5780,1153
5781,1202
5782,1196
5783,1272
5784,1165
5785,1190
5786,1184
5787,1226
5788,1186
5789,1164
5790,1268
5791,1201
5792,1194
5793,1191
5794,1284
5795,1194
5796,1216
5797,1241
5798,1207
5799,1195
5800,1192
5801,1209
5802,1219
5803,1266
5804,1248
5805,1266
5806,1235
5807,1278
5808,1233
5809,1195
5810,1230
5811,1226
5812,1242
5813,1268
5814,1194
5815,1268
5816,1285
5817,1234
5818,1245
5819,1264
5820,1222
5821,1240
5822,1245
5823,1190
5824,1290
5825,1209
5826,1181
5827,1199
5828,1210
5829,1253
5830,1297
5831,1241
5832,1268
5833,1247
5834,1187
5835,1294
5836,1276
5837,1291
5838,1345
5839,1299
5840,1269
5841,1271
5842,1261
5843,1242
5844,1261
5845,1257
5846,1286
5847,1174
5848,1295
5849,1243
5850,1210
5851,1304
5852,1193
5853,1274
5854,1359
5855,1388
5856,1256
5857,1298
5858,1292
5859,1361
5860,1229
5861,1295
5862,1311
5863,1242
5864,1346
5865,1316
5866,1278
5867,1310
5868,1330
5869,1265
5870,1312
5871,1332
5872,1272
5873,1328
5874,1306
5875,1317
5876,1338
5877,1302
5878,1272
5879,1323
5880,1382
5881,1296
5882,1344
5883,1358
5884,1348
5885,1352
5886,1318
5887,1293
5888,1390
5889,1328
5890,1268
5891,1325
5892,1314
5893,1302
5894,1279
5895,1344
5896,1284
5897,1310
5898,1307
5899,1303
5900,1391
5901,1300
5902,1388
5903,1366
5904,1345
5905,1349
5906,1357
5907,1308
5908,1368
5909,1353
5910,1396
5911,1402
5912,1368
5913,1389
5914,1346
5915,1386
5916,1346
5917,1314
5918,1339
5919,1317
5920,1420
5921,1325
5922,1326
5923,1327
5924,1313
5925,1345
5926,1323
5927,1369
5928,1399
5929,1346
5930,1389
5931,1354
5932,1310
5933,1345
5934,1365
5935,1420
5936,1381
5937,1343
5938,1334
5939,1353
5940,1411
5941,1368
5942,1324
5943,1320
5944,1367
5945,1394
5946,1369
5947,1395
5948,1429
5949,1402
5950,1371
5951,1393
5952,1398
5953,1371
5954,1422
5955,1467
5956,1377
5957,1307
5958,1385
5959,1422
5960,1374
5961,1375
5962,1451
5963,1402
5964,1423
5965,1387
5966,1434
5967,1365
5968,1408
5969,1416
5970,1421
5971,1368
5972,1405
5973,1374
5974,1326
5975,1402
5976,1417
5977,1436
5978,1403
5979,1442
5980,1419
5981,1398
5982,1395
5983,1425
5984,1394
5985,1448
5986,1441
5987,1427
5988,1444
5989,1441
5990,1501
5991,1362
5992,1424
5993,1429
5994,1485
5995,1421
5996,1374
5997,1516
5998,1459
5999,1460
6000,1464
6001,1414
6002,1458
6003,1459
6004,1475
6005,1440
6006,1526
6007,1468
6008,1519
6009,1479
6010,1456
6011,1414
6012,1513
6013,1485
6014,1510
6015,1476
6016,1530
6017,1511
6018,1481
6019,1459
6020,1425
6021,1490
6022,1424
6023,1497
6024,1495
6025,1472
6026,1475
6027,1498
6028,1479
6029,1502
6030,1504
6031,1423
6032,1492
6033,1478
6034,1469
6035,1510
6036,1432
6037,1526
6038,1510
6039,1500
6040,1523
6041,1466
6042,1520
6043,1568
6044,1481
6045,1518
6046,1494
6047,1492
6048,1500
6049,1412
6050,1526
6051,1505
6052,1477
6053,1530
6054,1510
6055,1533
6056,1452
6057,1541
6058,1511
6059,1584
6060,1549
6061,1460
6062,1475
6063,1514
6064,1579
6065,1447
6066,1526
6067,1547
6068,1508
6069,1549
6070,1517
6071,1568
6072,1508
6073,1541
6074,1515
6075,1436
6076,1434
6077,1570
6078,1541
6079,1544
6080,1558
6081,1531
6082,1497
6083,1532
6084,1618
6085,1559
6086,1494
6087,1551
6088,1548
6089,1460
6090,1531
6091,1471
6092,1540
6093,1549
6094,1496
6095,1508
6096,1584
6097,1605
6098,1590
6099,1544
6100,1528
6101,1579
6102,1562
6103,1542
6104,1516
6105,1540
6106,1507
6107,1515
6108,1539
6109,1678
6110,1514
6111,1581
6112,1605
6113,1473
6114,1585
6115,1563
6116,1566
6117,1629
6118,1568
6119,1634
6120,1581
6121,1595
6122,1612
6123,1599
6124,1501
6125,1593
6126,1552
6127,1532
6128,1563
6129,1498
6130,1561
6131,1570
6132,1547
6133,1630
6134,1475
6135,1545
6136,1606
6137,1672
6138,1547
6139,1550
6140,1562
6141,1660
6142,1549
6143,1607
6144,1534
6145,1632
6146,1575
6147,1526
6148,1553
6149,1590
6150,1585
6151,1578
6152,1570
6153,1604
6154,1571
6155,1548
6156,1660
6157,1653
6158,1588
6159,1566
6160,1616
6161,1531
6162,1601
6163,1617
6164,1656
6165,1640
6166,1642
6167,1644
6168,1607
6169,1613
6170,1630
6171,1642
6172,1602
6173,1640
6174,1637
6175,1589
6176,1557
6177,1598
6178,1553
6179,1606
6180,1593
6181,1655
6182,1557
6183,1637
6184,1650
6185,1594
6186,1650
6187,1704
6188,1647
6189,1566
6190,1669
6191,1682
6192,1581
6193,1591
6194,1656
6195,1619
6196,1639
6197,1686
6198,1629
6199,1643
6200,1589
6201,1709
6202,1663
6203,1706
6204,1609
6205,1584
6206,1708
6207,1620
6208,1624
6209,1636
6210,1732
6211,1625
6212,1632
6213,1682
6214,1713
6215,1639
6216,1747
6217,1689
6218,1709
6219,1661
6220,1695
6221,1690
6222,1628
6223,1625
6224,1699
6225,1680
6226,1705
6227,1632
6228,1693
6229,1728
6230,1754
6231,1718
6232,1679
6233,1710
6234,1707
6235,1745
6236,1712
6237,1751
6238,1692
6239,1691
6240,1730
6241,1685
6242,1670
6243,1677
6244,1744
6245,1642
6246,1721
6247,1712
6248,1669
6249,1657
6250,1748
6251,1780
6252,1680
6253,1726
6254,1835
6255,1748
6256,1746
6257,1677
6258,1809
6259,1755
6260,1736
6261,1659
6262,1738
6263,1742
6264,1677
6265,1755
6266,1727
6267,1852
6268,1794
6269,1735
6270,1719
6271,1802
6272,1755
6273,1718
6274,1744
6275,1804
6276,1810
6277,1710
6278,1693
6279,1839
6280,1795
6281,1766
6282,1718
6283,1790
6284,1751
6285,1795
6286,1684
6287,1756
6288,1784
6289,1846
6290,1789
6291,1738
6292,1773
6293,1703
6294,1685
6295,1772
6296,1749
6297,1730
6298,1719
6299,1807
6300,1740
6301,1789
6302,1770
6303,1827
6304,1793
6305,1823
6306,1786
6307,1831
6308,1755
6309,1794
6310,1794
6311,1837
6312,1762
6313,1840
6314,1818
6315,1875
6316,1844
6317,1847
6318,1849
6319,1870
6320,1792
6321,1820
6322,1799
6323,1810
6324,1822
6325,1871
6326,1836
6327,1867
6328,1796
6329,1845
6330,1880
6331,1810
6332,1829
6333,1821
6334,1903
6335,1836
6336,1878
6337,1909
6338,1898
6339,1902
6340,1865
6341,1891
6342,1824
6343,1909
6344,1786
6345,1888
6346,1812
6347,1830
6348,1922
6349,1868
6350,1894
6351,1784
6352,1812
6353,1930
6354,1780
6355,1889
6356,1879
6357,1965
6358,1988
6359,1907
6360,1898
6361,1845
6362,1881
6363,1953
6364,1886
6365,1892
6366,1936
6367,1924
6368,1900
6369,1905
6370,1892
6371,1958
6372,1867
6373,1868
6374,1895
6375,2025
6376,1896
6377,1964
6378,1914
6379,1880
6380,1882
6381,1933
6382,1972
6383,1890
6384,1906
6385,1995
6386,1899
6387,1914
6388,1969
6389,1958
6390,1959
6391,1843
6392,1967
6393,1987
6394,1981
6395,2021
6396,1915
6397,2047
6398,1914
6399,1988
6400,1909
6401,2060
6402,1863
6403,2024
6404,1910
6405,1900
6406,2008
6407,2011
6408,2011
6409,1917
6410,1931
6411,2048
6412,1984
6413,1924
6414,2050
6415,2081
6416,2013
6417,1957
6418,2052
6419,1975
6420,1940
6421,2045
6422,2021
6423,1945
6424,2024
6425,1985
6426,2025
6427,1985
6428,2028
6429,2008
6430,1988
6431,2006
6432,2041
6433,1943
6434,2029
6435,2125
6436,2047
6437,2080
6438,2137
6439,2034
6440,1986
6441,1918
6442,2082
6443,2035
6444,1977
6445,2050
6446,1936
6447,1992
6448,2046
6449,2063
6450,2079
6451,1994
6452,1992
6453,2101
6454,2054
6455,2054
6456,2105
6457,2065
6458,2106
6459,1974
6460,2069
6461,2110
6462,2075
6463,2016
6464,2049
6465,2089
6466,2099
6467,2125
6468,2144
6469,2086
6470,2049
6471,2109
6472,1998
6473,2090
6474,2038
6475,2106
6476,2086
6477,2127
6478,2144
6479,2126
6480,2128
6481,2084
6482,2210
6483,2138
6484,2198
6485,2116
6486,2166
6487,2172
6488,2140
6489,2225
6490,2030
6491,2172
6492,2114
6493,2112
6494,2140
6495,2157
6496,2170
6497,2125
6498,2208
6499,2152
6500,2109
6501,2290
6502,2088
6503,2161
6504,2203
6505,2156
6506,2279
6507,2189
6508,2255
6509,2161
6510,2237
6511,2312
6512,2131
6513,2314
6514,2216
6515,2225
6516,2279
6517,2252
6518,2263
6519,2259
6520,2311
6521,2231
6522,2231
6523,2246
6524,2260
6525,2258
6526,2269
6527,2254
6528,2181
6529,2290
6530,2275
6531,2274
6532,2243
6533,2364
6534,2295
6535,2199
6536,2247
6537,2225
6538,2249
6539,2341
6540,2303
6541,2254
6542,2304
6543,2283
6544,2382
6545,2304
6546,2365
6547,2239
6548,2377
6549,2404
6550,2345
6551,2373
6552,2311
6553,2319
6554,2412
6555,2332
6556,2290
6557,2276
6558,2372
6559,2307
6560,2349
6561,2323
6562,2416
6563,2370
6564,2318
6565,2370
6566,2281
6567,2426
6568,2417
6569,2343
6570,2473
6571,2326
6572,2398
6573,2377
6574,2392
6575,2347
6576,2369
6577,2482
6578,2423
6579,2492
6580,2393
6581,2366
6582,2454
6583,2418
6584,2463
6585,2499
6586,2435
6587,2380
6588,2412
6589,2406
6590,2458
6591,2521
6592,2459
6593,2393
6594,2366
6595,2507
6596,2409
6597,2554
6598,2499
6599,2392
6600,2503
6601,2474
6602,2480
6603,2469
6604,2523
6605,2517
6606,2453
6607,2442
6608,2481
6609,2449
6610,2651
6611,2502
6612,2486
6613,2437
6614,2517
6615,2590
6616,2532
6617,2549
6618,2541
6619,2530
6620,2510
6621,2564
6622,2590
6623,2595
6624,2559
6625,2541
6626,2580
6627,2564
6628,2643
6629,2560
6630,2501
6631,2546
6632,2637
6633,2613
6634,2563
6635,2529
6636,2486
6637,2537
6638,2578
6639,2606
6640,2699
6641,2652
6642,2574
6643,2594
6644,2578
6645,2682
6646,2555
6647,2763
6648,2694
6649,2695
6650,2607
6651,2720
6652,2651
6653,2632
6654,2698
6655,2677
6656,2672
6657,2724
6658,2641
6659,2670
6660,2622
6661,2668
6662,2720
6663,2712
6664,2774
6665,2653
6666,2726
6667,2633
6668,2802
6669,2712
6670,2859
6671,2700
6672,2624
6673,2762
6674,2817
6675,2761
6676,2716
6677,2738
6678,2754
6679,2827
6680,2731
6681,2716
6682,2771
6683,2805
6684,2728
6685,2815
6686,2871
6687,2778
6688,2725
6689,2826
6690,2798
6691,2760
6692,2798
6693,2755
6694,2867
6695,2841
6696,2899
6697,2750
6698,2872
6699,2897
6700,2891
6701,2883
6702,2797
6703,2821
6704,2816
6705,2890
6706,2778
6707,2966
6708,2787
6709,2939
6710,2889
6711,2820
6712,2921
6713,2954
6714,2958
6715,2958
6716,2944
6717,2885
6718,2881
6719,2928
6720,2899
6721,2825
6722,2907
6723,2961
6724,2885
6725,2889
6726,3094
6727,2968
6728,2998
6729,2992
6730,2943
6731,2964
6732,2909
6733,3043
6734,3001
6735,2898
6736,3034
6737,3029
6738,3089
6739,3038
6740,3023
6741,2993
6742,3059
6743,2954
6744,2966
6745,2941
6746,2922
6747,3017
6748,3072
6749,3052
6750,2995
6751,3075
6752,3057
6753,3149
6754,3079
6755,3052
6756,3104
6757,3087
6758,3123
6759,3115
6760,3031
6761,3122
6762,2991
6763,2980
6764,3072
6765,3066
6766,3046
6767,3197
6768,3177
6769,3115
6770,3266
6771,3115
6772,3134
6773,3155
6774,3152
6775,3155
6776,3053
6777,3144
6778,3134
6779,3134
6780,3193
6781,3150
6782,3192
6783,3128
6784,3135
6785,3132
6786,3237
6787,3157
6788,3228
6789,3236
6790,3161
6791,3236
6792,3239
6793,3153
6794,3198
6795,3305
6796,3255
6797,3200
6798,3145
6799,3274
6800,3355
6801,3246
6802,3241
6803,3273
6804,3238
6805,3280
6806,3218
6807,3292
6808,3286
6809,3307
6810,3306
6811,3296
6812,3332
6813,3252
6814,3293
6815,3313
6816,3383
6817,3357
6818,3329
6819,3304
6820,3282
6821,3369
6822,3356
6823,3302
6824,3345
6825,3318
6826,3362
6827,3291
6828,3453
6829,3319
6830,3467
6831,3401
6832,3382
6833,3426
6834,3362
6835,3485
6836,3451
6837,3437
6838,3372
6839,3327
6840,3467
6841,3380
6842,3483
6843,3495
6844,3403
6845,3423
6846,3454
6847,3543
6848,3568
6849,3449
6850,3585
6851,3587
6852,3468
6853,3628
6854,3492
6855,3350
6856,3511
6857,3368
6858,3632
6859,3471
6860,3466
6861,3521
6862,3631
6863,3529
6864,3596
6865,3633
6866,3454
6867,3508
6868,3556
6869,3581
6870,3648
6871,3603
6872,3604
6873,3603
6874,3556
6875,3637
6876,3479
6877,3509
6878,3625
6879,3657
6880,3608
6881,3642
6882,3623
6883,3627
6884,3494
6885,3613
6886,3670
6887,3636
6888,3671
6889,3724
6890,3625
6891,3665
6892,3713
6893,3636
6894,3686
6895,3634
6896,3631
6897,3642
6898,3690
6899,3669
6900,3703
6901,3724
6902,3738
6903,3740
6904,3708
6905,3787
6906,3709
6907,3716
6908,3758
6909,3875
6910,3753
6911,3761
6912,3786
6913,3876
6914,3780
6915,3775
6916,3830
6917,3744
6918,3720
6919,3774
6920,3899
6921,3792
6922,3815
6923,3805
6924,3900
6925,3840
6926,3842
6927,3836
6928,3760
6929,3816
6930,3871
6931,3830
6932,3953
6933,3872
6934,3902
6935,3840
6936,3897
6937,3970
6938,3937
6939,3939
6940,3976
6941,3784
6942,3901
6943,3966
6944,3939
6945,3932
6946,3941
6947,3905
6948,3871
6949,3956
6950,3922
6951,3859
6952,3904
6953,3894
6954,3956
6955,3981
6956,3996
6957,3870
6958,4051
6959,3921
6960,4091
6961,4082
6962,4054
6963,4017
6964,4039
6965,3934
6966,4002
6967,3912
6968,4013
6969,3888
6970,4036
6971,3976
6972,4031
6973,4053
6974,3901
6975,3999
6976,4172
6977,4073
6978,4038
6979,4115
6980,4095
6981,4060
6982,4167
6983,4177
6984,4039
6985,4078
6986,4084
6987,4121
6988,4141
6989,4078
6990,4077
6991,4280
6992,4157
6993,4151
6994,4274
6995,4100
6996,4121
6997,4137
6998,4227
6999,4200
7000,4254
7001,4144
7002,4191
7003,4141
7004,4111
7005,3989
7006,4175
7007,4325
7008,4255
7009,4235
7010,4223
7011,4177
7012,4199
7013,4253
7014,4245
7015,4105
7016,4109
7017,4258
7018,4235
7019,4274
7020,4198
7021,4313
7022,4277
7023,4241
7024,4257
7025,4305
7026,4397
7027,4304
7028,4420
7029,4177
7030,4324
7031,4345
7032,4329
7033,4338
7034,4264
7035,4345
7036,4329
7037,4255
7038,4354
7039,4368
7040,4327
7041,4284
7042,4340
7043,4434
7044,4380
7045,4410
7046,4412
7047,4436
7048,4461
7049,4274
7050,4416
7051,4403
7052,4341
7053,4355
7054,4426
7055,4275
7056,4388
7057,4430
7058,4469
7059,4370
7060,4371
7061,4377
7062,4488
7063,4481
7064,4431
7065,4404
7066,4455
7067,4501
7068,4477
7069,4505
7070,4413
7071,4381
7072,4426
7073,4586
7074,4441
7075,4440
7076,4344
7077,4417
7078,4403
7079,4529
7080,4293
7081,4344
7082,4428
7083,4583
7084,4497
7085,4398
7086,4514
7087,4554
7088,4528
7089,4504
7090,4593
7091,4512
7092,4364
7093,4440
7094,4550
7095,4485
7096,4673
7097,4499
7098,4645
7099,4507
7100,4598
7101,4605
7102,4626
7103,4671
7104,4448
7105,4547
7106,4564
7107,4444
7108,4595
7109,4547
7110,4517
7111,4644
7112,4480
7113,4468
7114,4538
7115,4552
7116,4560
7117,4631
7118,4676
7119,4631
7120,4610
7121,4733
7122,4544
7123,4541
7124,4705
7125,4502
7126,4620
7127,4682
7128,4595
7129,4585
7130,4673
7131,4684
7132,4696
7133,4605
7134,4689
7135,4599
7136,4687
7137,4649
7138,4523
7139,4666
7140,4645
7141,4641
7142,4741
7143,4770
7144,4641
7145,4658
7146,4635
7147,4650
7148,4689
7149,4664
7150,4648
7151,4585
7152,4610
7153,4631
7154,4670
7155,4754
7156,4594
7157,4639
7158,4759
7159,4651
7160,4711
7161,4637
7162,4686
7163,4667
7164,4558
7165,4634
7166,4714
7167,4652
7168,4750
7169,4651
7170,4670
7171,4572
7172,4623
7173,4668
7174,4683
7175,4634
7176,4765
7177,4769
7178,4696
7179,4710
7180,4619
7181,4648
7182,4781
7183,4722
7184,4722
7185,4622
7186,4663
7187,4727
7188,4725
7189,4657
7190,4718
7191,4835
7192,4699
7193,4774
7194,4735
7195,4701
7196,4656
7197,4742
7198,4761
7199,4708
7200,4717
7201,4645
7202,4750
7203,4737
7204,4751
7205,4620
7206,4593
7207,4683
7208,4721
7209,4624
7210,4610
7211,4681
7212,4782
7213,4835
7214,4723
7215,4655
7216,4767
7217,4641
7218,4706
7219,4905
7220,4735
7221,4812
7222,4757
7223,4617
7224,4623
7225,4671
7226,4792
7227,4602
7228,4661
7229,4698
7230,4625
7231,4768
7232,4822
7233,4608
7234,4690
7235,4609
7236,4692
7237,4627
7238,4793
7239,4732
7240,4578
7241,4686
7242,4665
7243,4682
7244,4684
7245,4714
7246,4646
7247,4705
7248,4700
7249,4673
7250,4701
7251,4588
7252,4778
7253,4547
7254,4714
7255,4599
7256,4637
7257,4695
7258,4731
7259,4651
7260,4758
7261,4704
7262,4794
7263,4587
7264,4733
7265,4629
7266,4545
7267,4642
7268,4592
7269,4620
7270,4619
7271,4687
7272,4608
7273,4618
7274,4567
7275,4535
7276,4526
7277,4793
7278,4685
7279,4597
7280,4499
7281,4602
7282,4758
7283,4630
7284,4666
7285,4662
7286,4637
7287,4630
7288,4654
7289,4740
7290,4632
7291,4627
7292,4522
7293,4586
7294,4584
7295,4721
7296,4660
7297,4572
7298,4489
7299,4525
7300,4556
7301,4501
7302,4686
7303,4653
7304,4588
7305,4575
7306,4515
7307,4606
7308,4476
7309,4565
7310,4554
7311,4598
7312,4567
7313,4489
7314,4511
7315,4394
7316,4494
7317,4548
7318,4469
7319,4533
7320,4439
7321,4539
7322,4465
7323,4552
7324,4416
7325,4468
7326,4395
7327,4433
7328,4321
7329,4503
7330,4530
7331,4467
7332,4365
7333,4366
7334,4425
7335,4405
7336,4434
7337,4466
7338,4401
7339,4358
7340,4410
7341,4495
7342,4408
7343,4436
7344,4412
7345,4328
7346,4348
7347,4314
7348,4298
7349,4244
7350,4275
7351,4389
7352,4366
7353,4350
7354,4287
7355,4312
7356,4255
7357,4359
7358,4354
7359,4301
7360,4264
7361,4338
7362,4258
7363,4282
7364,4200
7365,4327
7366,4425
7367,4198
7368,4284
7369,4241
7370,4327
7371,4167
7372,4159
7373,4196
7374,4178
7375,4208
7376,4218
7377,4187
7378,4206
7379,4254
7380,4139
7381,4259
7382,4167
7383,4215
7384,4131
7385,4214
7386,4084
7387,4090
7388,4128
7389,4125
7390,4073
7391,4096
7392,4078
7393,4087
7394,3995
7395,4135
7396,4130
7397,4213
7398,3983
7399,4063
7400,4099
7401,4098
7402,4001
7403,3963
7404,4064
7405,3996
7406,4037
7407,3942
7408,3982
7409,3886
7410,3980
7411,3858
7412,3995
7413,3925
7414,4039
7415,3929
7416,3884
7417,3933
7418,3981
7419,3843
7420,3870
7421,3916
7422,3865
7423,3850
7424,3868
7425,3825
7426,3944
7427,3865
7428,3951
7429,3754
7430,3823
7431,3842
7432,3851
7433,3821
7434,3645
7435,3753
7436,3847
7437,3773
7438,3723
7439,3792
7440,3715
7441,3683
7442,3740
7443,3704
7444,3653
7445,3712
7446,3691
7447,3578
7448,3727
7449,3696
7450,3726
7451,3726
7452,3736
7453,3761
7454,3586
7455,3607
7456,3581
7457,3641
7458,3540
7459,3603
7460,3595
7461,3451
7462,3595
7463,3528
7464,3491
7465,3622
7466,3530
7467,3518
7468,3551
7469,3490
7470,3481
7471,3516
7472,3444
7473,3515
7474,3489
7475,3405
7476,3393
7477,3352
7478,3410
7479,3358
7480,3455
7481,3347
7482,3430
7483,3361
7484,3341
7485,3291
7486,3371
7487,3259
7488,3371
7489,3345
7490,3326
7491,3218
7492,3442
7493,3281
7494,3217
7495,3153
7496,3198
7497,3264
7498,3135
7499,3305
7500,3162
7501,3271
7502,3162
7503,3249
7504,3223
7505,3140
7506,3067
7507,3110
7508,3200
7509,3109
7510,3183
7511,3108
7512,3137
7513,2980
7514,3025
7515,3121
7516,3005
7517,3109
7518,3039
7519,3062
7520,3049
7521,3111
7522,3037
7523,2952
7524,3004
7525,2996
7526,2992
7527,2980
7528,2958
7529,3014
7530,2974
7531,2837
7532,2985
7533,2916
7534,2953
7535,2879
7536,2822
7537,2833
7538,2792
7539,2889
7540,2808
7541,2766
7542,2802
7543,2833
7544,2766
7545,2742
7546,2725
7547,2658
7548,2748
7549,2804
7550,2756
7551,2822
7552,2687
7553,2659
7554,2767
7555,2603
7556,2603
7557,2614
7558,2613
7559,2670
7560,2611
7561,2663
7562,2577
7563,2578
7564,2522
7565,2605
7566,2608
7567,2484
7568,2566
7569,2569
7570,2484
7571,2503
7572,2583
7573,2561
7574,2534
7575,2480
7576,2462
7577,2435
7578,2413
7579,2476
7580,2414
7581,2395
7582,2389
7583,2374
7584,2332
7585,2375
7586,2339
7587,2300
7588,2344
7589,2278
7590,2309
7591,2289
7592,2313
7593,2357
7594,2265
7595,2261
7596,2219
7597,2216
7598,2306
7599,2157
7600,2175
7601,2182
7602,2175
7603,2213
7604,2183
7605,2166
7606,2237
7607,2188
7608,2152
7609,2045
7610,2097
7611,2140
7612,2044
7613,2008
7614,2154
7615,2058
7616,2008
7617,1968
7618,2043
7619,2007
7620,2012
7621,2062
7622,1886
7623,2022
7624,2004
7625,1959
7626,2003
7627,1948
7628,1996
7629,1890
7630,1904
7631,1863
7632,1949
7633,1844
7634,1830
7635,1872
7636,1857
7637,1698
7638,1825
7639,1861
7640,1744
7641,1741
7642,1773
7643,1716
7644,1680
7645,1759
7646,1740
7647,1720
7648,1722
7649,1707
7650,1725
7651,1716
7652,1715
7653,1607
7654,1702
7655,1737
7656,1684
7657,1624
7658,1578
7659,1631
7660,1552
7661,1580
7662,1486
7663,1586
7664,1567
7665,1526
7666,1542
7667,1436
7668,1447
7669,1524
7670,1496
7671,1518
7672,1516
7673,1415
7674,1526
7675,1416
7676,1402
7677,1432
7678,1436
7679,1483
7680,1339
7681,1393
7682,1403
7683,1424
7684,1362
7685,1316
7686,1373
7687,1346
7688,1384
7689,1362
7690,1265
7691,1320
7692,1353
7693,1311
7694,1305
7695,1220
7696,1314
7697,1221
7698,1261
7699,1238
7700,1216
7701,1267
7702,1216
7703,1192
7704,1178
7705,1202
7706,1150
7707,1195
7708,1162
7709,1129
7710,1164
7711,1201
7712,1210
7713,1102
7714,1107
7715,1146
7716,1083
7717,1060
7718,1020
7719,1097
7720,1083
7721,1079
7722,1075
7723,1014
7724,987
7725,1010
7726,1021
7727,1005
7728,981
7729,990
7730,932
7731,967
7732,876
7733,937
7734,950
7735,957
7736,942
7737,940
7738,906
7739,892
7740,925
7741,891
7742,871
7743,874
7744,824
7745,850
7746,875
7747,812
7748,841
7749,846
7750,834
7751,844
7752,836
7753,773
7754,792
7755,849
7756,769
7757,817
7758,741
7759,800
7760,768
7761,734
7762,760
7763,713
7764,742
7765,735
7766,762
7767,732
7768,703
7769,752
7770,666
7771,693
7772,706
7773,720
7774,696
7775,705
7776,674
7777,659
7778,636
7779,612
7780,604
7781,644
7782,637
7783,615
7784,651
7785,633
7786,604
7787,586
7788,601
7789,605
7790,608
7791,576
7792,565
7793,536
7794,548
7795,569
7796,540
7797,527
7798,507
7799,509
7800,506
7801,518
7802,546
7803,567
7804,524
7805,516
7806,451
7807,531
7808,442
7809,465
7810,490
7811,484
7812,440
7813,449
7814,468
7815,440
7816,410
7817,449
7818,458
7819,421
7820,466
7821,477
7822,407
7823,419
7824,459
7825,396
7826,381
7827,383
7828,403
7829,382
7830,387
7831,370
7832,395
7833,334
7834,401
7835,354
7836,387
7837,348
7838,350
7839,315
7840,363
7841,365
7842,360
7843,306
7844,345
7845,303
7846,314
7847,334
7848,331
7849,324
7850,303
7851,330
7852,287
7853,273
7854,288
7855,304
7856,314
7857,319
7858,302
7859,299
7860,297
7861,285
7862,265
7863,267
7864,268
7865,238
7866,257
7867,230
7868,260
7869,266
7870,256
7871,246
7872,219
7873,234
7874,226
7875,260
7876,188
7877,230
7878,190
7879,203
7880,220
7881,221
7882,202
7883,187
7884,215
7885,199
7886,182
7887,195
7888,194
7889,204
7890,195
7891,165
7892,150
7893,196
7894,187
7895,153
7896,181
7897,180
7898,174
7899,147
7900,146
7901,141
7902,164
7903,156
7904,148
7905,145
7906,142
7907,163
7908,143
7909,150
7910,120
7911,149
7912,157
7913,160
7914,146
7915,109
7916,130
7917,119
7918,109
7919,104
7920,119
7921,129
7922,131
7923,121
7924,107
7925,106
7926,115
7927,90
7928,123
7929,104
7930,105
7931,115
7932,113
7933,104
7934,108
7935,93
7936,84
7937,97
7938,87
7939,103
7940,86
7941,96
7942,81
7943,71
7944,69
7945,65
7946,75
7947,90
7948,76
7949,76
7950,81
7951,85
7952,83
7953,76
7954,82
7955,75
7956,68
7957,75
7958,80
7959,77
7960,65
7961,60
7962,41
7963,73
7964,58
7965,54
7966,55
7967,52
7968,51
7969,59
7970,58
7971,54
7972,56
7973,63
7974,52
7975,40
7976,50
7977,47
7978,52
7979,52
7980,43
7981,46
7982,47
7983,54
7984,50
7985,45
7986,39
7987,52
7988,49
7989,39
7990,32
7991,44
7992,40
7993,45
7994,29
7995,48
7996,33
7997,33
7998,43
7999,32
8000,36
8001,26
8002,37
8003,44
8004,28
8005,34
8006,16
8007,20
8008,25
8009,33
8010,27
8011,33
8012,30
8013,36
8014,16
8015,37
8016,23
8017,24
8018,32
8019,21
8020,25
8021,16
8022,28
8023,24
8024,23
8025,19
8026,24
8027,26
8028,27
8029,16
8030,18
8031,21
8032,11
8033,17
8034,16
8035,15
8036,11
8037,19
8038,15
8039,13
8040,14
8041,14
8042,9
8043,15
8044,14
8045,16
8046,14
8047,12
8048,14
8049,5
8050,9
8051,14
8052,9
8053,9
8054,14
8055,9
8056,8
8057,13
8058,4
8059,18
8060,6
8061,6
8062,9
8063,10
8064,12
8065,14
8066,8
8067,10
8068,7
8069,5
8070,2
8071,2
8072,6
8073,9
8074,7
8075,8
8076,7
8077,6
8078,5
8079,5
8080,2
8081,2
8082,6
8083,4
8084,7
8085,4
8086,9
8087,3
8088,3
8089,6
8090,3
8091,2
8092,3
8094,1
8095,3
8096,2
8097,1
8098,3
8099,3
8101,4
8102,2
8103,3
8105,3
8106,5
8107,2
8108,2
8109,1
8110,3
8111,2
8112,2
8113,4
8114,1
8115,2
8116,3
8117,2
8118,1
8119,1
8120,1
8122,2
8123,1
8124,1
8125,2
8126,1
8128,3
8129,2
8130,1
8132,2
8134,1
8137,1
8141,1
8145,1
8149,1
8156,2
8159,1
8161,1
8163,2
8164,1
8175,1
8183,1
8186,1
8199,2
8219,1
