1621,1
1649,1
1659,1
1662,1
1668,1
1672,2
1673,1
1678,1
1689,1
1691,1
1696,2
1701,1
1702,2
1704,2
1707,1
1712,1
1713,1
1714,1
1715,3
1718,1
1721,2
1723,1
1727,1
1728,1
1729,1
1731,2
1732,3
1733,1
1735,1
1736,1
1740,1
1741,1
1743,1
1745,5
1746,3
1748,2
1749,2
1751,3
1752,1
1753,2
1754,1
1755,1
1756,1
1757,3
1758,3
1759,5
1760,1
1761,4
1762,1
1763,2
1764,2
1765,2
1766,3
1767,3
1768,2
1769,3
1770,5
1771,1
1772,5
1773,2
1774,4
1775,2
1776,4
1777,3
1778,2
1779,3
1780,5
1781,5
1782,2
1783,3
1784,2
1785,7
1786,4
1787,4
1788,3
1789,5
1790,7
1791,7
1792,6
1793,5
1794,4
1795,7
1796,9
1797,5
1798,5
1799,10
1800,8
1801,5
1802,8
1803,7
1804,6
1805,10
1806,10
1807,6
1808,10
1809,13
1810,6
1811,6
1812,14
1813,6
1814,4
1815,10
1816,11
1817,10
1818,10
1819,8
1820,14
1821,6
1822,10
1823,6
1824,7
1825,11
1826,15
1827,17
1828,10
1829,10
1830,14
1831,11
1832,11
1833,21
1834,12
1835,17
1836,17
1837,15
1838,8
1839,18
1840,13
1841,16
1842,19
1843,13
1844,15
1845,19
1846,19
1847,21
1848,19
1849,19
1850,21
1851,21
1852,20
1853,26
1854,17
1855,25
1856,26
1857,23
1858,27
1859,31
1860,28
1861,22
1862,29
1863,36
1864,29
1865,30
1866,16
1867,33
1868,22
1869,28
1870,40
1871,29
1872,30
1873,16
1874,36
1875,36
1876,24
1877,40
1878,27
1879,48
1880,42
1881,27
1882,39
1883,51
1884,46
1885,45
1886,44
1887,57
1888,49
1889,45
1890,46
1891,50
1892,44
1893,55
1894,56
1895,51
1896,52
1897,39
1898,65
1899,57
1900,64
1901,54
1902,76
1903,63
1904,66
1905,65
1906,62
1907,67
1908,77
1909,70
1910,71
1911,72
1912,90
1913,82
1914,75
1915,80
1916,68
1917,66
1918,81
1919,82
1920,88
1921,84
1922,96
1923,105
1924,100
1925,83
1926,95
1927,108
1928,98
1929,99
1930,123
1931,95
1932,100
1933,93
1934,108
1935,119
1936,121
1937,131
1938,115
1939,141
1940,121
1941,137
1942,117
1943,102
1944,141
1945,114
1946,113
1947,155
1948,147
1949,156
1950,141
1951,149
1952,155
1953,174
1954,152
1955,161
1956,179
1957,137
1958,172
1959,191
1960,155
1961,171
1962,180
1963,158
1964,162
1965,189
1966,185
1967,188
1968,184
1969,191
1970,211
1971,223
1972,213
1973,202
1974,242
1975,207
1976,217
1977,238
1978,225
1979,243
1980,219
1981,259
1982,249
1983,221
1984,250
1985,267
1986,257
1987,266
1988,248
1989,282
1990,268
1991,279
1992,301
1993,285
1994,310
1995,257
1996,316
1997,327
1998,311
1999,315
2000,320
2001,327
2002,332
2003,324
2004,354
2005,348
2006,352
2007,316
2008,374
2009,392
2010,348
2011,393
2012,409
2013,386
2014,413
2015,382
2016,379
2017,386
2018,436
2019,461
2020,420
2021,422
2022,443
2023,456
2024,435
2025,433
2026,446
2027,482
2028,459
2029,439
2030,481
2031,511
2032,507
2033,510
2034,562
2035,500
2036,473
2037,500
2038,544
2039,525
2040,572
2041,555
2042,611
2043,581
2044,600
2045,618
2046,572
2047,638
2048,621
2049,621
2050,671
2051,645
2052,625
2053,657
2054,688
2055,687
2056,663
2057,730
2058,687
2059,710
2060,711
2061,708
2062,721
2063,766
2064,727
2065,810
2066,730
2067,795
2068,759
2069,796
2070,794
2071,772
2072,775
2073,819
2074,778
2075,859
2076,835
2077,828
2078,893
2079,893
2080,927
2081,908
2082,948
2083,915
2084,968
2085,948
2086,978
2087,948
2088,971
2089,971
2090,963
2091,1001
2092,993
2093,1055
2094,1028
2095,1029
2096,1032
2097,1071
2098,1106
2099,1052
2100,1103
2101,1020
2102,1100
2103,1138
2104,1139
2105,1180
2106,1148
2107,1185
2108,1187
2109,1193
2110,1292
2111,1189
2112,1149
2113,1283
2114,1245
2115,1316
2116,1284
2117,1295
2118,1340
2119,1326
2120,1337
2121,1414
2122,1376
2123,1418
2124,1414
2125,1439
2126,1405
2127,1451
2128,1443
2129,1447
2130,1532
2131,1496
2132,1513
2133,1535
2134,1479
2135,1550
2136,1483
2137,1553
2138,1565
2139,1661
2140,1599
2141,1666
2142,1624
2143,1663
2144,1670
2145,1683
2146,1672
2147,1702
2148,1672
2149,1734
2150,1762
2151,1702
2152,1708
2153,1802
2154,1880
2155,1779
2156,1850
2157,1898
2158,1849
2159,1882
2160,1879
2161,1927
2162,1874
2163,1871
2164,1977
2165,1992
2166,1968
2167,1992
2168,2070
2169,2056
2170,2000
2171,2024
2172,2078
2173,2038
2174,2205
2175,2185
2176,2173
2177,2111
2178,2169
2179,2203
2180,2193
2181,2228
2182,2311
2183,2179
2184,2261
2185,2273
2186,2283
2187,2266
2188,2285
2189,2327
2190,2353
2191,2446
2192,2425
2193,2411
2194,2414
2195,2387
2196,2550
2197,2513
2198,2502
2199,2553
2200,2532
2201,2571
2202,2595
2203,2648
2204,2553
2205,2545
2206,2548
2207,2691
2208,2734
2209,2672
2210,2854
2211,2773
2212,2742
2213,2811
2214,2749
2215,2731
2216,2844
2217,2851
2218,2717
2219,2821
2220,2808
2221,2776
2222,2872
2223,2938
2224,2975
2225,2985
2226,2970
2227,2858
2228,3012
2229,3017
2230,3077
2231,3158
2232,3071
2233,3141
2234,3082
2235,3187
2236,3187
2237,3254
2238,3316
2239,3341
2240,3311
2241,3293
2242,3254
2243,3253
2244,3391
2245,3473
2246,3431
2247,3333
2248,3476
2249,3495
2250,3469
2251,3398
2252,3459
2253,3462
2254,3482
2255,3529
2256,3581
2257,3529
2258,3543
2259,3566
2260,3610
2261,3667
2262,3547
2263,3711
2264,3650
2265,3696
2266,3707
2267,3676
2268,3719
2269,3693
2270,3805
2271,3892
2272,3749
2273,3851
2274,3872
2275,3904
2276,3936
2277,3867
2278,3952
2279,4028
2280,3968
2281,3932
2282,4023
2283,4014
2284,4056
2285,4235
2286,4168
2287,4057
2288,4104
2289,4183
2290,4107
2291,4167
2292,4137
2293,4219
2294,4218
2295,4233
2296,4286
2297,4333
2298,4275
2299,4283
2300,4414
2301,4224
2302,4284
2303,4359
2304,4460
2305,4364
2306,4293
2307,4530
2308,4401
2309,4526
2310,4461
2311,4459
2312,4528
2313,4495
2314,4523
2315,4464
2316,4537
2317,4550
2318,4704
2319,4535
2320,4715
2321,4629
2322,4749
2323,4861
2324,4733
2325,4810
2326,4695
2327,4829
2328,4722
2329,4829
2330,4770
2331,4833
2332,4747
2333,4748
2334,5056
2335,4897
2336,4908
2337,4887
2338,4871
2339,4885
2340,4883
2341,5020
2342,5044
2343,4930
2344,4925
2345,5064
2346,5048
2347,5184
2348,5274
2349,5152
2350,5301
2351,5140
2352,5151
2353,5200
2354,5261
2355,5380
2356,5290
2357,5188
2358,5361
2359,5288
2360,5327
2361,5346
2362,5339
2363,5377
2364,5366
2365,5260
2366,5512
2367,5346
2368,5335
2369,5369
2370,5406
2371,5357
2372,5503
2373,5588
2374,5412
2375,5459
2376,5577
2377,5531
2378,5614
2379,5475
2380,5516
2381,5718
2382,5643
2383,5510
2384,5485
2385,5783
2386,5582
2387,5662
2388,5502
2389,5619
2390,5647
2391,5700
2392,5827
2393,5559
2394,5653
2395,5725
2396,5756
2397,5701
2398,5647
2399,5820
2400,5780
2401,5866
2402,5904
2403,5788
2404,5827
2405,5751
2406,5896
2407,5882
2408,5860
2409,5883
2410,5995
2411,6021
2412,6019
2413,5871
2414,5954
2415,6057
2416,5846
2417,5973
2418,5946
2419,5892
2420,5994
2421,5947
2422,6067
2423,5975
2424,5939
2425,6109
2426,6098
2427,6161
2428,6137
2429,6102
2430,6008
2431,6049
2432,6038
2433,5966
2434,6194
2435,6101
2436,6108
2437,6124
2438,6255
2439,6155
2440,6027
2441,6227
2442,6107
2443,6177
2444,6241
2445,6177
2446,6193
2447,6308
2448,6243
2449,6341
2450,6277
2451,6327
2452,6327
2453,6123
2454,6158
2455,6272
2456,6228
2457,6308
2458,6303
2459,6467
2460,6326
2461,6232
2462,6215
2463,6273
2464,6287
2465,6371
2466,6445
2467,6407
2468,6437
2469,6364
2470,6343
2471,6230
2472,6506
2473,6424
2474,6335
2475,6296
2476,6554
2477,6349
2478,6355
2479,6321
2480,6472
2481,6485
2482,6267
2483,6392
2484,6515
2485,6423
2486,6375
2487,6528
2488,6483
2489,6433
2490,6473
2491,6388
2492,6433
2493,6394
2494,6495
2495,6427
2496,6485
2497,6501
2498,6520
2499,6570
2500,6489
2501,6634
2502,6441
2503,6341
2504,6385
2505,6456
2506,6303
2507,6544
2508,6448
2509,6576
2510,6338
2511,6565
2512,6467
2513,6491
2514,6568
2515,6587
2516,6570
2517,6482
2518,6343
2519,6474
2520,6545
2521,6613
2522,6452
2523,6513
2524,6596
2525,6583
2526,6575
2527,6506
2528,6659
2529,6455
2530,6704
2531,6608
2532,6450
2533,6454
2534,6469
2535,6522
2536,6473
2537,6487
2538,6528
2539,6567
2540,6541
2541,6415
2542,6555
2543,6458
2544,6550
2545,6442
2546,6703
2547,6528
2548,6581
2549,6589
2550,6425
2551,6379
2552,6551
2553,6488
2554,6363
2555,6493
2556,6476
2557,6492
2558,6462
2559,6480
2560,6437
2561,6531
2562,6644
2563,6474
2564,6444
2565,6418
2566,6517
2567,6446
2568,6429
2569,6481
2570,6460
2571,6504
2572,6364
2573,6514
2574,6379
2575,6549
2576,6500
2577,6392
2578,6498
2579,6546
2580,6283
2581,6281
2582,6412
2583,6321
2584,6390
2585,6274
2586,6514
2587,6527
2588,6342
2589,6486
2590,6286
2591,6451
2592,6271
2593,6377
2594,6339
2595,6456
2596,6361
2597,6397
2598,6408
2599,6242
2600,6344
2601,6335
2602,6217
2603,6204
2604,6389
2605,6414
2606,6251
2607,6258
2608,6202
2609,6268
2610,6211
2611,6380
2612,6224
2613,6358
2614,6230
2615,6305
2616,6294
2617,6212
2618,6386
2619,6317
2620,6385
2621,6400
2622,6226
2623,6132
2624,6281
2625,6179
2626,6253
2627,6279
2628,6316
2629,6106
2630,6181
2631,6220
2632,6132
2633,6116
2634,6176
2635,6209
2636,6099
2637,6103
2638,6190
2639,6206
2640,6111
2641,6083
2642,6158
2643,6191
2644,6195
2645,6168
2646,6122
2647,6314
2648,6092
2649,6139
2650,6187
2651,6051
2652,6069
2653,6024
2654,5981
2655,6124
2656,6017
2657,6005
2658,6107
2659,6034
2660,5952
2661,5893
2662,6094
2663,6100
2664,5925
2665,5899
2666,6110
2667,6041
2668,5894
2669,5962
2670,6027
2671,5892
2672,5977
2673,5963
2674,5904
2675,5961
2676,5812
2677,5963
2678,5920
2679,5888
2680,5881
2681,5981
2682,5894
2683,5732
2684,5809
2685,5920
2686,5898
2687,5822
2688,5703
2689,5842
2690,5796
2691,5776
2692,5978
2693,5661
2694,5675
2695,5599
2696,5777
2697,5819
2698,5801
2699,5747
2700,5798
2701,5651
2702,5671
2703,5759
2704,5660
2705,5528
2706,5793
2707,5783
2708,5660
2709,5644
2710,5615
2711,5596
2712,5529
2713,5670
2714,5645
2715,5560
2716,5651
2717,5640
2718,5603
2719,5739
2720,5491
2721,5595
2722,5482
2723,5605
2724,5649
2725,5620
2726,5528
2727,5367
2728,5355
2729,5525
2730,5471
2731,5462
2732,5401
2733,5578
2734,5462
2735,5588
2736,5466
2737,5443
2738,5437
2739,5430
2740,5312
2741,5444
2742,5376
2743,5420
2744,5398
2745,5214
2746,5343
2747,5401
2748,5343
2749,5275
2750,5333
2751,5239
2752,5236
2753,5172
2754,5297
2755,5402
2756,5347
2757,5239
2758,5429
2759,5284
2760,5209
2761,5183
2762,5231
2763,5284
2764,5188
2765,5119
2766,5173
2767,5381
2768,5113
2769,5086
2770,5148
2771,5074
2772,5056
2773,5258
2774,5166
2775,5211
2776,5152
2777,5068
2778,5090
2779,5105
2780,4969
2781,5020
2782,4955
2783,5035
2784,5145
2785,5182
2786,5070
2787,5002
2788,5078
2789,5041
2790,4946
2791,4901
2792,4999
2793,4954
2794,4982
2795,5004
2796,5033
2797,4785
2798,4863
2799,4795
2800,4940
2801,4861
2802,4933
2803,4979
2804,4836
2805,4750
2806,4796
2807,4684
2808,4741
2809,4834
2810,4793
2811,4648
2812,4742
2813,4668
2814,4791
2815,4879
2816,4726
2817,4811
2818,4773
2819,4700
2820,4730
2821,4699
2822,4880
2823,4748
2824,4666
2825,4788
2826,4624
2827,4643
2828,4650
2829,4577
2830,4545
2831,4585
2832,4679
2833,4605
2834,4616
2835,4699
2836,4607
2837,4488
2838,4696
2839,4612
2840,4507
2841,4593
2842,4727
2843,4452
2844,4443
2845,4484
2846,4356
2847,4554
2848,4467
2849,4540
2850,4308
2851,4440
2852,4437
2853,4507
2854,4468
2855,4412
2856,4450
2857,4329
2858,4456
2859,4378
2860,4411
2861,4349
2862,4391
2863,4421
2864,4279
2865,4402
2866,4215
2867,4270
2868,4389
2869,4320
2870,4287
2871,4193
2872,4290
2873,4400
2874,4202
2875,4202
2876,4288
2877,4255
2878,4242
2879,4201
2880,4302
2881,4120
2882,4206
2883,4183
2884,4147
2885,4137
2886,4152
2887,4163
2888,4080
2889,4088
2890,4192
2891,4164
2892,4078
2893,4067
2894,4041
2895,4197
2896,4134
2897,4080
2898,4059
2899,4158
2900,4078
2901,3967
2902,4054
2903,4034
2904,3986
2905,3961
2906,3933
2907,3917
2908,3934
2909,3926
2910,3883
2911,3860
2912,3795
2913,4023
2914,4043
2915,4002
2916,3957
2917,3918
2918,3901
2919,3873
2920,3784
2921,3810
2922,3821
2923,3847
2924,3778
2925,3838
2926,3719
2927,3831
2928,3823
2929,3719
2930,3774
2931,3770
2932,3719
2933,3668
2934,3853
2935,3591
2936,3845
2937,3725
2938,3734
2939,3769
2940,3638
2941,3527
2942,3710
2943,3633
2944,3665
2945,3704
2946,3742
2947,3763
2948,3626
2949,3586
2950,3613
2951,3585
2952,3576
2953,3583
2954,3597
2955,3644
2956,3578
2957,3659
2958,3444
2959,3556
2960,3528
2961,3489
2962,3553
2963,3573
2964,3578
2965,3465
2966,3501
2967,3491
2968,3496
2969,3527
2970,3529
2971,3428
2972,3480
2973,3548
2974,3409
2975,3487
2976,3374
2977,3425
2978,3508
2979,3484
2980,3299
2981,3266
2982,3220
2983,3270
2984,3287
2985,3330
2986,3508
2987,3409
2988,3322
2989,3394
2990,3317
2991,3369
2992,3243
2993,3378
2994,3287
2995,3243
2996,3348
2997,3309
2998,3273
2999,3253
3000,3342
3001,3250
3002,3158
3003,3203
3004,3115
3005,3185
3006,3164
3007,3295
3008,3130
3009,3155
3010,3303
3011,3178
3012,3111
3013,3176
3014,3120
3015,3115
3016,3121
3017,3181
3018,3182
3019,3143
3020,3090
3021,3216
3022,3117
3023,2917
3024,3025
3025,3118
3026,3093
3027,3076
3028,2980
3029,3034
3030,3072
3031,3014
3032,3057
3033,3045
3034,2962
3035,3019
3036,3002
3037,3099
3038,2964
3039,3029
3040,2933
3041,3001
3042,2989
3043,3012
3044,2899
3045,2992
3046,2857
3047,2910
3048,2947
3049,2957
3050,2947
3051,2968
3052,2959
3053,2826
3054,2903
3055,2878
3056,2778
3057,2867
3058,2851
3059,2873
3060,2875
3061,2747
3062,2784
3063,2872
3064,2776
3065,2905
3066,2947
3067,2812
3068,2827
3069,2887
3070,2744
3071,2749
3072,2703
3073,2848
3074,2791
3075,2760
3076,2801
3077,2713
3078,2765
3079,2771
3080,2747
3081,2797
3082,2779
3083,2711
3084,2609
3085,2754
3086,2632
3087,2811
3088,2619
3089,2732
3090,2749
3091,2644
3092,2636
3093,2661
3094,2618
3095,2621
3096,2638
3097,2659
3098,2684
3099,2616
3100,2620
3101,2647
3102,2620
3103,2606
3104,2673
3105,2543
3106,2645
3107,2596
3108,2484
3109,2558
3110,2649
3111,2611
3112,2534
3113,2537
3114,2507
3115,2597
3116,2547
3117,2577
3118,2539
3119,2408
3120,2564
3121,2409
3122,2409
3123,2538
3124,2495
3125,2443
3126,2438
3127,2421
3128,2410
3129,2464
3130,2419
3131,2459
3132,2427
3133,2544
3134,2472
3135,2419
3136,2449
3137,2382
3138,2371
3139,2437
3140,2500
3141,2463
3142,2446
3143,2385
3144,2346
3145,2443
3146,2380
3147,2473
3148,2327
3149,2374
3150,2348
3151,2340
3152,2358
3153,2339
3154,2257
3155,2327
3156,2360
3157,2314
3158,2298
3159,2238
3160,2382
3161,2245
3162,2319
3163,2337
3164,2313
3165,2303
3166,2292
3167,2362
3168,2298
3169,2304
3170,2205
3171,2275
3172,2290
3173,2242
3174,2257
3175,2230
3176,2251
3177,2244
3178,2235
3179,2198
3180,2255
3181,2259
3182,2217
3183,2279
3184,2147
3185,2223
3186,2283
3187,2285
3188,2215
3189,2123
3190,2079
3191,2084
3192,2078
3193,2233
3194,2145
3195,2077
3196,2294
3197,2197
3198,2131
3199,2159
3200,2160
3201,2140
3202,2069
3203,2110
3204,2006
3205,2104
3206,2049
3207,2138
3208,2017
3209,2043
3210,2140
3211,2110
3212,1984
3213,2121
3214,2057
3215,2021
3216,2031
3217,2071
3218,2055
3219,2013
3220,2034
3221,2004
3222,2028
3223,2010
3224,2027
3225,2008
3226,2021
3227,2021
3228,2052
3229,2089
3230,1917
3231,1935
3232,2007
3233,1976
3234,1995
3235,2008
3236,1938
3237,1980
3238,1984
3239,1953
3240,1923
3241,1974
3242,1958
3243,1919
3244,1975
3245,1883
3246,1894
3247,1960
3248,1874
3249,1976
3250,1869
3251,1887
3252,1853
3253,1819
3254,1956
3255,1922
3256,1822
3257,1828
3258,1888
3259,1824
3260,1891
3261,1869
3262,1893
3263,1872
3264,1774
3265,1850
3266,1885
3267,1915
3268,1884
3269,1901
3270,1734
3271,1847
3272,1790
3273,1852
3274,1797
3275,1743
3276,1739
3277,1852
3278,1811
3279,1763
3280,1806
3281,1781
3282,1769
3283,1822
3284,1787
3285,1786
3286,1760
3287,1748
3288,1729
3289,1780
3290,1764
3291,1713
3292,1761
3293,1764
3294,1725
3295,1748
3296,1715
3297,1651
3298,1792
3299,1686
3300,1767
3301,1651
3302,1829
3303,1686
3304,1639
3305,1721
3306,1703
3307,1725
3308,1639
3309,1725
3310,1696
3311,1664
3312,1722
3313,1643
3314,1739
3315,1603
3316,1557
3317,1704
3318,1705
3319,1659
3320,1639
3321,1611
3322,1693
3323,1651
3324,1658
3325,1598
3326,1620
3327,1661
3328,1634
3329,1592
3330,1540
3331,1570
3332,1596
3333,1627
3334,1665
3335,1639
3336,1615
3337,1653
3338,1593
3339,1585
3340,1599
3341,1576
3342,1571
3343,1569
3344,1594
3345,1545
3346,1540
3347,1543
3348,1625
3349,1532
3350,1603
3351,1488
3352,1501
3353,1499
3354,1431
3355,1529
3356,1576
3357,1523
3358,1550
3359,1537
3360,1557
3361,1538
3362,1481
3363,1529
3364,1535
3365,1490
3366,1443
3367,1556
3368,1515
3369,1487
3370,1466
3371,1493
3372,1448
3373,1510
3374,1541
3375,1468
3376,1436
3377,1473
3378,1482
3379,1498
3380,1463
3381,1485
3382,1507
3383,1453
3384,1388
3385,1402
3386,1516
3387,1525
3388,1458
3389,1486
3390,1408
3391,1454
3392,1414
3393,1414
3394,1479
3395,1403
3396,1468
3397,1494
3398,1426
3399,1425
3400,1360
3401,1404
3402,1389
3403,1432
3404,1464
3405,1361
3406,1432
3407,1389
3408,1412
3409,1424
3410,1409
3411,1392
3412,1413
3413,1472
3414,1359
3415,1381
3416,1369
3417,1405
3418,1411
3419,1428
3420,1355
3421,1414
3422,1378
3423,1439
3424,1334
3425,1357
3426,1415
3427,1392
3428,1417
3429,1348
3430,1347
3431,1307
3432,1331
3433,1419
3434,1362
3435,1317
3436,1344
3437,1353
3438,1324
3439,1348
3440,1370
3441,1405
3442,1338
3443,1356
3444,1367
3445,1361
3446,1309
3447,1286
3448,1358
3449,1276
3450,1293
3451,1378
3452,1331
3453,1306
3454,1288
3455,1362
3456,1311
3457,1362
3458,1286
3459,1248
3460,1257
3461,1311
3462,1259
3463,1296
3464,1399
3465,1320
3466,1299
3467,1243
3468,1275
3469,1258
3470,1266
3471,1360
3472,1306
3473,1298
3474,1231
3475,1266
3476,1283
3477,1231
3478,1323
3479,1248
3480,1178
3481,1257
3482,1253
3483,1243
3484,1234
3485,1255
3486,1240
3487,1251
3488,1314
3489,1239
3490,1238
3491,1232
3492,1244
3493,1199
3494,1266
3495,1252
3496,1230
3497,1259
3498,1247
3499,1235
3500,1234
3501,1245
3502,1194
3503,1221
3504,1204
3505,1230
3506,1185
3507,1176
3508,1300
3509,1271
3510,1162
3511,1173
3512,1190
3513,1223
3514,1255
3515,1171
3516,1196
3517,1193
3518,1224
3519,1205
3520,1149
3521,1158
3522,1220
3523,1207
3524,1171
3525,1196
3526,1202
3527,1182
3528,1157
3529,1175
3530,1172
3531,1156
3532,1172
3533,1120
3534,1154
3535,1146
3536,1170
3537,1137
3538,1140
3539,1180
3540,1134
3541,1201
3542,1187
3543,1152
3544,1090
3545,1136
3546,1112
3547,1169
3548,1188
3549,1163
3550,1141
3551,1173
3552,1171
3553,1129
3554,1148
3555,1162
3556,1130
3557,1093
3558,1161
3559,1138
3560,1095
3561,1122
3562,1174
3563,1127
3564,1099
3565,1078
3566,1117
3567,1097
3568,1140
3569,1080
3570,1106
3571,1095
3572,1090
3573,1017
3574,1112
3575,1140
3576,1089
3577,1102
3578,1106
3579,1156
3580,1112
3581,1112
3582,1092
3583,1105
3584,1057
3585,1126
3586,1091
3587,1087
3588,1074
3589,1051
3590,1016
3591,1040
3592,1057
3593,1111
3594,1113
3595,1096
3596,1065
3597,1065
3598,1102
3599,1075
3600,1020
3601,1033
3602,1086
3603,1117
3604,1059
3605,1029
3606,1121
3607,1052
3608,1075
3609,1015
3610,1030
3611,1048
3612,1018
3613,1063
3614,1014
3615,1057
3616,1056
3617,1045
3618,966
3619,1026
3620,1063
3621,1028
3622,1049
3623,1006
3624,973
3625,995
3626,1051
3627,1020
3628,1024
3629,1026
3630,1061
3631,1012
3632,973
3633,1008
3634,1005
3635,940
3636,962
3637,1015
3638,1027
3639,972
3640,1011
3641,1010
3642,964
3643,933
3644,976
3645,914
3646,995
3647,954
3648,975
3649,1001
3650,945
3651,985
3652,1034
3653,1004
3654,1024
3655,933
3656,970
3657,960
3658,949
3659,1005
3660,976
3661,992
3662,1053
3663,980
3664,880
3665,997
3666,924
3667,976
3668,1022
3669,951
3670,1014
3671,942
3672,984
3673,901
3674,873
3675,888
3676,936
3677,923
3678,954
3679,949
3680,938
3681,947
3682,903
3683,912
3684,909
3685,955
3686,973
3687,921
3688,928
3689,873
3690,890
3691,945
3692,913
3693,889
3694,909
3695,891
3696,931
3697,892
3698,921
3699,892
3700,900
3701,950
3702,870
3703,926
3704,958
3705,861
3706,864
3707,876
3708,879
3709,901
3710,859
3711,935
3712,855
3713,857
3714,917
3715,814
3716,862
3717,923
3718,873
3719,863
3720,907
3721,841
3722,911
3723,844
3724,848
3725,861
3726,877
3727,900
3728,833
3729,920
3730,789
3731,832
3732,854
3733,853
3734,891
3735,844
3736,847
3737,811
3738,828
3739,795
3740,862
3741,835
3742,808
3743,851
3744,829
3745,809
3746,879
3747,872
3748,874
3749,847
3750,833
3751,851
3752,804
3753,773
3754,781
3755,822
3756,836
3757,774
3758,835
3759,836
3760,812
3761,861
3762,808
3763,821
3764,822
3765,845
3766,824
3767,765
3768,778
3769,782
3770,773
3771,783
3772,785
3773,813
3774,812
3775,855
3776,851
3777,834
3778,833
3779,795
3780,810
3781,780
3782,779
3783,819
3784,834
3785,780
3786,834
3787,794
3788,801
3789,819
3790,811
3791,783
3792,785
3793,783
3794,749
3795,775
3796,774
3797,821
3798,763
3799,775
3800,829
3801,760
3802,807
3803,762
3804,750
3805,775
3806,779
3807,790
3808,741
3809,718
3810,782
3811,789
3812,770
3813,736
3814,768
3815,862
3816,795
3817,791
3818,822
3819,778
3820,763
3821,769
3822,780
3823,746
3824,777
3825,764
3826,752
3827,793
3828,705
3829,802
3830,691
3831,787
3832,688
3833,776
3834,778
3835,752
3836,790
3837,760
3838,736
3839,739
3840,724
3841,775
3842,751
3843,716
3844,740
3845,692
3846,757
3847,732
3848,749
3849,705
3850,749
3851,780
3852,766
3853,719
3854,788
3855,705
3856,752
3857,699
3858,732
3859,767
3860,735
3861,754
3862,723
3863,746
3864,746
3865,727
3866,731
3867,750
3868,748
3869,703
3870,693
3871,756
3872,744
3873,704
3874,757
3875,704
3876,733
3877,745
3878,748
3879,697
3880,732
3881,758
3882,701
3883,693
3884,661
3885,695
3886,666
3887,708
3888,721
3889,696
3890,739
3891,671
3892,716
3893,635
3894,701
3895,740
3896,693
3897,646
3898,715
3899,700
3900,702
3901,688
3902,664
3903,672
3904,684
3905,666
3906,688
3907,700
3908,697
3909,674
3910,717
3911,684
3912,745
3913,675
3914,677
3915,662
3916,655
3917,688
3918,655
3919,709
3920,695
3921,706
3922,674
3923,676
3924,674
3925,702
3926,689
3927,671
3928,659
3929,670
3930,720
3931,705
3932,662
3933,672
3934,678
3935,651
3936,681
3937,728
3938,659
3939,658
3940,644
3941,652
3942,677
3943,729
3944,632
3945,652
3946,648
3947,631
3948,637
3949,641
3950,698
3951,706
3952,666
3953,631
3954,684
3955,644
3956,627
3957,665
3958,653
3959,586
3960,654
3961,652
3962,653
3963,627
3964,620
3965,662
3966,679
3967,679
3968,705
3969,639
3970,644
3971,650
3972,657
3973,619
3974,689
3975,651
3976,595
3977,653
3978,610
3979,629
3980,659
3981,692
3982,673
3983,650
3984,627
3985,648
3986,621
3987,633
3988,639
3989,654
3990,614
3991,648
3992,702
3993,649
3994,627
3995,640
3996,649
3997,674
3998,658
3999,622
4000,601
4001,666
4002,670
4003,632
4004,663
4005,601
4006,605
4007,635
4008,602
4009,632
4010,592
4011,651
4012,627
4013,596
4014,601
4015,649
4016,620
4017,634
4018,632
4019,619
4020,632
4021,619
4022,629
4023,604
4024,612
4025,638
4026,627
4027,608
4028,652
4029,623
4030,594
4031,612
4032,626
4033,589
4034,645
4035,629
4036,629
4037,605
4038,615
4039,622
4040,649
4041,625
4042,610
4043,575
4044,587
4045,622
4046,617
4047,613
4048,641
4049,609
4050,593
4051,628
4052,612
4053,626
4054,620
4055,604
4056,621
4057,616
4058,634
4059,589
4060,598
4061,591
4062,595
4063,525
4064,599
4065,663
4066,574
4067,592
4068,561
4069,638
4070,574
4071,554
4072,596
4073,587
4074,608
4075,601
4076,612
4077,556
4078,557
4079,631
4080,593
4081,618
4082,594
4083,544
4084,662
4085,594
4086,575
4087,581
4088,623
4089,598
4090,625
4091,584
4092,614
4093,621
4094,573
4095,581
4096,544
4097,574
4098,653
4099,584
4100,568
4101,582
4102,588
4103,591
4104,562
4105,574
4106,587
4107,571
4108,577
4109,586
4110,600
4111,578
4112,577
4113,602
4114,601
4115,532
4116,603
4117,610
4118,561
4119,567
4120,581
4121,598
4122,516
4123,592
4124,569
4125,556
4126,624
4127,556
4128,550
4129,580
4130,593
4131,586
4132,547
4133,563
4134,602
4135,587
4136,604
4137,615
4138,582
4139,535
4140,587
4141,623
4142,575
4143,532
4144,545
4145,510
4146,532
4147,557
4148,585
4149,566
4150,589
4151,593
4152,566
4153,592
4154,558
4155,546
4156,524
4157,572
4158,542
4159,538
4160,566
4161,562
4162,511
4163,603
4164,558
4165,589
4166,578
4167,560
4168,567
4169,556
4170,536
4171,540
4172,557
4173,528
4174,542
4175,540
4176,541
4177,549
4178,561
4179,576
4180,545
4181,571
4182,537
4183,541
4184,581
4185,518
4186,551
4187,628
4188,531
4189,577
4190,578
4191,542
4192,523
4193,532
4194,579
4195,559
4196,509
4197,542
4198,553
4199,542
4200,568
4201,575
4202,556
4203,572
4204,525
4205,563
4206,539
4207,539
4208,529
4209,525
4210,540
4211,555
4212,540
4213,535
4214,540
4215,536
4216,563
4217,524
4218,551
4219,508
4220,537
4221,510
4222,523
4223,553
4224,544
4225,576
4226,522
4227,566
4228,563
4229,555
4230,537
4231,499
4232,518
4233,555
4234,529
4235,539
4236,555
4237,519
4238,518
4239,512
4240,512
4241,562
4242,515
4243,530
4244,507
4245,520
4246,515
4247,523
4248,544
4249,538
4250,582
4251,557
4252,559
4253,533
4254,520
4255,552
4256,560
4257,524
4258,515
4259,526
4260,521
4261,528
4262,558
4263,497
4264,546
4265,556
4266,574
4267,461
4268,522
4269,485
4270,488
4271,524
4272,527
4273,529
4274,493
4275,525
4276,502
4277,498
4278,504
4279,553
4280,530
4281,499
4282,520
4283,556
4284,510
4285,519
4286,520
4287,500
4288,555
4289,567
4290,503
4291,541
4292,486
4293,519
4294,516
4295,522
4296,512
4297,526
4298,526
4299,530
4300,484
4301,522
4302,522
4303,512
4304,531
4305,526
4306,495
4307,518
4308,481
4309,479
4310,576
4311,514
4312,542
4313,486
4314,476
4315,486
4316,503
4317,527
4318,487
4319,546
4320,502
4321,480
4322,494
4323,514
4324,528
4325,488
4326,493
4327,505
4328,520
4329,489
4330,518
4331,513
4332,514
4333,489
4334,475
4335,492
4336,508
4337,467
4338,507
4339,517
4340,503
4341,500
4342,532
4343,462
4344,461
4345,522
4346,519
4347,471
4348,483
4349,474
4350,484
4351,470
4352,487
4353,451
4354,536
4355,528
4356,478
4357,531
4358,459
4359,533
4360,504
4361,459
4362,480
4363,530
4364,519
4365,505
4366,491
4367,483
4368,485
4369,481
4370,437
4371,480
4372,462
4373,470
4374,459
4375,489
4376,486
4377,494
4378,459
4379,515
4380,481
4381,497
4382,451
4383,490
4384,475
4385,461
4386,468
4387,484
4388,475
4389,452
4390,464
4391,490
4392,474
4393,456
4394,487
4395,504
4396,454
4397,500
4398,492
4399,483
4400,490
4401,470
4402,473
4403,477
4404,476
4405,453
4406,486
4407,475
4408,514
4409,492
4410,497
4411,500
4412,505
4413,466
4414,486
4415,472
4416,470
4417,492
4418,446
4419,491
4420,502
4421,486
4422,473
4423,444
4424,486
4425,486
4426,442
4427,452
4428,461
4429,465
4430,472
4431,466
4432,495
4433,471
4434,477
4435,503
4436,481
4437,469
4438,457
4439,434
4440,482
4441,443
4442,471
4443,449
4444,483
4445,400
4446,433
4447,497
4448,453
4449,499
4450,472
4451,434
4452,462
4453,489
4454,467
4455,449
4456,461
4457,449
4458,466
4459,436
4460,466
4461,453
4462,448
4463,450
4464,461
4465,483
4466,414
4467,441
4468,446
4469,502
4470,444
4471,449
4472,405
4473,434
4474,456
4475,447
4476,474
4477,456
4478,439
4479,478
4480,480
4481,447
4482,442
4483,477
4484,452
4485,439
4486,425
4487,459
4488,482
4489,439
4490,425
4491,439
4492,467
4493,448
4494,469
4495,443
4496,448
4497,461
4498,442
4499,459
4500,436
4501,423
4502,415
4503,412
4504,442
4505,435
4506,435
4507,454
4508,404
4509,466
4510,463
4511,433
4512,448
4513,409
4514,424
4515,443
4516,411
4517,412
4518,434
4519,428
4520,404
4521,426
4522,412
4523,426
4524,418
4525,448
4526,440
4527,465
4528,436
4529,404
4530,411
4531,426
4532,463
4533,424
4534,457
4535,423
4536,418
4537,387
4538,437
4539,420
4540,386
4541,417
4542,410
4543,445
4544,433
4545,434
4546,404
4547,397
4548,434
4549,431
4550,387
4551,400
4552,395
4553,408
4554,413
4555,413
4556,394
4557,384
4558,429
4559,429
4560,410
4561,428
4562,419
4563,411
4564,409
4565,420
4566,453
4567,413
4568,404
4569,380
4570,407
4571,423
4572,431
4573,371
4574,414
4575,369
4576,414
4577,393
4578,380
4579,376
4580,411
4581,404
4582,405
4583,401
4584,406
4585,404
4586,406
4587,439
4588,396
4589,405
4590,415
4591,402
4592,358
4593,397
4594,385
4595,416
4596,406
4597,418
4598,401
4599,374
4600,392
4601,389
4602,423
4603,392
4604,407
4605,408
4606,394
4607,411
4608,402
4609,428
4610,370
4611,370
4612,410
4613,408
4614,367
4615,401
4616,405
4617,364
4618,423
4619,416
4620,430
4621,352
4622,369
4623,377
4624,401
4625,409
4626,415
4627,380
4628,381
4629,379
4630,400
4631,385
4632,414
4633,372
4634,405
4635,399
4636,388
4637,356
4638,375
4639,362
4640,405
4641,377
4642,375
4643,405
4644,360
4645,371
4646,381
4647,362
4648,359
4649,392
4650,352
4651,417
4652,398
4653,351
4654,368
4655,416
4656,385
4657,353
4658,382
4659,396
4660,391
4661,392
4662,367
4663,379
4664,383
4665,378
4666,385
4667,403
4668,387
4669,395
4670,347
4671,413
4672,394
4673,397
4674,383
4675,349
4676,382
4677,390
4678,422
4679,378
4680,358
4681,410
4682,368
4683,400
4684,360
4685,387
4686,411
4687,392
4688,328
4689,399
4690,362
4691,372
4692,384
4693,373
4694,342
4695,407
4696,389
4697,383
4698,409
4699,378
4700,338
4701,375
4702,353
4703,414
4704,396
4705,358
4706,399
4707,395
4708,382
4709,391
4710,378
4711,369
4712,371
4713,381
4714,380
4715,376
4716,361
4717,400
4718,349
4719,379
4720,353
4721,361
4722,360
4723,364
4724,373
4725,371
4726,377
4727,390
4728,379
4729,390
4730,397
4731,419
4732,386
4733,390
4734,402
4735,371
4736,393
4737,408
4738,365
4739,368
4740,370
4741,354
4742,414
4743,403
4744,391
4745,398
4746,407
4747,404
4748,381
4749,375
4750,369
4751,349
4752,378
4753,338
4754,370
4755,402
4756,392
4757,364
4758,396
4759,383
4760,386
4761,383
4762,377
4763,368
4764,416
4765,363
4766,419
4767,403
4768,420
4769,377
4770,380
4771,389
4772,425
4773,376
4774,345
4775,387
4776,386
4777,378
4778,403
4779,378
4780,410
4781,374
4782,367
4783,383
4784,408
4785,371
4786,389
4787,399
4788,434
4789,403
4790,386
4791,436
4792,416
4793,356
4794,357
4795,390
4796,430
4797,378
4798,397
4799,416
4800,408
4801,381
4802,408
4803,376
4804,389
4805,378
4806,397
4807,398
4808,393
4809,387
4810,392
4811,408
4812,372
4813,381
4814,392
4815,445
4816,396
4817,370
4818,406
4819,359
4820,396
4821,407
4822,391
4823,386
4824,399
4825,399
4826,390
4827,404
4828,425
4829,407
4830,404
4831,412
4832,423
4833,406
4834,377
4835,387
4836,448
4837,394
4838,355
4839,388
4840,413
4841,382
4842,350
4843,382
4844,358
4845,406
4846,396
4847,410
4848,409
4849,426
4850,467
4851,434
4852,408
4853,419
4854,427
4855,424
4856,419
4857,435
4858,400
4859,420
4860,415
4861,443
4862,391
4863,433
4864,411
4865,443
4866,460
4867,432
4868,400
4869,420
4870,402
4871,430
4872,406
4873,427
4874,387
4875,443
4876,434
4877,422
4878,431
4879,402
4880,458
4881,408
4882,384
4883,443
4884,437
4885,412
4886,459
4887,424
4888,446
4889,439
4890,446
4891,451
4892,445
4893,436
4894,413
4895,422
4896,441
4897,431
4898,412
4899,396
4900,439
4901,395
4902,400
4903,427
4904,430
4905,427
4906,433
4907,430
4908,421
4909,438
4910,391
4911,417
4912,473
4913,453
4914,421
4915,456
4916,438
4917,438
4918,443
4919,452
4920,415
4921,476
4922,423
4923,434
4924,458
4925,433
4926,458
4927,428
4928,438
4929,442
4930,454
4931,430
4932,410
4933,474
4934,459
4935,445
4936,445
4937,478
4938,433
4939,473
4940,448
4941,432
4942,439
4943,437
4944,460
4945,466
4946,437
4947,422
4948,450
4949,444
4950,417
4951,463
4952,448
4953,416
4954,432
4955,442
4956,435
4957,434
4958,468
4959,443
4960,448
4961,452
4962,444
4963,448
4964,454
4965,433
4966,439
4967,456
4968,469
4969,439
4970,461
4971,424
4972,476
4973,470
4974,466
4975,454
4976,474
4977,436
4978,465
4979,461
4980,443
4981,517
4982,458
4983,465
4984,458
4985,452
4986,448
4987,490
4988,472
4989,481
4990,428
4991,473
4992,461
4993,425
4994,445
4995,446
4996,454
4997,489
4998,482
4999,457
5000,448
5001,440
5002,457
5003,464
5004,477
5005,463
5006,519
5007,500
5008,493
5009,488
5010,470
5011,489
5012,516
5013,460
5014,423
5015,432
5016,470
5017,447
5018,453
5019,439
5020,495
5021,452
5022,443
5023,401
5024,446
5025,496
5026,436
5027,431
5028,441
5029,453
5030,463
5031,427
5032,438
5033,416
5034,481
5035,394
5036,434
5037,438
5038,516
5039,446
5040,480
5041,412
5042,465
5043,456
5044,438
5045,466
5046,458
5047,443
5048,423
5049,485
5050,465
5051,487
5052,453
5053,473
5054,477
5055,431
5056,423
5057,451
5058,467
5059,486
5060,438
5061,445
5062,446
5063,450
5064,443
5065,426
5066,439
5067,464
5068,424
5069,486
5070,442
5071,468
5072,498
5073,437
5074,433
5075,427
5076,426
5077,453
5078,421
5079,423
5080,453
5081,405
5082,398
5083,459
5084,461
5085,468
5086,459
5087,455
5088,463
5089,457
5090,432
5091,433
5092,439
5093,448
5094,414
5095,393
5096,434
5097,429
5098,466
5099,452
5100,425
5101,408
5102,419
5103,446
5104,448
5105,414
5106,443
5107,415
5108,461
5109,429
5110,465
5111,416
5112,415
5113,437
5114,413
5115,444
5116,454
5117,428
5118,493
5119,432
5120,405
5121,405
5122,406
5123,451
5124,422
5125,438
5126,411
5127,453
5128,488
5129,446
5130,394
5131,410
5132,422
5133,442
5134,404
5135,414
5136,431
5137,426
5138,423
5139,407
5140,384
5141,430
5142,388
5143,413
5144,399
5145,428
5146,397
5147,394
5148,414
5149,417
5150,405
5151,373
5152,427
5153,418
5154,401
5155,400
5156,435
5157,373
5158,411
5159,425
5160,387
5161,380
5162,398
5163,414
5164,426
5165,393
5166,397
5167,409
5168,379
5169,384
5170,393
5171,374
5172,398
5173,377
5174,405
5175,362
5176,401
5177,337
5178,393
5179,381
5180,401
5181,397
5182,434
5183,409
5184,402
5185,387
5186,401
5187,435
5188,392
5189,395
5190,380
5191,376
5192,406
5193,407
5194,415
5195,384
5196,432
5197,362
5198,381
5199,376
5200,411
5201,397
5202,383
5203,408
5204,351
5205,395
5206,407
5207,382
5208,393
5209,364
5210,373
5211,363
5212,359
5213,384
5214,390
5215,372
5216,375
5217,382
5218,386
5219,373
5220,398
5221,387
5222,346
5223,414
5224,435
5225,417
5226,424
5227,363
5228,361
5229,381
5230,409
5231,371
5232,392
5233,372
5234,385
5235,351
5236,371
5237,402
5238,390
5239,386
5240,394
5241,416
5242,376
5243,407
5244,370
5245,373
5246,364
5247,387
5248,353
5249,391
5250,378
5251,386
5252,379
5253,407
5254,339
5255,378
5256,414
5257,379
5258,364
5259,387
5260,354
5261,408
5262,378
5263,412
5264,363
5265,386
5266,388
5267,386
5268,365
5269,367
5270,375
5271,370
5272,430
5273,435
5274,382
5275,394
5276,378
5277,368
5278,382
5279,376
5280,396
5281,365
5282,351
5283,345
5284,360
5285,403
5286,396
5287,406
5288,354
5289,345
5290,391
5291,376
5292,359
5293,369
5294,360
5295,394
5296,350
5297,369
5298,381
5299,384
5300,364
5301,406
5302,379
5303,362
5304,381
5305,366
5306,352
5307,338
5308,367
5309,395
5310,370
5311,373
5312,404
5313,416
5314,389
5315,367
5316,367
5317,382
5318,399
5319,412
5320,375
5321,382
5322,407
5323,402
5324,393
5325,387
5326,400
5327,411
5328,385
5329,374
5330,344
5331,358
5332,390
5333,393
5334,349
5335,413
5336,393
5337,370
5338,384
5339,370
5340,393
5341,385
5342,387
5343,352
5344,390
5345,331
5346,379
5347,416
5348,414
5349,404
5350,394
5351,392
5352,378
5353,370
5354,342
5355,342
5356,378
5357,395
5358,409
5359,376
5360,362
5361,375
5362,394
5363,411
5364,369
5365,365
5366,367
5367,398
5368,403
5369,398
5370,383
5371,377
5372,413
5373,388
5374,380
5375,414
5376,374
5377,429
5378,386
5379,378
5380,352
5381,373
5382,389
5383,386
5384,398
5385,366
5386,420
5387,368
5388,406
5389,404
5390,393
5391,406
5392,380
5393,403
5394,411
5395,375
5396,391
5397,381
5398,431
5399,394
5400,419
5401,365
5402,395
5403,415
5404,360
5405,382
5406,436
5407,372
5408,401
5409,423
5410,391
5411,409
5412,423
5413,409
5414,374
5415,383
5416,375
5417,399
5418,405
5419,438
5420,419
5421,415
5422,379
5423,396
5424,409
5425,394
5426,432
5427,418
5428,404
5429,428
5430,434
5431,377
5432,441
5433,408
5434,397
5435,433
5436,410
5437,402
5438,394
5439,411
5440,367
5441,415
5442,380
5443,418
5444,399
5445,427
5446,418
5447,427
5448,408
5449,418
5450,443
5451,445
5452,404
5453,401
5454,473
5455,456
5456,425
5457,417
5458,402
5459,458
5460,408
5461,446
5462,404
5463,458
5464,429
5465,436
5466,397
5467,421
5468,466
5469,454
5470,415
5471,404
5472,406
5473,429
5474,470
5475,430
5476,440
5477,433
5478,442
5479,427
5480,404
5481,453
5482,437
5483,419
5484,434
5485,426
5486,449
5487,358
5488,431
5489,420
5490,464
5491,434
5492,441
5493,425
5494,454
5495,486
5496,430
5497,377
5498,405
5499,471
5500,430
5501,424
5502,446
5503,439
5504,449
5505,446
5506,405
5507,454
5508,465
5509,470
5510,437
5511,449
5512,459
5513,425
5514,452
5515,413
5516,415
5517,419
5518,407
5519,452
5520,442
5521,439
5522,451
5523,435
5524,436
5525,421
5526,441
5527,439
5528,438
5529,448
5530,445
5531,452
5532,444
5533,439
5534,490
5535,477
5536,462
5537,480
5538,460
5539,461
5540,470
5541,457
5542,436
5543,439
5544,434
5545,501
5546,427
5547,497
5548,439
5549,457
5550,463
5551,457
5552,467
5553,427
5554,462
5555,511
5556,435
5557,491
5558,492
5559,456
5560,445
5561,485
5562,430
5563,469
5564,494
5565,437
5566,483
5567,466
5568,476
5569,473
5570,502
5571,476
5572,462
5573,445
5574,437
5575,501
5576,449
5577,446
5578,482
5579,476
5580,450
5581,442
5582,492
5583,470
5584,463
5585,457
5586,456
5587,491
5588,455
5589,452
5590,494
5591,490
5592,472
5593,464
5594,485
5595,500
5596,485
5597,452
5598,482
5599,470
5600,453
5601,490
5602,471
5603,470
5604,469
5605,487
5606,491
5607,472
5608,507
5609,459
5610,519
5611,488
5612,479
5613,470
5614,448
5615,492
5616,493
5617,468
5618,468
5619,448
5620,519
5621,479
5622,483
5623,502
5624,498
5625,491
5626,483
5627,456
5628,512
5629,473
5630,469
5631,487
5632,496
5633,458
5634,517
5635,482
5636,467
5637,488
5638,475
5639,512
5640,515
5641,506
5642,493
5643,455
5644,516
5645,506
5646,467
5647,506
5648,490
5649,509
5650,422
5651,487
5652,519
5653,431
5654,490
5655,501
5656,453
5657,502
5658,511
5659,491
5660,460
5661,513
5662,498
5663,499
5664,508
5665,493
5666,534
5667,495
5668,487
5669,531
5670,563
5671,496
5672,503
5673,508
5674,471
5675,481
5676,535
5677,546
5678,517
5679,494
5680,494
5681,515
5682,503
5683,548
5684,488
5685,486
5686,519
5687,496
5688,504
5689,532
5690,484
5691,480
5692,550
5693,513
5694,529
5695,489
5696,521
5697,526
5698,509
5699,568
5700,542
5701,485
5702,519
5703,547
5704,517
5705,539
5706,513
5707,515
5708,513
5709,516
5710,484
5711,547
5712,545
5713,527
5714,485
5715,524
5716,534
5717,545
5718,511
5719,567
5720,512
5721,477
5722,516
5723,539
5724,525
5725,495
5726,533
5727,563
5728,532
5729,509
5730,543
5731,516
5732,496
5733,520
5734,503
5735,533
5736,501
5737,519
5738,511
5739,536
5740,518
5741,497
5742,547
5743,483
5744,531
5745,574
5746,535
5747,545
5748,520
5749,508
5750,533
5751,520
5752,517
5753,538
5754,550
5755,515
5756,517
5757,532
5758,524
5759,593
5760,536
5761,507
5762,534
5763,540
5764,499
5765,578
5766,539
5767,560
5768,538
5769,536
5770,527
5771,519
5772,561
5773,513
5774,515
5775,506
5776,529
5777,536
5778,508
5779,507
5780,587
5781,515
5782,530
5783,496
5784,540
5785,500
5786,572
5787,507
5788,531
5789,566
5790,544
5791,591
5792,529
5793,573
5794,561
5795,564
5796,538
5797,553
5798,518
5799,535
5800,555
5801,548
5802,533
5803,530
5804,553
5805,550
5806,573
5807,538
5808,542
5809,568
5810,541
5811,541
5812,535
5813,527
5814,544
5815,569
5816,584
5817,519
5818,527
5819,549
5820,506
5821,569
5822,563
5823,546
5824,565
5825,544
5826,587
5827,554
5828,561
5829,533
5830,543
5831,536
5832,555
5833,579
5834,556
5835,550
5836,564
5837,528
5838,569
5839,591
5840,543
5841,547
5842,539
5843,593
5844,560
5845,556
5846,583
5847,544
5848,552
5849,562
5850,580
5851,564
5852,614
5853,614
5854,554
5855,561
5856,587
5857,556
5858,595
5859,546
5860,579
5861,604
5862,576
5863,610
5864,579
5865,572
5866,566
5867,545
5868,545
5869,571
5870,615
5871,571
5872,566
5873,604
5874,567
5875,602
5876,557
5877,601
5878,548
5879,559
5880,548
5881,624
5882,583
5883,590
5884,564
5885,597
5886,619
5887,562
5888,591
5889,575
5890,562
5891,541
5892,568
5893,582
5894,593
5895,584
5896,597
5897,623
5898,559
5899,566
5900,563
5901,599
5902,611
5903,581
5904,570
5905,578
5906,611
5907,618
5908,625
5909,611
5910,606
5911,656
5912,653
5913,554
5914,590
5915,593
5916,576
5917,608
5918,597
5919,581
5920,607
5921,592
5922,587
5923,641
5924,617
5925,644
5926,626
5927,598
5928,616
5929,565
5930,573
5931,605
5932,642
5933,556
5934,579
5935,590
5936,594
5937,616
5938,618
5939,614
5940,639
5941,605
5942,598
5943,623
5944,587
5945,623
5946,590
5947,631
5948,622
5949,650
5950,571
5951,582
5952,637
5953,608
5954,618
5955,591
5956,634
5957,616
5958,629
5959,640
5960,604
5961,592
5962,651
5963,580
5964,636
5965,617
5966,605
5967,607
5968,659
5969,584
5970,592
5971,602
5972,620
5973,603
5974,630
5975,647
5976,653
5977,601
5978,612
5979,628
5980,610
5981,669
5982,633
5983,598
5984,628
5985,596
5986,636
5987,607
5988,619
5989,640
5990,599
5991,638
5992,628
5993,642
5994,593
5995,615
5996,634
5997,600
5998,649
5999,627
6000,639
6001,677
6002,645
6003,637
6004,690
6005,616
6006,632
6007,627
6008,661
6009,610
6010,690
6011,663
6012,644
6013,643
6014,659
6015,660
6016,650
6017,609
6018,655
6019,628
6020,634
6021,620
6022,677
6023,632
6024,676
6025,665
6026,639
6027,684
6028,676
6029,633
6030,658
6031,652
6032,653
6033,651
6034,649
6035,637
6036,651
6037,621
6038,669
6039,653
6040,675
6041,634
6042,675
6043,660
6044,648
6045,657
6046,684
6047,643
6048,650
6049,648
6050,629
6051,660
6052,671
6053,727
6054,651
6055,668
6056,687
6057,660
6058,661
6059,642
6060,697
6061,678
6062,666
6063,676
6064,638
6065,726
6066,660
6067,666
6068,628
6069,666
6070,645
6071,703
6072,735
6073,640
6074,675
6075,705
6076,689
6077,679
6078,682
6079,660
6080,684
6081,670
6082,654
6083,730
6084,644
6085,673
6086,688
6087,679
6088,642
6089,704
6090,725
6091,708
6092,713
6093,748
6094,700
6095,665
6096,738
6097,698
6098,652
6099,712
6100,660
6101,676
6102,660
6103,696
6104,699
6105,654
6106,703
6107,722
6108,687
6109,713
6110,714
6111,737
6112,728
6113,682
6114,699
6115,745
6116,721
6117,682
6118,727
6119,729
6120,697
6121,712
6122,722
6123,742
6124,703
6125,726
6126,770
6127,716
6128,694
6129,763
6130,728
6131,687
6132,738
6133,702
6134,705
6135,737
6136,740
6137,726
6138,757
6139,729
6140,724
6141,707
6142,733
6143,693
6144,747
6145,720
6146,753
6147,755
6148,711
6149,709
6150,793
6151,743
6152,704
6153,755
6154,732
6155,718
6156,728
6157,752
6158,733
6159,709
6160,796
6161,801
6162,773
6163,764
6164,756
6165,772
6166,791
6167,761
6168,793
6169,754
6170,742
6171,727
6172,796
6173,743
6174,818
6175,741
6176,719
6177,767
6178,771
6179,808
6180,728
6181,759
6182,745
6183,740
6184,733
6185,787
6186,740
6187,726
6188,747
6189,825
6190,776
6191,779
6192,785
6193,785
6194,773
6195,793
6196,788
6197,792
6198,809
6199,745
6200,720
6201,769
6202,790
6203,737
6204,840
6205,827
6206,784
6207,803
6208,808
6209,815
6210,792
6211,748
6212,828
6213,832
6214,770
6215,792
6216,817
6217,753
6218,796
6219,839
6220,764
6221,756
6222,839
6223,784
6224,817
6225,835
6226,826
6227,841
6228,819
6229,789
6230,784
6231,793
6232,807
6233,786
6234,826
6235,817
6236,813
6237,839
6238,867
6239,816
6240,840
6241,816
6242,813
6243,863
6244,781
6245,771
6246,825
6247,811
6248,810
6249,894
6250,849
6251,826
6252,855
6253,877
6254,871
6255,842
6256,843
6257,884
6258,830
6259,856
6260,791
6261,795
6262,881
6263,803
6264,854
6265,859
6266,889
6267,902
6268,857
6269,877
6270,875
6271,869
6272,866
6273,904
6274,928
6275,883
6276,897
6277,860
6278,882
6279,869
6280,894
6281,872
6282,898
6283,842
6284,873
6285,912
6286,892
6287,965
6288,948
6289,892
6290,878
6291,896
6292,929
6293,861
6294,1012
6295,894
6296,960
6297,919
6298,880
6299,900
6300,915
6301,928
6302,858
6303,930
6304,929
6305,926
6306,892
6307,915
6308,868
6309,953
6310,948
6311,905
6312,960
6313,856
6314,926
6315,965
6316,947
6317,960
6318,953
6319,995
6320,943
6321,937
6322,981
6323,882
6324,908
6325,921
6326,1011
6327,956
6328,948
6329,951
6330,937
6331,917
6332,967
6333,957
6334,1006
6335,951
6336,951
6337,985
6338,952
6339,897
6340,936
6341,943
6342,913
6343,932
6344,1002
6345,952
6346,970
6347,940
6348,987
6349,1009
6350,990
6351,990
6352,961
6353,967
6354,968
6355,984
6356,978
6357,1011
6358,1052
6359,1018
6360,994
6361,1020
6362,979
6363,982
6364,991
6365,1016
6366,992
6367,1010
6368,1030
6369,959
6370,971
6371,1061
6372,1031
6373,1015
6374,1053
6375,1043
6376,1052
6377,994
6378,1039
6379,1027
6380,972
6381,1044
6382,976
6383,1040
6384,1043
6385,1054
6386,1097
6387,1037
6388,1027
6389,1021
6390,1027
6391,1058
6392,1030
6393,1076
6394,1028
6395,1007
6396,987
6397,1021
6398,1064
6399,1102
6400,960
6401,1085
6402,1019
6403,1053
6404,1116
6405,1045
6406,1029
6407,1131
6408,1074
6409,1136
6410,1091
6411,1094
6412,1059
6413,1131
6414,1118
6415,1087
6416,1082
6417,1071
6418,1170
6419,1114
6420,1075
6421,1099
6422,1166
6423,1050
6424,1137
6425,1068
6426,1119
6427,1106
6428,1084
6429,1104
6430,1097
6431,1147
6432,1095
6433,1072
6434,1053
6435,1105
6436,1112
6437,1124
6438,1085
6439,1089
6440,1129
6441,1105
6442,1115
6443,1151
6444,1125
6445,1117
6446,1117
6447,1053
6448,1140
6449,1157
6450,1149
6451,1154
6452,1121
6453,1195
6454,1088
6455,1189
6456,1091
6457,1208
6458,1170
6459,1149
6460,1137
6461,1117
6462,1153
6463,1148
6464,1133
6465,1174
6466,1118
6467,1174
6468,1156
6469,1158
6470,1162
6471,1191
6472,1188
6473,1212
6474,1223
6475,1127
6476,1179
6477,1178
6478,1198
6479,1156
6480,1159
6481,1184
6482,1206
6483,1206
6484,1228
6485,1147
6486,1226
6487,1235
6488,1242
6489,1207
6490,1198
6491,1152
6492,1210
6493,1195
6494,1152
6495,1172
6496,1258
6497,1182
6498,1216
6499,1223
6500,1225
6501,1186
6502,1257
6503,1221
6504,1191
6505,1196
6506,1213
6507,1220
6508,1261
6509,1176
6510,1241
6511,1263
6512,1248
6513,1257
6514,1272
6515,1236
6516,1232
6517,1230
6518,1265
6519,1255
6520,1239
6521,1229
6522,1279
6523,1246
6524,1248
6525,1256
6526,1295
6527,1268
6528,1313
6529,1259
6530,1299
6531,1331
6532,1248
6533,1315
6534,1281
6535,1261
6536,1264
6537,1321
6538,1348
6539,1367
6540,1260
6541,1334
6542,1291
6543,1300
6544,1323
6545,1248
6546,1299
6547,1331
6548,1239
6549,1301
6550,1359
6551,1336
6552,1290
6553,1376
6554,1320
6555,1355
6556,1354
6557,1352
6558,1347
6559,1350
6560,1388
6561,1334
6562,1309
6563,1399
6564,1384
6565,1365
6566,1429
6567,1360
6568,1287
6569,1372
6570,1315
6571,1330
6572,1321
6573,1350
6574,1328
6575,1362
6576,1273
6577,1391
6578,1396
6579,1385
6580,1373
6581,1352
6582,1408
6583,1377
6584,1412
6585,1369
6586,1351
6587,1371
6588,1414
6589,1417
6590,1341
6591,1367
6592,1402
6593,1421
6594,1429
6595,1503
6596,1411
6597,1408
6598,1428
6599,1420
6600,1449
6601,1456
6602,1512
6603,1380
6604,1386
6605,1482
6606,1403
6607,1446
6608,1433
6609,1398
6610,1449
6611,1395
6612,1441
6613,1449
6614,1450
6615,1466
6616,1407
6617,1436
6618,1452
6619,1466
6620,1487
6621,1523
6622,1437
6623,1521
6624,1504
6625,1460
6626,1498
6627,1455
6628,1572
6629,1595
6630,1534
6631,1510
6632,1548
6633,1508
6634,1488
6635,1555
6636,1548
6637,1562
6638,1492
6639,1568
6640,1530
6641,1541
6642,1510
6643,1536
6644,1528
6645,1590
6646,1601
6647,1540
6648,1547
6649,1573
6650,1528
6651,1596
6652,1585
6653,1582
6654,1555
6655,1631
6656,1600
6657,1593
6658,1593
6659,1583
6660,1630
6661,1658
6662,1646
6663,1599
6664,1644
6665,1528
6666,1514
6667,1571
6668,1712
6669,1530
6670,1656
6671,1633
6672,1625
6673,1534
6674,1606
6675,1650
6676,1708
6677,1706
6678,1647
6679,1707
6680,1670
6681,1651
6682,1614
6683,1601
6684,1693
6685,1686
6686,1708
6687,1713
6688,1665
6689,1647
6690,1729
6691,1743
6692,1683
6693,1699
6694,1680
6695,1740
6696,1654
6697,1725
6698,1767
6699,1780
6700,1769
6701,1807
6702,1737
6703,1717
6704,1780
6705,1765
6706,1795
6707,1748
6708,1742
6709,1714
6710,1715
6711,1773
6712,1705
6713,1821
6714,1785
6715,1761
6716,1679
6717,1842
6718,1854
6719,1777
6720,1761
6721,1854
6722,1785
6723,1860
6724,1841
6725,1770
6726,1870
6727,1892
6728,1846
6729,1792
6730,1769
6731,1861
6732,1845
6733,1820
6734,1800
6735,1845
6736,1829
6737,1823
6738,1898
6739,1899
6740,1876
6741,1861
6742,1839
6743,1887
6744,1887
6745,1911
6746,1841
6747,1820
6748,1888
6749,1937
6750,1935
6751,1907
6752,1871
6753,1927
6754,1929
6755,1933
6756,1935
6757,1861
6758,1966
6759,1983
6760,1928
6761,2029
6762,1952
6763,1919
6764,2034
6765,2013
6766,2054
6767,1991
6768,1970
6769,1994
6770,2000
6771,2078
6772,2076
6773,1955
6774,2018
6775,2016
6776,2114
6777,2064
6778,2084
6779,2123
6780,2084
6781,2058
6782,2037
6783,1970
6784,2042
6785,2135
6786,2064
6787,2081
6788,2040
6789,1998
6790,2066
6791,2081
6792,2078
6793,2057
6794,2124
6795,2116
6796,2129
6797,2090
6798,2099
6799,2094
6800,2187
6801,2152
6802,2121
6803,2101
6804,2074
6805,2163
6806,2156
6807,2204
6808,2079
6809,2192
6810,2164
6811,2223
6812,2199
6813,2315
6814,2238
6815,2139
6816,2192
6817,2166
6818,2176
6819,2289
6820,2248
6821,2055
6822,2174
6823,2269
6824,2223
6825,2180
6826,2213
6827,2278
6828,2258
6829,2267
6830,2267
6831,2244
6832,2267
6833,2269
6834,2222
6835,2245
6836,2294
6837,2345
6838,2247
6839,2302
6840,2241
6841,2312
6842,2342
6843,2289
6844,2356
6845,2312
6846,2267
6847,2333
6848,2315
6849,2337
6850,2340
6851,2300
6852,2492
6853,2311
6854,2376
6855,2459
6856,2362
6857,2415
6858,2304
6859,2292
6860,2398
6861,2433
6862,2454
6863,2506
6864,2418
6865,2439
6866,2461
6867,2479
6868,2429
6869,2436
6870,2424
6871,2403
6872,2412
6873,2489
6874,2457
6875,2451
6876,2396
6877,2518
6878,2538
6879,2420
6880,2482
6881,2508
6882,2542
6883,2532
6884,2521
6885,2498
6886,2524
6887,2672
6888,2520
6889,2590
6890,2596
6891,2564
6892,2579
6893,2540
6894,2642
6895,2649
6896,2679
6897,2688
6898,2594
6899,2701
6900,2629
6901,2593
6902,2643
6903,2604
6904,2517
6905,2563
6906,2573
6907,2709
6908,2697
6909,2780
6910,2670
6911,2595
6912,2788
6913,2699
6914,2742
6915,2711
6916,2678
6917,2705
6918,2743
6919,2780
6920,2629
6921,2724
6922,2754
6923,2686
6924,2723
6925,2823
6926,2833
6927,2763
6928,2811
6929,2717
6930,2863
6931,2767
6932,2838
6933,2748
6934,2806
6935,2801
6936,2842
6937,2929
6938,2844
6939,2749
6940,2802
6941,2837
6942,2949
6943,2848
6944,2972
6945,2871
6946,2898
6947,2936
6948,2903
6949,2852
6950,2915
6951,2893
6952,2921
6953,2898
6954,2914
6955,2928
6956,2909
6957,2975
6958,2999
6959,2958
6960,3032
6961,2969
6962,3032
6963,2999
6964,2966
6965,3079
6966,2960
6967,3050
6968,2983
6969,2952
6970,2975
6971,3090
6972,3159
6973,3009
6974,3115
6975,3106
6976,3039
6977,3102
6978,3196
6979,3067
6980,3050
6981,3121
6982,3142
6983,3060
6984,3242
6985,3119
6986,3148
6987,3235
6988,3184
6989,3162
6990,3247
6991,3219
6992,3119
6993,3149
6994,3212
6995,3317
6996,3156
6997,3228
6998,3204
6999,3146
7000,3339
7001,3238
7002,3267
7003,3297
7004,3343
7005,3262
7006,3257
7007,3224
7008,3377
7009,3319
7010,3298
7011,3327
7012,3393
7013,3344
7014,3224
7015,3363
7016,3402
7017,3338
7018,3423
7019,3377
7020,3390
7021,3396
7022,3320
7023,3496
7024,3264
7025,3449
7026,3434
7027,3512
7028,3529
7029,3481
7030,3494
7031,3482
7032,3500
7033,3513
7034,3521
7035,3557
7036,3567
7037,3580
7038,3477
7039,3623
7040,3644
7041,3523
7042,3487
7043,3509
7044,3570
7045,3529
7046,3624
7047,3592
7048,3703
7049,3616
7050,3589
7051,3581
7052,3657
7053,3705
7054,3611
7055,3721
7056,3577
7057,3677
7058,3668
7059,3702
7060,3720
7061,3757
7062,3767
7063,3662
7064,3747
7065,3693
7066,3727
7067,3731
7068,3657
7069,3763
7070,3708
7071,3735
7072,3864
7073,3898
7074,3850
7075,3888
7076,3755
7077,3823
7078,3811
7079,3836
7080,3841
7081,3942
7082,3941
7083,3854
7084,3833
7085,3831
7086,3962
7087,3856
7088,3903
7089,3891
7090,3879
7091,3929
7092,3900
7093,3991
7094,3944
7095,3987
7096,3991
7097,3991
7098,3921
7099,3969
7100,3935
7101,4101
7102,4083
7103,4261
7104,4048
7105,4132
7106,4083
7107,4174
7108,4052
7109,4130
7110,4184
7111,4069
7112,4149
7113,4194
7114,4141
7115,4297
7116,4196
7117,4199
7118,4160
7119,4269
7120,4268
7121,4234
7122,4277
7123,4325
7124,4249
7125,4239
7126,4290
7127,4307
7128,4351
7129,4192
7130,4180
7131,4294
7132,4459
7133,4300
7134,4287
7135,4338
7136,4318
7137,4337
7138,4405
7139,4365
7140,4431
7141,4350
7142,4419
7143,4475
7144,4447
7145,4446
7146,4469
7147,4384
7148,4426
7149,4496
7150,4506
7151,4531
7152,4449
7153,4486
7154,4434
7155,4561
7156,4601
7157,4583
7158,4504
7159,4456
7160,4559
7161,4531
7162,4542
7163,4629
7164,4660
7165,4624
7166,4576
7167,4612
7168,4573
7169,4683
7170,4590
7171,4674
7172,4690
7173,4637
7174,4695
7175,4726
7176,4699
7177,4741
7178,4763
7179,4776
7180,4686
7181,4707
7182,4842
7183,4778
7184,4781
7185,4728
7186,4716
7187,4801
7188,4725
7189,4916
7190,4875
7191,4886
7192,4824
7193,4753
7194,4807
7195,4823
7196,4858
7197,4827
7198,4904
7199,4951
7200,4981
7201,4984
7202,5024
7203,4898
7204,4987
7205,4903
7206,4935
7207,4867
7208,4947
7209,5024
7210,5009
7211,4944
7212,4955
7213,5045
7214,5028
7215,5047
7216,4967
7217,5076
7218,5126
7219,5038
7220,5041
7221,5045
7222,5093
7223,5069
7224,5121
7225,5101
7226,5061
7227,5118
7228,5206
7229,5139
7230,5022
7231,5269
7232,5305
7233,5291
7234,5198
7235,5250
7236,5217
7237,5350
7238,5140
7239,5303
7240,5280
7241,5266
7242,5250
7243,5301
7244,5245
7245,5287
7246,5292
7247,5304
7248,5332
7249,5390
7250,5414
7251,5379
7252,5432
7253,5371
7254,5401
7255,5334
7256,5431
7257,5296
7258,5362
7259,5482
7260,5443
7261,5404
7262,5488
7263,5324
7264,5466
7265,5421
7266,5535
7267,5400
7268,5448
7269,5686
7270,5568
7271,5474
7272,5556
7273,5592
7274,5505
7275,5451
7276,5529
7277,5577
7278,5468
7279,5519
7280,5656
7281,5516
7282,5747
7283,5526
7284,5732
7285,5798
7286,5633
7287,5595
7288,5593
7289,5660
7290,5832
7291,5691
7292,5616
7293,5703
7294,5573
7295,5756
7296,5599
7297,5777
7298,5605
7299,5815
7300,5725
7301,5715
7302,5781
7303,5785
7304,5749
7305,5774
7306,5724
7307,5846
7308,5753
7309,5925
7310,5766
7311,5832
7312,5862
7313,5863
7314,5861
7315,5860
7316,5774
7317,5836
7318,5792
7319,5752
7320,5797
7321,5867
7322,5924
7323,5893
7324,5865
7325,5905
7326,5952
7327,5915
7328,5834
7329,6028
7330,6023
7331,6019
7332,5987
7333,5998
7334,5900
7335,5929
7336,5977
7337,5899
7338,6046
7339,5998
7340,5917
7341,6060
7342,6034
7343,6058
7344,6152
7345,6122
7346,6184
7347,6264
7348,5883
7349,6041
7350,6142
7351,6170
7352,6004
7353,6151
7354,6140
7355,6113
7356,6213
7357,6028
7358,6168
7359,6144
7360,6138
7361,6223
7362,6044
7363,6192
7364,6272
7365,6233
7366,6203
7367,6155
7368,6171
7369,6245
7370,6284
7371,6095
7372,6180
7373,6290
7374,6140
7375,6016
7376,6304
7377,6226
7378,6248
7379,6192
7380,6259
7381,6278
7382,6184
7383,6282
7384,6206
7385,6215
7386,6282
7387,6314
7388,6380
7389,6211
7390,6337
7391,6407
7392,6331
7393,6394
7394,6323
7395,6249
7396,6547
7397,6389
7398,6357
7399,6289
7400,6254
7401,6496
7402,6480
7403,6302
7404,6427
7405,6446
7406,6580
7407,6547
7408,6335
7409,6318
7410,6518
7411,6491
7412,6415
7413,6378
7414,6452
7415,6470
7416,6488
7417,6355
7418,6392
7419,6450
7420,6496
7421,6373
7422,6548
7423,6433
7424,6373
7425,6490
7426,6420
7427,6426
7428,6573
7429,6402
7430,6324
7431,6510
7432,6469
7433,6447
7434,6384
7435,6475
7436,6499
7437,6526
7438,6535
7439,6536
7440,6463
7441,6442
7442,6502
7443,6612
7444,6490
7445,6379
7446,6570
7447,6435
7448,6561
7449,6500
7450,6509
7451,6388
7452,6518
7453,6579
7454,6627
7455,6428
7456,6467
7457,6400
7458,6458
7459,6563
7460,6564
7461,6502
7462,6413
7463,6500
7464,6669
7465,6670
7466,6548
7467,6600
7468,6502
7469,6449
7470,6352
7471,6523
7472,6474
7473,6520
7474,6473
7475,6422
7476,6485
7477,6526
7478,6534
7479,6575
7480,6567
7481,6451
7482,6393
7483,6615
7484,6413
7485,6450
7486,6570
7487,6439
7488,6546
7489,6543
7490,6683
7491,6582
7492,6690
7493,6463
7494,6427
7495,6299
7496,6660
7497,6388
7498,6342
7499,6406
7500,6630
7501,6575
7502,6376
7503,6581
7504,6379
7505,6354
7506,6430
7507,6328
7508,6420
7509,6422
7510,6397
7511,6441
7512,6335
7513,6339
7514,6370
7515,6341
7516,6328
7517,6407
7518,6455
7519,6383
7520,6325
7521,6504
7522,6449
7523,6390
7524,6480
7525,6410
7526,6473
7527,6535
7528,6405
7529,6265
7530,6346
7531,6401
7532,6447
7533,6451
7534,6435
7535,6349
7536,6347
7537,6285
7538,6300
7539,6409
7540,6480
7541,6196
7542,6228
7543,6389
7544,6213
7545,6343
7546,6348
7547,6325
7548,6303
7549,6273
7550,6342
7551,6283
7552,6441
7553,6196
7554,6178
7555,6263
7556,6395
7557,6219
7558,6315
7559,6256
7560,6151
7561,6205
7562,6200
7563,6178
7564,6242
7565,6143
7566,6212
7567,6050
7568,6104
7569,6165
7570,5944
7571,5972
7572,6111
7573,6101
7574,6111
7575,5972
7576,6086
7577,6133
7578,5995
7579,6251
7580,6038
7581,5973
7582,5957
7583,5984
7584,5831
7585,5900
7586,5966
7587,5891
7588,5977
7589,5961
7590,5909
7591,5759
7592,5824
7593,5900
7594,5855
7595,5779
7596,5820
7597,5805
7598,5814
7599,5775
7600,5777
7601,5850
7602,5798
7603,5910
7604,5654
7605,5658
7606,5731
7607,5827
7608,5617
7609,5689
7610,5716
7611,5727
7612,5669
7613,5567
7614,5665
7615,5592
7616,5494
7617,5589
7618,5657
7619,5602
7620,5614
7621,5516
7622,5420
7623,5630
7624,5501
7625,5565
7626,5287
7627,5585
7628,5497
7629,5326
7630,5404
7631,5568
7632,5405
7633,5515
7634,5381
7635,5376
7636,5369
7637,5287
7638,5252
7639,5278
7640,5158
7641,5221
7642,5235
7643,5248
7644,5123
7645,5148
7646,5217
7647,5202
7648,5209
7649,5226
7650,5177
7651,5045
7652,5029
7653,5055
7654,5095
7655,4993
7656,5095
7657,5039
7658,5047
7659,4990
7660,4857
7661,4924
7662,4961
7663,4894
7664,4828
7665,4925
7666,4848
7667,4923
7668,4868
7669,4868
7670,4832
7671,4746
7672,4701
7673,4707
7674,4711
7675,4689
7676,4695
7677,4722
7678,4754
7679,4667
7680,4587
7681,4634
7682,4672
7683,4608
7684,4447
7685,4615
7686,4650
7687,4531
7688,4481
7689,4627
7690,4442
7691,4330
7692,4441
7693,4452
7694,4483
7695,4329
7696,4346
7697,4432
7698,4405
7699,4260
7700,4276
7701,4248
7702,4417
7703,4299
7704,4367
7705,4193
7706,4147
7707,4201
7708,4216
7709,4165
7710,4148
7711,4048
7712,4074
7713,4151
7714,4076
7715,4095
7716,4153
7717,4000
7718,4044
7719,3933
7720,4008
7721,3830
7722,3878
7723,3915
7724,3842
7725,3925
7726,3822
7727,3822
7728,3919
7729,3793
7730,3846
7731,3715
7732,3780
7733,3728
7734,3601
7735,3777
7736,3678
7737,3613
7738,3704
7739,3648
7740,3618
7741,3453
7742,3590
7743,3532
7744,3485
7745,3522
7746,3442
7747,3435
7748,3416
7749,3455
7750,3407
7751,3307
7752,3410
7753,3281
7754,3225
7755,3264
7756,3372
7757,3339
7758,3350
7759,3287
7760,3160
7761,3243
7762,3130
7763,3311
7764,3320
7765,3107
7766,3083
7767,3080
7768,2969
7769,3163
7770,3011
7771,3013
7772,3110
7773,2995
7774,2987
7775,2909
7776,2901
7777,2922
7778,2854
7779,2913
7780,2795
7781,2793
7782,2779
7783,2835
7784,2813
7785,2786
7786,2783
7787,2719
7788,2807
7789,2673
7790,2694
7791,2646
7792,2697
7793,2588
7794,2660
7795,2625
7796,2614
7797,2632
7798,2593
7799,2592
7800,2549
7801,2443
7802,2467
7803,2488
7804,2449
7805,2412
7806,2404
7807,2484
7808,2425
7809,2424
7810,2425
7811,2473
7812,2363
7813,2350
7814,2212
7815,2261
7816,2280
7817,2252
7818,2283
7819,2293
7820,2266
7821,2250
7822,2201
7823,2143
7824,2096
7825,2099
7826,2081
7827,2127
7828,2161
7829,2095
7830,2024
7831,2009
7832,2049
7833,1892
7834,2039
7835,1935
7836,1967
7837,1939
7838,1942
7839,1874
7840,1858
7841,1923
7842,1825
7843,1866
7844,1783
7845,1841
7846,1750
7847,1799
7848,1819
7849,1732
7850,1756
7851,1713
7852,1669
7853,1680
7854,1710
7855,1692
7856,1646
7857,1649
7858,1675
7859,1614
7860,1598
7861,1582
7862,1540
7863,1541
7864,1532
7865,1580
7866,1570
7867,1503
7868,1438
7869,1491
7870,1420
7871,1380
7872,1407
7873,1410
7874,1405
7875,1410
7876,1414
7877,1343
7878,1349
7879,1353
7880,1373
7881,1380
7882,1337
7883,1277
7884,1228
7885,1312
7886,1248
7887,1286
7888,1241
7889,1253
7890,1216
7891,1236
7892,1228
7893,1125
7894,1156
7895,1141
7896,1192
7897,1102
7898,1159
7899,1115
7900,1116
7901,1072
7902,1068
7903,1061
7904,1001
7905,1039
7906,1039
7907,1055
7908,1019
7909,998
7910,1018
7911,974
7912,936
7913,962
7914,963
7915,913
7916,949
7917,864
7918,887
7919,870
7920,892
7921,941
7922,855
7923,881
7924,873
7925,841
7926,847
7927,776
7928,817
7929,797
7930,828
7931,785
7932,785
7933,740
7934,768
7935,707
7936,714
7937,728
7938,732
7939,699
7940,727
7941,689
7942,702
7943,693
7944,650
7945,659
7946,681
7947,653
7948,657
7949,629
7950,624
7951,599
7952,603
7953,589
7954,543
7955,572
7956,590
7957,606
7958,560
7959,557
7960,568
7961,497
7962,541
7963,528
7964,531
7965,542
7966,505
7967,493
7968,477
7969,510
7970,433
7971,501
7972,494
7973,441
7974,515
7975,436
7976,428
7977,441
7978,439
7979,444
7980,395
7981,403
7982,392
7983,394
7984,416
7985,382
7986,375
7987,387
7988,364
7989,386
7990,385
7991,365
7992,352
7993,341
7994,348
7995,384
7996,355
7997,310
7998,334
7999,319
8000,310
8001,321
8002,321
8003,296
8004,287
8005,299
8006,311
8007,299
8008,269
8009,243
8010,249
8011,260
8012,299
8013,261
8014,247
8015,262
8016,230
8017,251
8018,264
8019,225
8020,246
8021,230
8022,238
8023,218
8024,219
8025,220
8026,199
8027,201
8028,220
8029,204
8030,198
8031,220
8032,197
8033,205
8034,198
8035,201
8036,181
8037,145
8038,187
8039,175
8040,177
8041,166
8042,131
8043,192
8044,180
8045,168
8046,151
8047,134
8048,144
8049,142
8050,128
8051,141
8052,134
8053,141
8054,134
8055,141
8056,132
8057,134
8058,120
8059,118
8060,120
8061,111
8062,102
8063,125
8064,97
8065,118
8066,120
8067,104
8068,91
8069,103
8070,100
8071,95
8072,102
8073,106
8074,102
8075,110
8076,94
8077,105
8078,78
8079,101
8080,83
8081,76
8082,88
8083,81
8084,84
8085,79
8086,67
8087,66
8088,73
8089,63
8090,69
8091,80
8092,61
8093,62
8094,78
8095,57
8096,66
8097,52
8098,58
8099,57
8100,65
8101,63
8102,54
8103,56
8104,52
8105,50
8106,70
8107,33
8108,53
8109,40
8110,45
8111,50
8112,41
8113,46
8114,49
8115,36
8116,50
8117,45
8118,43
8119,42
8120,40
8121,43
8122,30
8123,35
8124,38
8125,31
8126,40
8127,30
8128,38
8129,31
8130,22
8131,31
8132,25
8133,36
8134,23
8135,27
8136,27
8137,20
8138,22
8139,29
8140,21
8141,18
8142,26
8143,17
8144,24
8145,18
8146,22
8147,25
8148,18
8149,15
8150,15
8151,28
8152,19
8153,17
8154,16
8155,18
8156,23
8157,16
8158,13
8159,20
8160,20
8161,21
8162,14
8163,9
8164,12
8165,12
8166,12
8167,10
8168,18
8169,16
8170,17
8171,14
8172,11
8173,12
8174,14
8175,7
8176,18
8177,8
8178,7
8179,10
8180,10
8181,11
8182,8
8183,15
8184,6
8185,7
8186,8
8187,6
8188,15
8189,9
8190,5
8191,6
8192,3
8193,6
8194,8
8195,12
8196,7
8197,16
8198,8
8199,7
8200,7
8201,3
8202,9
8203,3
8204,6
8205,6
8206,6
8207,5
8208,4
8209,7
8210,3
8211,5
8212,1
8213,3
8214,8
8215,2
8216,6
8217,4
8218,5
8219,3
8220,1
8221,4
8222,2
8223,4
8224,1
8225,3
8226,4
8227,3
8228,2
8230,1
8231,3
8232,7
8233,6
8234,2
8235,4
8236,2
8237,1
8239,3
8240,1
8242,2
8243,1
8244,3
8245,2
8246,1
8247,2
8248,2
8249,2
8252,2
8253,1
8255,1
8256,2
8257,2
8258,1
8262,1
8263,2
8264,1
8265,1
8266,2
8268,3
8269,4
8270,2
8271,1
8273,1
8275,1
8276,1
8278,1
8280,1
8281,1
8282,1
8286,1
8287,1
8291,1
8298,1
8306,1
8307,1
8312,1
8327,1
8328,1
8330,1
8341,1
8346,1
8350,1
8372,1
