1419,1
1454,1
1473,1
1474,1
1475,1
1476,2
1478,1
1482,1
1483,1
1490,1
1494,1
1495,2
1496,2
1499,2
1500,1
1501,2
1502,1
1503,1
1504,2
1505,3
1506,4
1507,1
1508,4
1509,3
1510,1
1511,1
1512,2
1513,2
1514,3
1515,1
1516,2
1517,2
1519,4
1520,2
1521,2
1522,3
1523,6
1524,1
1525,6
1526,4
1527,3
1528,1
1529,4
1530,4
1531,2
1532,5
1533,7
1534,4
1535,1
1536,5
1537,9
1538,4
1539,6
1540,6
1541,9
1542,5
1543,9
1544,5
1545,2
1546,10
1547,10
1548,12
1549,13
1550,12
1551,13
1552,9
1553,8
1554,7
1555,12
1556,7
1557,12
1558,13
1559,8
1560,11
1561,18
1562,12
1563,11
1564,16
1565,15
1566,15
1567,17
1568,11
1569,20
1570,17
1571,19
1572,21
1573,15
1574,22
1575,19
1576,19
1577,24
1578,36
1579,27
1580,27
1581,31
1582,26
1583,31
1584,32
1585,26
1586,34
1587,28
1588,30
1589,36
1590,35
1591,38
1592,33
1593,30
1594,33
1595,37
1596,36
1597,34
1598,43
1599,44
1600,46
1601,46
1602,46
1603,42
1604,58
1605,71
1606,54
1607,67
1608,49
1609,62
1610,57
1611,61
1612,64
1613,71
1614,71
1615,81
1616,94
1617,63
1618,71
1619,71
1620,67
1621,78
1622,84
1623,89
1624,109
1625,76
1626,93
1627,106
1628,108
1629,111
1630,112
1631,97
1632,86
1633,122
1634,130
1635,117
1636,127
1637,134
1638,166
1639,145
1640,153
1641,138
1642,174
1643,127
1644,159
1645,142
1646,169
1647,174
1648,178
1649,206
1650,170
1651,215
1652,191
1653,199
1654,190
1655,214
1656,216
1657,219
1658,192
1659,210
1660,231
1661,227
1662,240
1663,252
1664,257
1665,288
1666,266
1667,279
1668,273
1669,279
1670,257
1671,281
1672,278
1673,303
1674,322
1675,339
1676,346
1677,326
1678,376
1679,359
1680,395
1681,392
1682,382
1683,380
1684,436
1685,405
1686,430
1687,411
1688,403
1689,445
1690,435
1691,473
1692,500
1693,478
1694,531
1695,498
1696,487
1697,554
1698,540
1699,528
1700,552
1701,551
1702,565
1703,601
1704,610
1705,620
1706,647
1707,657
1708,639
1709,662
1710,691
1711,706
1712,773
1713,718
1714,722
1715,715
1716,734
1717,729
1718,791
1719,841
1720,834
1721,844
1722,817
1723,857
1724,882
1725,912
1726,871
1727,933
1728,1000
1729,951
1730,1009
1731,1039
1732,1018
1733,1063
1734,1112
1735,1089
1736,1105
1737,1086
1738,1142
1739,1174
1740,1174
1741,1177
1742,1191
1743,1269
1744,1240
1745,1346
1746,1392
1747,1284
1748,1332
1749,1391
1750,1431
1751,1424
1752,1423
1753,1498
1754,1428
1755,1526
1756,1478
1757,1592
1758,1572
1759,1579
1760,1681
1761,1697
1762,1659
1763,1721
1764,1732
1765,1846
1766,1824
1767,1807
1768,1771
1769,1904
1770,1856
1771,1977
1772,2000
1773,2019
1774,2099
1775,2127
1776,2087
1777,2095
1778,2160
1779,2150
1780,2274
1781,2200
1782,2196
1783,2334
1784,2239
1785,2347
1786,2398
1787,2518
1788,2511
1789,2542
1790,2530
1791,2483
1792,2517
1793,2515
1794,2691
1795,2688
1796,2680
1797,2777
1798,2717
1799,2781
1800,2770
1801,2888
1802,2918
1803,2864
1804,3059
1805,3059
1806,3063
1807,3143
1808,3098
1809,3224
1810,3234
1811,3278
1812,3325
1813,3309
1814,3288
1815,3373
1816,3565
1817,3617
1818,3457
1819,3536
1820,3457
1821,3563
1822,3686
1823,3677
1824,3734
1825,3668
1826,3876
1827,3805
1828,3869
1829,3934
1830,3756
1831,4091
1832,4158
1833,4064
1834,4159
1835,4116
1836,4262
1837,4352
1838,4368
1839,4394
1840,4280
1841,4414
1842,4408
1843,4626
1844,4491
1845,4708
1846,4735
1847,4766
1848,4688
1849,4728
1850,4848
1851,4592
1852,4950
1853,4980
1854,4979
1855,5092
1856,5124
1857,5212
1858,5141
1859,5158
1860,5300
1861,5170
1862,5318
1863,5527
1864,5426
1865,5526
1866,5403
1867,5645
1868,5660
1869,5518
1870,5821
1871,5847
1872,5702
1873,5827
1874,5868
1875,6015
1876,6034
1877,5978
1878,6064
1879,6027
1880,6110
1881,6211
1882,6241
1883,6314
1884,6419
1885,6538
1886,6516
1887,6450
1888,6404
1889,6601
1890,6733
1891,6662
1892,6693
1893,6814
1894,6803
1895,6910
1896,6854
1897,7080
1898,6925
1899,7138
1900,6968
1901,7179
1902,7188
1903,7192
1904,7320
1905,7382
1906,7470
1907,7562
1908,7546
1909,7446
1910,7611
1911,7552
1912,7724
1913,7680
1914,7680
1915,7864
1916,7730
1917,7765
1918,7858
1919,7957
1920,8016
1921,8000
1922,8229
1923,8029
1924,8247
1925,8154
1926,8141
1927,8278
1928,8248
1929,8337
1930,8324
1931,8509
1932,8487
1933,8429
1934,8660
1935,8610
1936,8710
1937,8782
1938,8854
1939,8742
1940,8928
1941,8670
1942,8770
1943,8829
1944,9070
1945,9014
1946,9017
1947,9232
1948,9115
1949,9226
1950,9154
1951,9389
1952,9561
1953,9463
1954,9431
1955,9438
1956,9616
1957,9414
1958,9637
1959,9675
1960,9721
1961,9671
1962,9886
1963,9789
1964,9963
1965,9761
1966,9906
1967,9938
1968,9824
1969,9996
1970,10103
1971,10208
1972,10233
1973,10311
1974,10008
1975,10167
1976,10195
1977,10155
1978,10368
1979,10263
1980,10424
1981,10375
1982,10566
1983,10330
1984,10583
1985,10538
1986,10536
1987,10691
1988,10711
1989,10732
1990,10708
1991,10720
1992,10739
1993,10753
1994,11014
1995,10942
1996,10824
1997,11142
1998,10971
1999,11023
2000,10969
2001,10911
2002,11195
2003,10975
2004,11143
2005,11120
2006,11198
2007,11256
2008,11060
2009,11359
2010,11281
2011,11402
2012,11232
2013,11324
2014,11181
2015,11323
2016,11285
2017,11427
2018,11658
2019,11231
2020,11394
2021,11530
2022,11420
2023,11536
2024,11471
2025,11534
2026,11403
2027,11621
2028,11672
2029,11696
2030,11614
2031,11728
2032,11503
2033,11891
2034,11826
2035,11459
2036,11879
2037,11644
2038,11455
2039,11872
2040,11877
2041,11779
2042,12057
2043,11902
2044,11900
2045,11956
2046,11972
2047,12012
2048,11862
2049,11854
2050,12026
2051,11929
2052,11832
2053,11792
2054,11885
2055,12193
2056,12020
2057,11969
2058,12004
2059,12222
2060,11915
2061,12108
2062,12268
2063,12059
2064,12082
2065,12287
2066,12051
2067,12196
2068,11867
2069,11932
2070,12033
2071,12274
2072,12151
2073,12028
2074,12140
2075,11911
2076,12207
2077,12070
2078,11918
2079,12223
2080,12083
2081,12117
2082,12111
2083,12143
2084,12073
2085,11921
2086,12145
2087,12113
2088,11951
2089,12185
2090,12206
2091,12169
2092,12195
2093,11969
2094,11980
2095,12064
2096,11997
2097,12185
2098,11816
2099,12098
2100,11921
2101,12196
2102,11857
2103,12047
2104,12281
2105,11860
2106,12052
2107,12133
2108,12140
2109,12120
2110,12151
2111,11745
2112,11959
2113,12045
2114,12052
2115,11784
2116,11952
2117,11929
2118,11886
2119,11826
2120,11833
2121,11795
2122,11850
2123,11865
2124,11847
2125,11791
2126,11783
2127,11780
2128,11753
2129,11902
2130,11869
2131,11708
2132,11815
2133,11544
2134,11845
2135,11646
2136,11639
2137,11603
2138,11623
2139,11711
2140,11640
2141,11569
2142,11321
2143,11386
2144,11499
2145,11416
2146,11449
2147,11540
2148,11247
2149,11272
2150,11524
2151,11445
2152,11498
2153,11240
2154,11361
2155,11601
2156,11156
2157,11325
2158,11315
2159,11230
2160,11198
2161,11241
2162,11348
2163,11181
2164,11043
2165,11130
2166,11097
2167,11268
2168,11013
2169,11155
2170,11059
2171,10918
2172,10989
2173,10728
2174,10806
2175,10910
2176,10728
2177,10753
2178,10705
2179,10766
2180,10891
2181,10773
2182,10735
2183,10739
2184,10630
2185,10759
2186,10590
2187,10569
2188,10485
2189,10576
2190,10569
2191,10515
2192,10514
2193,10561
2194,10417
2195,10555
2196,10386
2197,10294
2198,10469
2199,10261
2200,10383
2201,10118
2202,10205
2203,10328
2204,10115
2205,10076
2206,10159
2207,10123
2208,10247
2209,9987
2210,10023
2211,10037
2212,9924
2213,10061
2214,9859
2215,9899
2216,9736
2217,9657
2218,9838
2219,9755
2220,9752
2221,9884
2222,9583
2223,9802
2224,9560
2225,9519
2226,9421
2227,9562
2228,9496
2229,9452
2230,9589
2231,9193
2232,9202
2233,9033
2234,9353
2235,9382
2236,9231
2237,9212
2238,9301
2239,9168
2240,9010
2241,9141
2242,8917
2243,8992
2244,9005
2245,8864
2246,9033
2247,8898
2248,8645
2249,8830
2250,8882
2251,8677
2252,8469
2253,8802
2254,8697
2255,8622
2256,8794
2257,8716
2258,8722
2259,8525
2260,8515
2261,8544
2262,8428
2263,8294
2264,8450
2265,8310
2266,8300
2267,8462
2268,8262
2269,8265
2270,8239
2271,8189
2272,8130
2273,8153
2274,8079
2275,8035
2276,8018
2277,8008
2278,7939
2279,8027
2280,7719
2281,7754
2282,7885
2283,7775
2284,7791
2285,7721
2286,7671
2287,7775
2288,7676
2289,7665
2290,7617
2291,7653
2292,7462
2293,7540
2294,7408
2295,7488
2296,7439
2297,7433
2298,7418
2299,7335
2300,7256
2301,7396
2302,7178
2303,7164
2304,7263
2305,7217
2306,7154
2307,7174
2308,6951
2309,6970
2310,6951
2311,7024
2312,7000
2313,6965
2314,6793
2315,6888
2316,6836
2317,6741
2318,6872
2319,6776
2320,6684
2321,6706
2322,6738
2323,6577
2324,6685
2325,6639
2326,6636
2327,6533
2328,6551
2329,6493
2330,6503
2331,6328
2332,6332
2333,6384
2334,6273
2335,6448
2336,6233
2337,6100
2338,6241
2339,6303
2340,6140
2341,6137
2342,6201
2343,5933
2344,6072
2345,5998
2346,6049
2347,5809
2348,5957
2349,5939
2350,5931
2351,5852
2352,5773
2353,5706
2354,5850
2355,5757
2356,5772
2357,5652
2358,5521
2359,5541
2360,5613
2361,5499
2362,5509
2363,5643
2364,5528
2365,5520
2366,5393
2367,5457
2368,5274
2369,5401
2370,5542
2371,5424
2372,5267
2373,5381
2374,5371
2375,5197
2376,5150
2377,5223
2378,5120
2379,5136
2380,4983
2381,5046
2382,4986
2383,4854
2384,5000
2385,4848
2386,4877
2387,4815
2388,5026
2389,4893
2390,4819
2391,4775
2392,4865
2393,4815
2394,4842
2395,4697
2396,4626
2397,4778
2398,4704
2399,4786
2400,4509
2401,4613
2402,4657
2403,4648
2404,4547
2405,4466
2406,4523
2407,4502
2408,4382
2409,4416
2410,4341
2411,4273
2412,4239
2413,4193
2414,4336
2415,4261
2416,4298
2417,4314
2418,4250
2419,4177
2420,4118
2421,4108
2422,4180
2423,4122
2424,4214
2425,4110
2426,3994
2427,3979
2428,3974
2429,3813
2430,3952
2431,3894
2432,3972
2433,3935
2434,3815
2435,3764
2436,3855
2437,3819
2438,3707
2439,3800
2440,3700
2441,3835
2442,3735
2443,3684
2444,3598
2445,3688
2446,3574
2447,3576
2448,3487
2449,3466
2450,3587
2451,3448
2452,3564
2453,3470
2454,3355
2455,3446
2456,3439
2457,3485
2458,3400
2459,3391
2460,3403
2461,3365
2462,3306
2463,3315
2464,3224
2465,3246
2466,3255
2467,3138
2468,3238
2469,3254
2470,3127
2471,3085
2472,3036
2473,3105
2474,3014
2475,3065
2476,3100
2477,3127
2478,2975
2479,3037
2480,2956
2481,3119
2482,2950
2483,2921
2484,3008
2485,2996
2486,2930
2487,2891
2488,2976
2489,2836
2490,2909
2491,2723
2492,2780
2493,2753
2494,2860
2495,2839
2496,2753
2497,2759
2498,2628
2499,2619
2500,2667
2501,2601
2502,2603
2503,2693
2504,2754
2505,2682
2506,2547
2507,2586
2508,2476
2509,2573
2510,2483
2511,2508
2512,2477
2513,2512
2514,2520
2515,2395
2516,2460
2517,2393
2518,2452
2519,2409
2520,2336
2521,2315
2522,2390
2523,2308
2524,2347
2525,2276
2526,2264
2527,2307
2528,2286
2529,2242
2530,2243
2531,2246
2532,2229
2533,2231
2534,2229
2535,2240
2536,2113
2537,2117
2538,2238
2539,2151
2540,2143
2541,2100
2542,2184
2543,2153
2544,2111
2545,2114
2546,2110
2547,2032
2548,2015
2549,2029
2550,1917
2551,1999
2552,1936
2553,2022
2554,1980
2555,1922
2556,1886
2557,2006
2558,1947
2559,1954
2560,1925
2561,1906
2562,1865
2563,1815
2564,1839
2565,1894
2566,1813
2567,1807
2568,1847
2569,1795
2570,1849
2571,1706
2572,1735
2573,1684
2574,1799
2575,1708
2576,1742
2577,1680
2578,1716
2579,1715
2580,1750
2581,1689
2582,1543
2583,1681
2584,1591
2585,1619
2586,1598
2587,1607
2588,1593
2589,1634
2590,1561
2591,1589
2592,1599
2593,1512
2594,1561
2595,1551
2596,1475
2597,1542
2598,1492
2599,1514
2600,1505
2601,1445
2602,1442
2603,1493
2604,1467
2605,1413
2606,1468
2607,1443
2608,1416
2609,1458
2610,1409
2611,1372
2612,1358
2613,1462
2614,1404
2615,1335
2616,1335
2617,1448
2618,1407
2619,1277
2620,1330
2621,1347
2622,1302
2623,1259
2624,1253
2625,1315
2626,1292
2627,1207
2628,1257
2629,1296
2630,1269
2631,1207
2632,1226
2633,1200
2634,1233
2635,1194
2636,1154
2637,1207
2638,1180
2639,1175
2640,1144
2641,1133
2642,1204
2643,1191
2644,1162
2645,1132
2646,1170
2647,1170
2648,1105
2649,1066
2650,1087
2651,1077
2652,1111
2653,1066
2654,1107
2655,1131
2656,1030
2657,1054
2658,1046
2659,1115
2660,1032
2661,1040
2662,1064
2663,1036
2664,1026
2665,999
2666,933
2667,1008
2668,1003
2669,994
2670,980
2671,1038
2672,1035
2673,955
2674,904
2675,965
2676,1000
2677,975
2678,922
2679,1023
2680,913
2681,956
2682,916
2683,893
2684,912
2685,917
2686,849
2687,886
2688,841
2689,912
2690,899
2691,884
2692,840
2693,862
2694,890
2695,856
2696,839
2697,841
2698,869
2699,853
2700,807
2701,820
2702,787
2703,787
2704,844
2705,804
2706,776
2707,788
2708,818
2709,770
2710,807
2711,709
2712,767
2713,768
2714,792
2715,743
2716,757
2717,728
2718,746
2719,682
2720,736
2721,781
2722,728
2723,755
2724,784
2725,704
2726,675
2727,719
2728,687
2729,645
2730,685
2731,673
2732,691
2733,659
2734,721
2735,665
2736,693
2737,709
2738,690
2739,686
2740,671
2741,641
2742,633
2743,608
2744,675
2745,640
2746,618
2747,587
2748,632
2749,613
2750,601
2751,603
2752,636
2753,617
2754,617
2755,597
2756,582
2757,546
2758,601
2759,563
2760,570
2761,640
2762,543
2763,564
2764,586
2765,601
2766,601
2767,598
2768,533
2769,574
2770,533
2771,556
2772,568
2773,572
2774,522
2775,546
2776,535
2777,522
2778,518
2779,559
2780,565
2781,504
2782,525
2783,500
2784,538
2785,521
2786,477
2787,538
2788,523
2789,503
2790,534
2791,473
2792,507
2793,523
2794,533
2795,543
2796,410
2797,472
2798,460
2799,460
2800,464
2801,463
2802,478
2803,491
2804,480
2805,450
2806,480
2807,470
2808,491
2809,439
2810,470
2811,450
2812,433
2813,446
2814,410
2815,412
2816,452
2817,426
2818,422
2819,412
2820,434
2821,444
2822,425
2823,423
2824,375
2825,423
2826,427
2827,427
2828,402
2829,411
2830,397
2831,383
2832,389
2833,382
2834,410
2835,424
2836,407
2837,390
2838,417
2839,383
2840,374
2841,335
2842,400
2843,370
2844,396
2845,343
2846,358
2847,403
2848,384
2849,347
2850,378
2851,353
2852,379
2853,362
2854,352
2855,355
2856,372
2857,355
2858,348
2859,369
2860,361
2861,344
2862,317
2863,380
2864,357
2865,367
2866,344
2867,348
2868,380
2869,347
2870,364
2871,363
2872,292
2873,362
2874,303
2875,319
2876,327
2877,353
2878,364
2879,319
2880,315
2881,303
2882,320
2883,303
2884,344
2885,332
2886,293
2887,311
2888,293
2889,316
2890,292
2891,294
2892,310
2893,309
2894,331
2895,293
2896,284
2897,310
2898,261
2899,304
2900,306
2901,305
2902,305
2903,310
2904,277
2905,326
2906,280
2907,282
2908,300
2909,288
2910,283
2911,289
2912,278
2913,291
2914,272
2915,262
2916,290
2917,276
2918,297
2919,258
2920,287
2921,262
2922,244
2923,243
2924,258
2925,256
2926,247
2927,268
2928,267
2929,284
2930,258
2931,285
2932,232
2933,259
2934,264
2935,229
2936,267
2937,242
2938,248
2939,243
2940,282
2941,232
2942,250
2943,235
2944,242
2945,244
2946,260
2947,258
2948,234
2949,238
2950,231
2951,209
2952,231
2953,226
2954,233
2955,256
2956,246
2957,222
2958,240
2959,202
2960,210
2961,237
2962,225
2963,233
2964,231
2965,233
2966,219
2967,226
2968,214
2969,247
2970,228
2971,203
2972,217
2973,199
2974,213
2975,220
2976,219
2977,239
2978,199
2979,208
2980,192
2981,192
2982,197
2983,201
2984,191
2985,206
2986,205
2987,198
2988,203
2989,190
2990,172
2991,205
2992,221
2993,185
2994,181
2995,214
2996,173
2997,226
2998,159
2999,174
3000,193
3001,181
3002,164
3003,159
3004,186
3005,201
3006,188
3007,159
3008,170
3009,171
3010,169
3011,190
3012,186
3013,163
3014,166
3015,195
3016,191
3017,183
3018,159
3019,180
3020,164
3021,152
3022,160
3023,143
3024,176
3025,180
3026,150
3027,153
3028,165
3029,153
3030,157
3031,167
3032,178
3033,168
3034,150
3035,152
3036,169
3037,144
3038,142
3039,146
3040,147
3041,160
3042,148
3043,137
3044,139
3045,147
3046,155
3047,152
3048,153
3049,151
3050,152
3051,146
3052,139
3053,137
3054,128
3055,138
3056,145
3057,123
3058,136
3059,129
3060,113
3061,131
3062,116
3063,121
3064,123
3065,120
3066,131
3067,141
3068,128
3069,129
3070,152
3071,126
3072,125
3073,135
3074,130
3075,127
3076,127
3077,126
3078,128
3079,109
3080,139
3081,128
3082,119
3083,115
3084,122
3085,129
3086,114
3087,100
3088,132
3089,114
3090,95
3091,117
3092,120
3093,103
3094,128
3095,110
3096,99
3097,101
3098,117
3099,93
3100,107
3101,113
3102,97
3103,109
3104,116
3105,102
3106,96
3107,94
3108,93
3109,117
3110,98
3111,100
3112,105
3113,116
3114,93
3115,102
3116,86
3117,125
3118,106
3119,97
3120,90
3121,114
3122,96
3123,106
3124,111
3125,89
3126,121
3127,93
3128,96
3129,98
3130,101
3131,94
3132,96
3133,105
3134,77
3135,83
3136,79
3137,89
3138,75
3139,88
3140,109
3141,92
3142,91
3143,91
3144,84
3145,85
3146,91
3147,98
3148,102
3149,94
3150,77
3151,90
3152,86
3153,79
3154,69
3155,93
3156,90
3157,85
3158,73
3159,88
3160,69
3161,101
3162,75
3163,77
3164,67
3165,89
3166,85
3167,94
3168,88
3169,73
3170,71
3171,78
3172,81
3173,88
3174,74
3175,87
3176,83
3177,83
3178,96
3179,87
3180,85
3181,66
3182,94
3183,79
3184,58
3185,85
3186,90
3187,68
3188,74
3189,74
3190,74
3191,81
3192,80
3193,76
3194,74
3195,69
3196,76
3197,75
3198,71
3199,87
3200,54
3201,73
3202,80
3203,81
3204,47
3205,56
3206,65
3207,63
3208,71
3209,85
3210,64
3211,81
3212,63
3213,56
3214,79
3215,66
3216,70
3217,64
3218,66
3219,83
3220,68
3221,76
3222,88
3223,66
3224,74
3225,63
3226,59
3227,84
3228,65
3229,63
3230,59
3231,62
3232,74
3233,66
3234,66
3235,56
3236,58
3237,56
3238,75
3239,83
3240,73
3241,60
3242,63
3243,67
3244,48
3245,64
3246,46
3247,63
3248,52
3249,55
3250,79
3251,70
3252,65
3253,64
3254,70
3255,76
3256,64
3257,70
3258,64
3259,77
3260,74
3261,63
3262,72
3263,57
3264,66
3265,60
3266,51
3267,73
3268,66
3269,80
3270,75
3271,78
3272,63
3273,61
3274,53
3275,45
3276,65
3277,54
3278,63
3279,47
3280,62
3281,62
3282,79
3283,64
3284,56
3285,68
3286,64
3287,50
3288,65
3289,60
3290,50
3291,51
3292,58
3293,63
3294,56
3295,69
3296,61
3297,60
3298,54
3299,54
3300,54
3301,66
3302,64
3303,55
3304,63
3305,60
3306,66
3307,51
3308,63
3309,60
3310,52
3311,57
3312,48
3313,50
3314,52
3315,75
3316,65
3317,74
3318,51
3319,59
3320,68
3321,57
3322,55
3323,57
3324,58
3325,63
3326,60
3327,51
3328,62
3329,61
3330,38
3331,40
3332,47
3333,52
3334,60
3335,47
3336,64
3337,63
3338,61
3339,66
3340,61
3341,52
3342,47
3343,48
3344,68
3345,61
3346,48
3347,71
3348,61
3349,50
3350,67
3351,60
3352,43
3353,57
3354,52
3355,66
3356,59
3357,54
3358,66
3359,57
3360,71
3361,57
3362,62
3363,58
3364,62
3365,54
3366,50
3367,54
3368,54
3369,55
3370,73
3371,55
3372,54
3373,52
3374,62
3375,59
3376,49
3377,46
3378,54
3379,57
3380,60
3381,51
3382,70
3383,52
3384,67
3385,53
3386,59
3387,72
3388,66
3389,53
3390,69
3391,70
3392,63
3393,59
3394,67
3395,34
3396,82
3397,67
3398,81
3399,51
3400,65
3401,72
3402,70
3403,60
3404,60
3405,49
3406,63
3407,77
3408,63
3409,63
3410,57
3411,75
3412,53
3413,61
3414,50
3415,52
3416,67
3417,68
3418,65
3419,57
3420,55
3421,55
3422,60
3423,63
3424,69
3425,60
3426,59
3427,62
3428,63
3429,59
3430,61
3431,59
3432,45
3433,48
3434,60
3435,66
3436,57
3437,47
3438,69
3439,52
3440,53
3441,47
3442,55
3443,56
3444,50
3445,64
3446,72
3447,54
3448,65
3449,52
3450,54
3451,74
3452,51
3453,56
3454,59
3455,57
3456,53
3457,71
3458,59
3459,50
3460,49
3461,60
3462,58
3463,63
3464,62
3465,52
3466,71
3467,54
3468,54
3469,58
3470,56
3471,75
3472,61
3473,57
3474,64
3475,62
3476,68
3477,71
3478,52
3479,55
3480,74
3481,58
3482,50
3483,61
3484,54
3485,56
3486,59
3487,69
3488,44
3489,56
3490,51
3491,47
3492,55
3493,68
3494,55
3495,60
3496,62
3497,62
3498,62
3499,67
3500,57
3501,59
3502,59
3503,56
3504,57
3505,59
3506,61
3507,61
3508,77
3509,58
3510,51
3511,58
3512,65
3513,54
3514,58
3515,46
3516,62
3517,60
3518,45
3519,46
3520,59
3521,54
3522,55
3523,58
3524,65
3525,65
3526,47
3527,45
3528,50
3529,54
3530,67
3531,55
3532,50
3533,59
3534,52
3535,47
3536,58
3537,45
3538,64
3539,62
3540,47
3541,46
3542,57
3543,52
3544,56
3545,58
3546,57
3547,45
3548,61
3549,56
3550,53
3551,53
3552,56
3553,59
3554,52
3555,62
3556,66
3557,49
3558,63
3559,53
3560,57
3561,54
3562,55
3563,61
3564,54
3565,52
3566,68
3567,54
3568,57
3569,54
3570,41
3571,62
3572,46
3573,57
3574,60
3575,48
3576,52
3577,56
3578,42
3579,56
3580,57
3581,62
3582,49
3583,60
3584,66
3585,55
3586,56
3587,45
3588,50
3589,52
3590,46
3591,57
3592,54
3593,52
3594,62
3595,53
3596,44
3597,52
3598,37
3599,38
3600,40
3601,54
3602,40
3603,37
3604,55
3605,55
3606,54
3607,51
3608,45
3609,49
3610,39
3611,34
3612,48
3613,46
3614,43
3615,57
3616,49
3617,46
3618,45
3619,53
3620,57
3621,54
3622,48
3623,50
3624,44
3625,50
3626,42
3627,50
3628,49
3629,43
3630,51
3631,53
3632,50
3633,54
3634,57
3635,42
3636,46
3637,45
3638,49
3639,47
3640,33
3641,37
3642,40
3643,49
3644,54
3645,32
3646,44
3647,48
3648,48
3649,39
3650,43
3651,61
3652,41
3653,53
3654,33
3655,44
3656,49
3657,44
3658,42
3659,32
3660,34
3661,59
3662,40
3663,41
3664,46
3665,43
3666,28
3667,42
3668,42
3669,50
3670,39
3671,43
3672,49
3673,44
3674,55
3675,41
3676,50
3677,40
3678,42
3679,46
3680,42
3681,52
3682,46
3683,45
3684,40
3685,37
3686,41
3687,35
3688,44
3689,38
3690,33
3691,37
3692,41
3693,47
3694,34
3695,41
3696,34
3697,36
3698,31
3699,40
3700,43
3701,40
3702,44
3703,41
3704,29
3705,31
3706,37
3707,42
3708,35
3709,32
3710,40
3711,33
3712,27
3713,42
3714,45
3715,44
3716,42
3717,40
3718,31
3719,49
3720,33
3721,31
3722,36
3723,44
3724,48
3725,39
3726,42
3727,35
3728,35
3729,24
3730,26
3731,33
3732,41
3733,35
3734,36
3735,33
3736,40
3737,39
3738,45
3739,37
3740,35
3741,23
3742,38
3743,27
3744,36
3745,27
3746,35
3747,37
3748,22
3749,22
3750,36
3751,32
3752,34
3753,42
3754,39
3755,37
3756,42
3757,27
3758,40
3759,32
3760,27
3761,37
3762,23
3763,32
3764,33
3765,38
3766,33
3767,33
3768,36
3769,35
3770,32
3771,34
3772,36
3773,28
3774,41
3775,45
3776,40
3777,36
3778,43
3779,40
3780,34
3781,34
3782,32
3783,21
3784,30
3785,38
3786,30
3787,37
3788,30
3789,16
3790,39
3791,30
3792,42
3793,39
3794,34
3795,25
3796,34
3797,32
3798,42
3799,29
3800,35
3801,34
3802,23
3803,33
3804,30
3805,24
3806,34
3807,25
3808,31
3809,27
3810,27
3811,30
3812,29
3813,23
3814,30
3815,35
3816,32
3817,24
3818,27
3819,37
3820,24
3821,30
3822,36
3823,24
3824,35
3825,35
3826,33
3827,35
3828,35
3829,31
3830,32
3831,18
3832,32
3833,31
3834,26
3835,27
3836,21
3837,35
3838,32
3839,28
3840,27
3841,31
3842,17
3843,26
3844,25
3845,22
3846,26
3847,27
3848,25
3849,25
3850,27
3851,21
3852,24
3853,27
3854,25
3855,27
3856,35
3857,30
3858,23
3859,23
3860,24
3861,30
3862,24
3863,28
3864,26
3865,23
3866,23
3867,25
3868,21
3869,22
3870,27
3871,36
3872,25
3873,31
3874,32
3875,33
3876,13
3877,28
3878,18
3879,17
3880,29
3881,18
3882,24
3883,22
3884,25
3885,15
3886,26
3887,29
3888,25
3889,24
3890,28
3891,26
3892,21
3893,25
3894,26
3895,21
3896,18
3897,25
3898,29
3899,21
3900,34
3901,30
3902,24
3903,33
3904,26
3905,21
3906,31
3907,17
3908,23
3909,28
3910,21
3911,30
3912,14
3913,25
3914,23
3915,23
3916,28
3917,24
3918,19
3919,16
3920,16
3921,18
3922,17
3923,14
3924,27
3925,24
3926,17
3927,29
3928,19
3929,16
3930,14
3931,22
3932,21
3933,26
3934,16
3935,13
3936,24
3937,18
3938,24
3939,19
3940,25
3941,27
3942,20
3943,22
3944,19
3945,15
3946,14
3947,26
3948,26
3949,18
3950,16
3951,26
3952,19
3953,16
3954,13
3955,21
3956,19
3957,22
3958,21
3959,20
3960,25
3961,15
3962,25
3963,21
3964,24
3965,21
3966,12
3967,19
3968,18
3969,21
3970,24
3971,18
3972,17
3973,13
3974,18
3975,21
3976,18
3977,13
3978,18
3979,20
3980,15
3981,20
3982,17
3983,15
3984,14
3985,13
3986,18
3987,26
3988,18
3989,17
3990,13
3991,10
3992,8
3993,16
3994,20
3995,11
3996,15
3997,12
3998,13
3999,15
4000,12
4001,15
4002,21
4003,12
4004,17
4005,7
4006,14
4007,8
4008,19
4009,17
4010,12
4011,13
4012,12
4013,15
4014,10
4015,7
4016,12
4017,19
4018,22
4019,10
4020,14
4021,11
4022,11
4023,18
4024,19
4025,15
4026,8
4027,4
4028,14
4029,11
4030,10
4031,10
4032,10
4033,14
4034,16
4035,17
4036,15
4037,10
4038,13
4039,14
4040,11
4041,20
4042,13
4043,6
4044,13
4045,8
4046,10
4047,12
4048,13
4049,10
4050,15
4051,15
4052,17
4053,15
4054,10
4055,16
4056,15
4057,6
4058,10
4059,10
4060,14
4061,9
4062,16
4063,10
4064,4
4065,15
4066,13
4067,8
4068,10
4069,7
4070,5
4071,9
4072,10
4073,13
4074,9
4075,13
4076,17
4077,10
4078,13
4079,9
4080,12
4081,19
4082,11
4083,12
4084,11
4085,12
4086,12
4087,12
4088,8
4089,10
4090,10
4091,8
4092,6
4093,15
4094,10
4095,8
4096,17
4097,11
4098,10
4099,11
4100,14
4101,10
4102,17
4103,12
4104,11
4105,7
4106,12
4107,5
4108,11
4109,18
4110,10
4111,10
4112,7
4113,14
4114,12
4115,14
4116,10
4117,14
4118,11
4119,16
4120,13
4121,9
4122,12
4123,8
4124,11
4125,17
4126,12
4127,12
4128,10
4129,7
4130,15
4131,10
4132,12
4133,12
4134,13
4135,16
4136,13
4137,14
4138,16
4139,12
4140,16
4141,15
4142,18
4143,10
4144,9
4145,18
4146,6
4147,13
4148,13
4149,16
4150,16
4151,9
4152,15
4153,17
4154,7
4155,15
4156,13
4157,10
4158,6
4159,15
4160,7
4161,11
4162,10
4163,18
4164,10
4165,15
4166,7
4167,13
4168,13
4169,16
4170,14
4171,11
4172,21
4173,7
4174,21
4175,18
4176,30
4177,12
4178,19
4179,16
4180,12
4181,18
4182,12
4183,13
4184,15
4185,17
4186,21
4187,23
4188,19
4189,21
4190,20
4191,12
4192,15
4193,14
4194,15
4195,23
4196,26
4197,18
4198,21
4199,29
4200,13
4201,25
4202,17
4203,14
4204,16
4205,21
4206,23
4207,21
4208,23
4209,22
4210,19
4211,10
4212,18
4213,23
4214,15
4215,24
4216,16
4217,17
4218,19
4219,32
4220,21
4221,22
4222,21
4223,25
4224,18
4225,29
4226,20
4227,8
4228,20
4229,21
4230,24
4231,20
4232,23
4233,13
4234,23
4235,23
4236,20
4237,27
4238,19
4239,14
4240,23
4241,20
4242,27
4243,22
4244,34
4245,24
4246,31
4247,27
4248,27
4249,18
4250,26
4251,24
4252,29
4253,30
4254,25
4255,29
4256,20
4257,35
4258,38
4259,30
4260,29
4261,27
4262,28
4263,22
4264,30
4265,25
4266,22
4267,26
4268,37
4269,26
4270,24
4271,29
4272,25
4273,29
4274,36
4275,26
4276,24
4277,31
4278,26
4279,33
4280,29
4281,25
4282,23
4283,30
4284,24
4285,20
4286,25
4287,24
4288,29
4289,37
4290,25
4291,30
4292,28
4293,26
4294,43
4295,30
4296,26
4297,29
4298,27
4299,26
4300,37
4301,24
4302,31
4303,32
4304,39
4305,28
4306,33
4307,36
4308,26
4309,32
4310,37
4311,51
4312,31
4313,43
4314,29
4315,37
4316,50
4317,36
4318,45
4319,32
4320,26
4321,37
4322,42
4323,40
4324,45
4325,36
4326,45
4327,42
4328,29
4329,41
4330,33
4331,39
4332,32
4333,53
4334,48
4335,34
4336,39
4337,44
4338,37
4339,31
4340,35
4341,47
4342,37
4343,24
4344,27
4345,35
4346,34
4347,31
4348,35
4349,22
4350,24
4351,37
4352,32
4353,41
4354,38
4355,45
4356,35
4357,38
4358,32
4359,44
4360,49
4361,34
4362,32
4363,40
4364,35
4365,48
4366,41
4367,43
4368,44
4369,54
4370,30
4371,28
4372,43
4373,51
4374,43
4375,41
4376,47
4377,38
4378,40
4379,45
4380,42
4381,44
4382,47
4383,36
4384,43
4385,39
4386,44
4387,42
4388,40
4389,42
4390,39
4391,40
4392,40
4393,30
4394,37
4395,43
4396,38
4397,34
4398,51
4399,44
4400,42
4401,35
4402,35
4403,41
4404,45
4405,40
4406,40
4407,40
4408,34
4409,41
4410,34
4411,54
4412,46
4413,38
4414,42
4415,46
4416,38
4417,35
4418,51
4419,37
4420,40
4421,31
4422,41
4423,46
4424,33
4425,45
4426,43
4427,50
4428,40
4429,39
4430,43
4431,46
4432,56
4433,45
4434,38
4435,33
4436,45
4437,32
4438,37
4439,51
4440,44
4441,53
4442,35
4443,38
4444,45
4445,54
4446,56
4447,45
4448,42
4449,44
4450,36
4451,44
4452,33
4453,44
4454,47
4455,47
4456,50
4457,47
4458,39
4459,37
4460,48
4461,36
4462,43
4463,50
4464,36
4465,30
4466,29
4467,47
4468,36
4469,35
4470,41
4471,32
4472,34
4473,37
4474,42
4475,31
4476,31
4477,38
4478,35
4479,25
4480,26
4481,37
4482,34
4483,31
4484,41
4485,27
4486,32
4487,44
4488,27
4489,48
4490,32
4491,42
4492,41
4493,40
4494,40
4495,28
4496,35
4497,24
4498,31
4499,39
4500,34
4501,26
4502,39
4503,29
4504,32
4505,32
4506,37
4507,36
4508,28
4509,36
4510,37
4511,27
4512,28
4513,30
4514,28
4515,25
4516,19
4517,47
4518,27
4519,35
4520,29
4521,43
4522,19
4523,18
4524,23
4525,32
4526,38
4527,37
4528,27
4529,25
4530,29
4531,25
4532,28
4533,25
4534,21
4535,32
4536,17
4537,25
4538,22
4539,25
4540,30
4541,35
4542,34
4543,33
4544,20
4545,23
4546,27
4547,20
4548,22
4549,23
4550,32
4551,21
4552,25
4553,27
4554,22
4555,19
4556,14
4557,26
4558,21
4559,27
4560,33
4561,16
4562,19
4563,19
4564,22
4565,28
4566,17
4567,24
4568,20
4569,22
4570,22
4571,17
4572,23
4573,16
4574,22
4575,16
4576,18
4577,22
4578,24
4579,15
4580,18
4581,9
4582,17
4583,15
4584,19
4585,16
4586,14
4587,14
4588,17
4589,20
4590,14
4591,29
4592,17
4593,15
4594,29
4595,16
4596,14
4597,15
4598,14
4599,20
4600,16
4601,17
4602,19
4603,15
4604,11
4605,12
4606,18
4607,13
4608,9
4609,16
4610,12
4611,15
4612,20
4613,17
4614,9
4615,10
4616,15
4617,12
4618,12
4619,21
4620,12
4621,19
4622,11
4623,17
4624,11
4625,14
4626,16
4627,15
4628,10
4629,10
4630,12
4631,14
4632,13
4633,15
4634,13
4635,8
4636,14
4637,18
4638,15
4639,23
4640,12
4641,11
4642,7
4643,8
4644,16
4645,14
4646,8
4647,12
4648,8
4649,11
4650,11
4651,11
4652,9
4653,8
4654,11
4655,8
4656,4
4657,9
4658,13
4659,11
4660,10
4661,10
4662,11
4663,7
4664,10
4665,7
4666,6
4667,10
4668,9
4669,4
4670,9
4671,8
4672,15
4673,6
4674,7
4675,14
4676,10
4677,10
4678,10
4679,4
4680,9
4681,8
4682,5
4683,11
4684,7
4685,7
4686,8
4687,5
4688,7
4689,11
4690,10
4691,9
4692,7
4693,21
4694,11
4695,13
4696,11
4697,6
4698,9
4699,12
4700,13
4701,8
4702,13
4703,8
4704,13
4705,8
4706,6
4707,7
4708,12
4709,14
4710,11
4711,6
4712,3
4713,10
4714,9
4715,7
4716,8
4717,7
4718,7
4719,13
4720,10
4721,14
4722,7
4723,6
4724,14
4725,10
4726,5
4727,6
4728,7
4729,10
4730,10
4731,10
4732,11
4733,6
4734,8
4735,7
4736,18
4737,12
4738,8
4739,5
4740,6
4741,15
4742,8
4743,14
4744,10
4745,10
4746,4
4747,10
4748,11
4749,7
4750,14
4751,9
4752,16
4753,11
4754,15
4755,5
4756,7
4757,17
4758,16
4759,14
4760,21
4761,11
4762,7
4763,11
4764,9
4765,15
4766,6
4767,18
4768,10
4769,13
4770,12
4771,13
4772,13
4773,7
4774,10
4775,8
4776,15
4777,12
4778,11
4779,11
4780,14
4781,12
4782,9
4783,10
4784,9
4785,17
4786,11
4787,11
4788,6
4789,19
4790,15
4791,15
4792,19
4793,9
4794,12
4795,18
4796,15
4797,18
4798,14
4799,15
4800,15
4801,16
4802,12
4803,14
4804,18
4805,16
4806,15
4807,19
4808,15
4809,23
4810,20
4811,16
4812,23
4813,12
4814,13
4815,19
4816,13
4817,19
4818,20
4819,19
4820,11
4821,29
4822,21
4823,12
4824,24
4825,20
4826,17
4827,14
4828,13
4829,17
4830,21
4831,15
4832,21
4833,20
4834,18
4835,17
4836,15
4837,18
4838,17
4839,25
4840,21
4841,28
4842,19
4843,20
4844,23
4845,22
4846,17
4847,23
4848,20
4849,19
4850,38
4851,16
4852,21
4853,25
4854,19
4855,27
4856,21
4857,23
4858,24
4859,33
4860,19
4861,13
4862,26
4863,28
4864,27
4865,31
4866,28
4867,33
4868,25
4869,30
4870,29
4871,32
4872,25
4873,33
4874,29
4875,38
4876,33
4877,32
4878,27
4879,33
4880,24
4881,27
4882,26
4883,30
4884,31
4885,36
4886,25
4887,23
4888,32
4889,28
4890,36
4891,29
4892,36
4893,27
4894,43
4895,44
4896,39
4897,33
4898,36
4899,29
4900,27
4901,26
4902,41
4903,29
4904,31
4905,36
4906,42
4907,35
4908,40
4909,32
4910,40
4911,39
4912,28
4913,34
4914,35
4915,34
4916,31
4917,39
4918,25
4919,41
4920,36
4921,37
4922,38
4923,40
4924,46
4925,45
4926,50
4927,42
4928,39
4929,33
4930,46
4931,38
4932,39
4933,41
4934,38
4935,28
4936,39
4937,43
4938,38
4939,45
4940,42
4941,39
4942,43
4943,51
4944,42
4945,41
4946,45
4947,42
4948,30
4949,32
4950,42
4951,55
4952,54
4953,40
4954,56
4955,51
4956,34
4957,40
4958,34
4959,25
4960,56
4961,53
4962,48
4963,51
4964,38
4965,36
4966,42
4967,40
4968,40
4969,38
4970,45
4971,40
4972,53
4973,45
4974,47
4975,46
4976,47
4977,47
4978,51
4979,45
4980,48
4981,37
4982,40
4983,46
4984,44
4985,43
4986,50
4987,43
4988,42
4989,43
4990,40
4991,35
4992,52
4993,40
4994,32
4995,42
4996,56
4997,50
4998,40
4999,42
5000,55
5001,49
5002,40
5003,51
5004,49
5005,57
5006,40
5007,51
5008,43
5009,40
5010,32
5011,39
5012,51
5013,45
5014,44
5015,25
5016,60
5017,56
5018,35
5019,45
5020,50
5021,41
5022,43
5023,41
5024,50
5025,55
5026,56
5027,44
5028,60
5029,54
5030,59
5031,47
5032,47
5033,32
5034,41
5035,53
5036,37
5037,37
5038,41
5039,42
5040,35
5041,37
5042,38
5043,33
5044,44
5045,36
5046,43
5047,47
5048,36
5049,43
5050,35
5051,44
5052,38
5053,38
5054,47
5055,47
5056,44
5057,38
5058,43
5059,34
5060,37
5061,39
5062,36
5063,41
5064,47
5065,32
5066,47
5067,55
5068,47
5069,31
5070,50
5071,50
5072,38
5073,27
5074,31
5075,43
5076,39
5077,41
5078,38
5079,34
5080,45
5081,37
5082,33
5083,38
5084,38
5085,35
5086,34
5087,40
5088,43
5089,37
5090,33
5091,29
5092,39
5093,31
5094,30
5095,28
5096,36
5097,24
5098,28
5099,32
5100,31
5101,42
5102,27
5103,28
5104,29
5105,24
5106,33
5107,31
5108,39
5109,27
5110,35
5111,29
5112,35
5113,30
5114,29
5115,42
5116,30
5117,34
5118,24
5119,31
5120,37
5121,41
5122,25
5123,27
5124,32
5125,36
5126,33
5127,24
5128,17
5129,28
5130,32
5131,42
5132,27
5133,27
5134,24
5135,25
5136,23
5137,22
5138,24
5139,34
5140,26
5141,27
5142,30
5143,35
5144,26
5145,29
5146,23
5147,26
5148,20
5149,21
5150,24
5151,18
5152,28
5153,28
5154,34
5155,21
5156,25
5157,22
5158,23
5159,21
5160,25
5161,25
5162,20
5163,24
5164,21
5165,19
5166,8
5167,23
5168,21
5169,22
5170,21
5171,32
5172,26
5173,18
5174,25
5175,18
5176,23
5177,18
5178,17
5179,20
5180,19
5181,16
5182,18
5183,21
5184,23
5185,17
5186,13
5187,12
5188,20
5189,16
5190,15
5191,21
5192,16
5193,23
5194,8
5195,13
5196,20
5197,18
5198,19
5199,14
5200,16
5201,25
5202,25
5203,6
5204,14
5205,17
5206,13
5207,15
5208,11
5209,16
5210,18
5211,20
5212,14
5213,11
5214,15
5215,13
5216,11
5217,6
5218,11
5219,12
5220,15
5221,15
5222,11
5223,8
5224,12
5225,10
5226,8
5227,15
5228,9
5229,18
5230,10
5231,11
5232,8
5233,9
5234,13
5235,14
5236,11
5237,10
5238,12
5239,14
5240,12
5241,10
5242,10
5243,16
5244,14
5245,11
5246,14
5247,7
5248,4
5249,6
5250,13
5251,10
5252,13
5253,10
5254,8
5255,14
5256,8
5257,10
5258,8
5259,6
5260,14
5261,11
5262,10
5263,12
5264,11
5265,5
5266,9
5267,7
5268,12
5269,7
5270,13
5271,9
5272,7
5273,15
5274,7
5275,12
5276,6
5277,4
5278,8
5279,11
5280,10
5281,12
5282,9
5283,9
5284,11
5285,7
5286,9
5287,11
5288,9
5289,9
5290,11
5291,5
5292,7
5293,10
5294,12
5295,4
5296,11
5297,8
5298,10
5299,10
5300,12
5301,10
5302,10
5303,7
5304,10
5305,8
5306,6
5307,11
5308,13
5309,5
5310,11
5311,8
5312,12
5313,8
5314,6
5315,11
5316,18
5317,9
5318,11
5319,8
5320,10
5321,10
5322,10
5323,11
5324,9
5325,6
5326,8
5327,9
5328,7
5329,13
5330,10
5331,10
5332,17
5333,9
5334,11
5335,11
5336,6
5337,8
5338,8
5339,6
5340,14
5341,6
5342,13
5343,11
5344,12
5345,17
5346,12
5347,12
5348,9
5349,7
5350,12
5351,10
5352,12
5353,17
5354,9
5355,12
5356,11
5357,13
5358,9
5359,13
5360,11
5361,11
5362,14
5363,11
5364,16
5365,11
5366,12
5367,10
5368,8
5369,14
5370,9
5371,21
5372,11
5373,15
5374,11
5375,17
5376,21
5377,16
5378,10
5379,8
5380,10
5381,9
5382,10
5383,17
5384,12
5385,9
5386,15
5387,14
5388,13
5389,13
5390,12
5391,16
5392,18
5393,14
5394,14
5395,14
5396,8
5397,14
5398,23
5399,24
5400,9
5401,17
5402,13
5403,7
5404,17
5405,19
5406,23
5407,14
5408,14
5409,11
5410,11
5411,28
5412,20
5413,12
5414,27
5415,14
5416,12
5417,20
5418,18
5419,27
5420,19
5421,23
5422,25
5423,26
5424,20
5425,15
5426,17
5427,25
5428,23
5429,16
5430,21
5431,22
5432,17
5433,17
5434,18
5435,22
5436,30
5437,21
5438,25
5439,26
5440,25
5441,25
5442,21
5443,20
5444,30
5445,27
5446,18
5447,34
5448,29
5449,23
5450,18
5451,22
5452,27
5453,30
5454,26
5455,17
5456,27
5457,21
5458,22
5459,24
5460,27
5461,33
5462,33
5463,22
5464,17
5465,28
5466,30
5467,24
5468,31
5469,31
5470,20
5471,32
5472,25
5473,23
5474,26
5475,22
5476,23
5477,32
5478,30
5479,30
5480,32
5481,24
5482,39
5483,41
5484,32
5485,33
5486,44
5487,30
5488,39
5489,36
5490,28
5491,33
5492,33
5493,26
5494,31
5495,27
5496,29
5497,36
5498,27
5499,43
5500,34
5501,35
5502,36
5503,37
5504,27
5505,30
5506,34
5507,29
5508,39
5509,38
5510,32
5511,40
5512,35
5513,33
5514,43
5515,33
5516,29
5517,33
5518,37
5519,27
5520,25
5521,31
5522,33
5523,39
5524,35
5525,38
5526,32
5527,37
5528,36
5529,52
5530,42
5531,44
5532,31
5533,42
5534,49
5535,40
5536,47
5537,31
5538,44
5539,43
5540,36
5541,55
5542,39
5543,32
5544,36
5545,42
5546,38
5547,47
5548,35
5549,53
5550,54
5551,44
5552,51
5553,34
5554,40
5555,40
5556,47
5557,30
5558,38
5559,38
5560,37
5561,48
5562,46
5563,46
5564,43
5565,36
5566,48
5567,40
5568,37
5569,39
5570,47
5571,44
5572,37
5573,43
5574,49
5575,32
5576,37
5577,36
5578,46
5579,50
5580,47
5581,48
5582,43
5583,34
5584,57
5585,51
5586,49
5587,51
5588,55
5589,35
5590,49
5591,36
5592,43
5593,49
5594,44
5595,34
5596,41
5597,41
5598,45
5599,50
5600,37
5601,37
5602,42
5603,38
5604,38
5605,44
5606,44
5607,39
5608,50
5609,32
5610,42
5611,41
5612,39
5613,35
5614,28
5615,40
5616,38
5617,41
5618,44
5619,37
5620,52
5621,38
5622,46
5623,29
5624,37
5625,34
5626,54
5627,35
5628,41
5629,38
5630,43
5631,53
5632,48
5633,39
5634,34
5635,31
5636,49
5637,39
5638,41
5639,41
5640,40
5641,33
5642,37
5643,43
5644,40
5645,41
5646,30
5647,31
5648,36
5649,37
5650,35
5651,41
5652,31
5653,38
5654,30
5655,47
5656,38
5657,29
5658,38
5659,35
5660,39
5661,36
5662,26
5663,32
5664,35
5665,40
5666,30
5667,37
5668,34
5669,45
5670,34
5671,25
5672,30
5673,36
5674,33
5675,41
5676,38
5677,21
5678,31
5679,41
5680,40
5681,44
5682,30
5683,36
5684,45
5685,39
5686,30
5687,35
5688,36
5689,28
5690,29
5691,26
5692,35
5693,48
5694,32
5695,36
5696,25
5697,42
5698,39
5699,43
5700,31
5701,25
5702,25
5703,36
5704,35
5705,41
5706,28
5707,38
5708,36
5709,27
5710,27
5711,38
5712,24
5713,33
5714,21
5715,31
5716,28
5717,33
5718,27
5719,28
5720,20
5721,27
5722,24
5723,37
5724,29
5725,31
5726,22
5727,26
5728,30
5729,32
5730,36
5731,30
5732,26
5733,30
5734,22
5735,29
5736,33
5737,31
5738,18
5739,25
5740,27
5741,31
5742,26
5743,29
5744,30
5745,16
5746,32
5747,35
5748,28
5749,26
5750,21
5751,34
5752,28
5753,27
5754,22
5755,32
5756,26
5757,23
5758,20
5759,22
5760,21
5761,23
5762,30
5763,29
5764,25
5765,29
5766,15
5767,29
5768,21
5769,18
5770,28
5771,29
5772,24
5773,17
5774,25
5775,18
5776,23
5777,15
5778,28
5779,20
5780,27
5781,16
5782,15
5783,23
5784,21
5785,22
5786,16
5787,17
5788,23
5789,18
5790,16
5791,23
5792,15
5793,19
5794,15
5795,15
5796,21
5797,23
5798,11
5799,32
5800,15
5801,19
5802,23
5803,21
5804,21
5805,9
5806,13
5807,27
5808,19
5809,14
5810,11
5811,16
5812,16
5813,19
5814,13
5815,16
5816,25
5817,11
5818,12
5819,11
5820,16
5821,11
5822,9
5823,13
5824,13
5825,13
5826,16
5827,10
5828,29
5829,11
5830,22
5831,14
5832,14
5833,14
5834,13
5835,9
5836,20
5837,13
5838,14
5839,15
5840,16
5841,13
5842,15
5843,11
5844,9
5845,14
5846,17
5847,18
5848,9
5849,13
5850,5
5851,14
5852,7
5853,15
5854,9
5855,8
5856,15
5857,5
5858,9
5859,12
5860,6
5861,23
5862,5
5863,8
5864,14
5865,20
5866,12
5867,10
5868,18
5869,11
5870,7
5871,14
5872,9
5873,10
5874,14
5875,8
5876,4
5877,10
5878,11
5879,11
5880,8
5881,9
5882,8
5883,12
5884,9
5885,12
5886,7
5887,9
5888,6
5889,4
5890,10
5891,12
5892,9
5893,12
5894,10
5895,11
5896,13
5897,14
5898,11
5899,8
5900,8
5901,8
5902,15
5903,13
5904,6
5905,12
5906,11
5907,9
5908,8
5909,11
5910,13
5911,10
5912,7
5913,10
5914,14
5915,9
5916,8
5917,14
5918,11
5919,9
5920,8
5921,11
5922,9
5923,10
5924,14
5925,12
5926,15
5927,16
5928,11
5929,10
5930,12
5931,18
5932,18
5933,9
5934,7
5935,10
5936,11
5937,11
5938,12
5939,17
5940,9
5941,13
5942,10
5943,8
5944,9
5945,14
5946,18
5947,12
5948,17
5949,13
5950,11
5951,8
5952,13
5953,9
5954,10
5955,3
5956,14
5957,11
5958,15
5959,18
5960,9
5961,6
5962,7
5963,20
5964,9
5965,10
5966,11
5967,11
5968,9
5969,15
5970,14
5971,17
5972,14
5973,10
5974,15
5975,14
5976,14
5977,14
5978,16
5979,21
5980,21
5981,10
5982,18
5983,9
5984,10
5985,14
5986,14
5987,15
5988,18
5989,14
5990,10
5991,17
5992,10
5993,8
5994,10
5995,10
5996,22
5997,17
5998,20
5999,13
6000,12
6001,19
6002,20
6003,18
6004,16
6005,22
6006,20
6007,18
6008,20
6009,14
6010,17
6011,29
6012,20
6013,12
6014,20
6015,18
6016,12
6017,22
6018,20
6019,16
6020,10
6021,19
6022,15
6023,17
6024,21
6025,21
6026,9
6027,17
6028,18
6029,27
6030,17
6031,17
6032,23
6033,9
6034,16
6035,30
6036,14
6037,9
6038,15
6039,21
6040,22
6041,16
6042,17
6043,18
6044,21
6045,18
6046,16
6047,16
6048,16
6049,23
6050,15
6051,13
6052,16
6053,25
6054,16
6055,22
6056,16
6057,19
6058,17
6059,19
6060,20
6061,21
6062,21
6063,25
6064,14
6065,23
6066,19
6067,16
6068,19
6069,18
6070,30
6071,14
6072,23
6073,26
6074,20
6075,21
6076,15
6077,16
6078,25
6079,21
6080,19
6081,23
6082,16
6083,22
6084,24
6085,20
6086,22
6087,21
6088,17
6089,28
6090,20
6091,19
6092,28
6093,26
6094,23
6095,23
6096,23
6097,23
6098,34
6099,26
6100,24
6101,31
6102,21
6103,22
6104,21
6105,21
6106,31
6107,33
6108,21
6109,19
6110,28
6111,24
6112,24
6113,24
6114,10
6115,17
6116,29
6117,27
6118,20
6119,22
6120,29
6121,26
6122,25
6123,30
6124,22
6125,27
6126,22
6127,16
6128,26
6129,22
6130,27
6131,25
6132,21
6133,30
6134,22
6135,27
6136,27
6137,18
6138,15
6139,24
6140,22
6141,26
6142,17
6143,26
6144,23
6145,27
6146,22
6147,20
6148,30
6149,30
6150,24
6151,19
6152,28
6153,27
6154,25
6155,43
6156,29
6157,28
6158,34
6159,25
6160,23
6161,29
6162,30
6163,25
6164,29
6165,32
6166,30
6167,21
6168,29
6169,32
6170,30
6171,32
6172,22
6173,25
6174,29
6175,22
6176,27
6177,34
6178,29
6179,30
6180,26
6181,37
6182,35
6183,23
6184,35
6185,31
6186,36
6187,25
6188,35
6189,24
6190,25
6191,33
6192,37
6193,36
6194,37
6195,41
6196,33
6197,25
6198,28
6199,32
6200,25
6201,30
6202,28
6203,28
6204,36
6205,32
6206,37
6207,31
6208,21
6209,42
6210,36
6211,31
6212,33
6213,30
6214,39
6215,32
6216,23
6217,29
6218,31
6219,35
6220,25
6221,22
6222,29
6223,39
6224,21
6225,36
6226,27
6227,27
6228,35
6229,35
6230,37
6231,18
6232,33
6233,38
6234,43
6235,32
6236,31
6237,35
6238,39
6239,30
6240,30
6241,34
6242,35
6243,36
6244,42
6245,31
6246,34
6247,40
6248,36
6249,35
6250,25
6251,39
6252,47
6253,39
6254,31
6255,35
6256,43
6257,42
6258,42
6259,43
6260,37
6261,42
6262,34
6263,33
6264,38
6265,39
6266,37
6267,34
6268,39
6269,36
6270,38
6271,37
6272,50
6273,34
6274,45
6275,38
6276,46
6277,38
6278,33
6279,31
6280,49
6281,41
6282,45
6283,37
6284,54
6285,47
6286,34
6287,29
6288,36
6289,29
6290,48
6291,27
6292,40
6293,28
6294,32
6295,34
6296,50
6297,39
6298,40
6299,34
6300,43
6301,39
6302,55
6303,36
6304,41
6305,53
6306,38
6307,34
6308,44
6309,38
6310,32
6311,41
6312,47
6313,38
6314,41
6315,39
6316,45
6317,46
6318,49
6319,40
6320,40
6321,42
6322,44
6323,48
6324,38
6325,47
6326,42
6327,41
6328,46
6329,43
6330,41
6331,54
6332,45
6333,44
6334,41
6335,43
6336,38
6337,44
6338,60
6339,47
6340,51
6341,50
6342,45
6343,54
6344,43
6345,32
6346,43
6347,45
6348,49
6349,48
6350,49
6351,52
6352,41
6353,45
6354,49
6355,49
6356,36
6357,46
6358,48
6359,40
6360,45
6361,45
6362,44
6363,46
6364,63
6365,41
6366,44
6367,41
6368,47
6369,44
6370,48
6371,45
6372,59
6373,57
6374,37
6375,36
6376,34
6377,72
6378,41
6379,48
6380,61
6381,51
6382,46
6383,52
6384,45
6385,46
6386,39
6387,57
6388,52
6389,59
6390,50
6391,51
6392,49
6393,53
6394,44
6395,54
6396,57
6397,59
6398,51
6399,43
6400,48
6401,47
6402,60
6403,60
6404,53
6405,41
6406,48
6407,63
6408,55
6409,50
6410,47
6411,45
6412,61
6413,62
6414,52
6415,52
6416,47
6417,58
6418,57
6419,40
6420,67
6421,57
6422,58
6423,50
6424,57
6425,54
6426,52
6427,45
6428,51
6429,51
6430,66
6431,47
6432,59
6433,42
6434,50
6435,38
6436,55
6437,42
6438,60
6439,51
6440,53
6441,46
6442,44
6443,50
6444,60
6445,55
6446,56
6447,62
6448,51
6449,56
6450,58
6451,50
6452,58
6453,50
6454,58
6455,60
6456,50
6457,60
6458,48
6459,62
6460,46
6461,58
6462,63
6463,51
6464,51
6465,56
6466,53
6467,43
6468,61
6469,78
6470,58
6471,59
6472,55
6473,56
6474,53
6475,68
6476,43
6477,57
6478,63
6479,47
6480,49
6481,59
6482,53
6483,73
6484,53
6485,64
6486,71
6487,63
6488,64
6489,52
6490,55
6491,64
6492,59
6493,70
6494,51
6495,53
6496,59
6497,55
6498,55
6499,59
6500,45
6501,60
6502,71
6503,50
6504,61
6505,72
6506,54
6507,71
6508,46
6509,76
6510,66
6511,58
6512,47
6513,57
6514,58
6515,58
6516,41
6517,66
6518,60
6519,60
6520,65
6521,73
6522,60
6523,61
6524,52
6525,69
6526,72
6527,58
6528,53
6529,53
6530,55
6531,46
6532,67
6533,43
6534,58
6535,67
6536,49
6537,64
6538,57
6539,52
6540,49
6541,49
6542,57
6543,66
6544,63
6545,58
6546,61
6547,39
6548,71
6549,58
6550,62
6551,69
6552,53
6553,58
6554,71
6555,46
6556,65
6557,49
6558,47
6559,60
6560,61
6561,63
6562,55
6563,64
6564,51
6565,50
6566,77
6567,64
6568,54
6569,56
6570,54
6571,58
6572,57
6573,54
6574,56
6575,67
6576,67
6577,42
6578,68
6579,64
6580,61
6581,57
6582,73
6583,57
6584,67
6585,58
6586,56
6587,68
6588,56
6589,77
6590,58
6591,47
6592,65
6593,63
6594,62
6595,57
6596,49
6597,45
6598,64
6599,67
6600,50
6601,57
6602,66
6603,44
6604,47
6605,64
6606,58
6607,44
6608,54
6609,57
6610,61
6611,47
6612,51
6613,59
6614,52
6615,50
6616,72
6617,58
6618,46
6619,50
6620,86
6621,50
6622,56
6623,64
6624,56
6625,50
6626,63
6627,47
6628,50
6629,52
6630,47
6631,59
6632,65
6633,65
6634,59
6635,43
6636,51
6637,50
6638,53
6639,53
6640,56
6641,52
6642,48
6643,55
6644,57
6645,70
6646,55
6647,72
6648,58
6649,54
6650,50
6651,59
6652,77
6653,65
6654,65
6655,52
6656,48
6657,64
6658,65
6659,55
6660,66
6661,64
6662,49
6663,66
6664,64
6665,51
6666,71
6667,69
6668,69
6669,57
6670,60
6671,60
6672,61
6673,57
6674,59
6675,54
6676,70
6677,47
6678,54
6679,61
6680,58
6681,58
6682,67
6683,60
6684,62
6685,43
6686,65
6687,61
6688,60
6689,64
6690,60
6691,64
6692,48
6693,53
6694,58
6695,59
6696,61
6697,50
6698,64
6699,69
6700,53
6701,78
6702,58
6703,48
6704,66
6705,53
6706,45
6707,53
6708,60
6709,60
6710,63
6711,58
6712,61
6713,67
6714,52
6715,63
6716,57
6717,64
6718,58
6719,69
6720,63
6721,65
6722,66
6723,54
6724,57
6725,68
6726,65
6727,58
6728,54
6729,63
6730,62
6731,66
6732,65
6733,58
6734,73
6735,62
6736,58
6737,57
6738,54
6739,63
6740,59
6741,54
6742,67
6743,58
6744,65
6745,65
6746,70
6747,70
6748,63
6749,62
6750,63
6751,85
6752,72
6753,52
6754,63
6755,85
6756,61
6757,65
6758,64
6759,74
6760,68
6761,67
6762,72
6763,76
6764,56
6765,74
6766,63
6767,64
6768,65
6769,62
6770,64
6771,76
6772,74
6773,67
6774,81
6775,76
6776,71
6777,82
6778,63
6779,75
6780,70
6781,84
6782,72
6783,70
6784,66
6785,72
6786,64
6787,68
6788,66
6789,71
6790,71
6791,63
6792,51
6793,76
6794,71
6795,65
6796,74
6797,68
6798,77
6799,64
6800,69
6801,75
6802,69
6803,84
6804,64
6805,73
6806,81
6807,72
6808,81
6809,82
6810,75
6811,74
6812,66
6813,78
6814,75
6815,79
6816,73
6817,81
6818,81
6819,77
6820,71
6821,91
6822,82
6823,87
6824,84
6825,92
6826,96
6827,76
6828,74
6829,71
6830,80
6831,81
6832,91
6833,93
6834,79
6835,95
6836,78
6837,92
6838,77
6839,94
6840,90
6841,78
6842,71
6843,82
6844,85
6845,70
6846,74
6847,84
6848,89
6849,80
6850,94
6851,81
6852,72
6853,88
6854,88
6855,74
6856,90
6857,87
6858,96
6859,110
6860,107
6861,90
6862,80
6863,89
6864,92
6865,86
6866,100
6867,102
6868,94
6869,95
6870,106
6871,78
6872,94
6873,102
6874,100
6875,104
6876,95
6877,117
6878,95
6879,104
6880,113
6881,106
6882,97
6883,124
6884,115
6885,114
6886,110
6887,107
6888,100
6889,125
6890,90
6891,87
6892,112
6893,109
6894,122
6895,105
6896,115
6897,104
6898,106
6899,109
6900,91
6901,101
6902,106
6903,109
6904,117
6905,117
6906,104
6907,97
6908,89
6909,128
6910,113
6911,113
6912,116
6913,104
6914,111
6915,104
6916,109
6917,122
6918,127
6919,135
6920,112
6921,121
6922,127
6923,140
6924,121
6925,129
6926,150
6927,131
6928,134
6929,119
6930,125
6931,137
6932,148
6933,146
6934,120
6935,143
6936,145
6937,127
6938,119
6939,125
6940,152
6941,123
6942,135
6943,134
6944,139
6945,116
6946,133
6947,136
6948,127
6949,136
6950,131
6951,119
6952,121
6953,143
6954,176
6955,152
6956,171
6957,135
6958,152
6959,152
6960,128
6961,167
6962,149
6963,151
6964,134
6965,150
6966,171
6967,151
6968,151
6969,164
6970,173
6971,150
6972,138
6973,165
6974,174
6975,167
6976,163
6977,161
6978,170
6979,168
6980,172
6981,161
6982,174
6983,183
6984,166
6985,193
6986,175
6987,160
6988,175
6989,206
6990,198
6991,205
6992,164
6993,174
6994,197
6995,171
6996,196
6997,196
6998,185
6999,199
7000,183
7001,180
7002,180
7003,189
7004,185
7005,164
7006,170
7007,194
7008,209
7009,178
7010,195
7011,187
7012,196
7013,195
7014,200
7015,183
7016,233
7017,187
7018,215
7019,189
7020,189
7021,224
7022,198
7023,201
7024,223
7025,206
7026,219
7027,223
7028,201
7029,187
7030,194
7031,203
7032,208
7033,246
7034,237
7035,213
7036,226
7037,232
7038,212
7039,234
7040,213
7041,223
7042,202
7043,230
7044,239
7045,241
7046,213
7047,247
7048,230
7049,260
7050,220
7051,190
7052,206
7053,249
7054,237
7055,251
7056,254
7057,214
7058,250
7059,248
7060,222
7061,230
7062,266
7063,286
7064,260
7065,235
7066,243
7067,229
7068,268
7069,262
7070,252
7071,253
7072,268
7073,280
7074,255
7075,292
7076,236
7077,259
7078,256
7079,265
7080,265
7081,286
7082,268
7083,287
7084,274
7085,299
7086,269
7087,292
7088,287
7089,284
7090,283
7091,270
7092,286
7093,279
7094,286
7095,297
7096,293
7097,262
7098,262
7099,294
7100,320
7101,276
7102,281
7103,327
7104,289
7105,318
7106,313
7107,300
7108,312
7109,293
7110,298
7111,337
7112,323
7113,322
7114,301
7115,320
7116,329
7117,319
7118,327
7119,344
7120,342
7121,288
7122,328
7123,288
7124,329
7125,331
7126,328
7127,363
7128,346
7129,309
7130,341
7131,329
7132,368
7133,377
7134,346
7135,350
7136,351
7137,327
7138,345
7139,335
7140,355
7141,343
7142,384
7143,345
7144,383
7145,346
7146,365
7147,375
7148,375
7149,358
7150,356
7151,354
7152,352
7153,394
7154,385
7155,406
7156,363
7157,394
7158,373
7159,376
7160,435
7161,395
7162,406
7163,397
7164,424
7165,436
7166,373
7167,398
7168,437
7169,379
7170,405
7171,406
7172,414
7173,393
7174,410
7175,436
7176,454
7177,441
7178,422
7179,420
7180,438
7181,465
7182,439
7183,429
7184,434
7185,418
7186,440
7187,456
7188,447
7189,461
7190,447
7191,433
7192,451
7193,482
7194,481
7195,441
7196,456
7197,496
7198,507
7199,484
7200,492
7201,453
7202,506
7203,505
7204,514
7205,476
7206,457
7207,549
7208,495
7209,489
7210,510
7211,519
7212,501
7213,519
7214,507
7215,516
7216,475
7217,521
7218,571
7219,552
7220,559
7221,503
7222,532
7223,504
7224,569
7225,553
7226,572
7227,579
7228,547
7229,546
7230,579
7231,565
7232,579
7233,577
7234,554
7235,593
7236,607
7237,572
7238,559
7239,595
7240,555
7241,584
7242,575
7243,623
7244,560
7245,578
7246,619
7247,647
7248,648
7249,621
7250,653
7251,633
7252,624
7253,594
7254,677
7255,621
7256,639
7257,625
7258,602
7259,677
7260,649
7261,632
7262,670
7263,655
7264,664
7265,694
7266,689
7267,695
7268,677
7269,708
7270,698
7271,708
7272,707
7273,737
7274,723
7275,751
7276,705
7277,749
7278,682
7279,749
7280,713
7281,758
7282,730
7283,701
7284,766
7285,763
7286,764
7287,763
7288,784
7289,758
7290,772
7291,806
7292,740
7293,799
7294,791
7295,779
7296,799
7297,804
7298,873
7299,805
7300,828
7301,820
7302,833
7303,796
7304,788
7305,847
7306,886
7307,857
7308,864
7309,892
7310,841
7311,893
7312,829
7313,832
7314,896
7315,919
7316,902
7317,931
7318,894
7319,942
7320,953
7321,942
7322,964
7323,1011
7324,918
7325,930
7326,957
7327,1006
7328,992
7329,947
7330,1006
7331,1000
7332,985
7333,1004
7334,978
7335,1047
7336,965
7337,1020
7338,1067
7339,999
7340,1014
7341,1074
7342,1098
7343,1046
7344,1050
7345,1088
7346,1086
7347,1150
7348,1078
7349,1108
7350,1132
7351,1117
7352,1049
7353,1107
7354,1150
7355,1163
7356,1130
7357,1171
7358,1208
7359,1123
7360,1154
7361,1154
7362,1213
7363,1198
7364,1176
7365,1164
7366,1217
7367,1196
7368,1254
7369,1232
7370,1284
7371,1256
7372,1219
7373,1264
7374,1243
7375,1296
7376,1366
7377,1296
7378,1354
7379,1312
7380,1305
7381,1300
7382,1364
7383,1362
7384,1374
7385,1386
7386,1318
7387,1422
7388,1371
7389,1401
7390,1355
7391,1413
7392,1416
7393,1514
7394,1399
7395,1393
7396,1363
7397,1439
7398,1447
7399,1435
7400,1511
7401,1436
7402,1508
7403,1438
7404,1585
7405,1596
7406,1559
7407,1517
7408,1611
7409,1606
7410,1600
7411,1663
7412,1654
7413,1609
7414,1643
7415,1655
7416,1570
7417,1596
7418,1734
7419,1599
7420,1647
7421,1714
7422,1692
7423,1775
7424,1676
7425,1769
7426,1790
7427,1729
7428,1736
7429,1771
7430,1826
7431,1777
7432,1782
7433,1847
7434,1854
7435,1813
7436,1892
7437,1867
7438,1843
7439,1900
7440,1915
7441,1880
7442,1965
7443,1944
7444,1959
7445,1874
7446,1949
7447,2015
7448,1944
7449,1993
7450,1997
7451,2045
7452,2012
7453,2025
7454,2175
7455,2063
7456,2106
7457,2127
7458,2123
7459,2177
7460,2164
7461,2116
7462,2105
7463,2179
7464,2185
7465,2235
7466,2223
7467,2204
7468,2269
7469,2153
7470,2260
7471,2239
7472,2362
7473,2338
7474,2252
7475,2356
7476,2251
7477,2332
7478,2384
7479,2501
7480,2409
7481,2337
7482,2413
7483,2450
7484,2470
7485,2569
7486,2568
7487,2494
7488,2526
7489,2492
7490,2503
7491,2534
7492,2477
7493,2545
7494,2583
7495,2680
7496,2680
7497,2635
7498,2679
7499,2785
7500,2763
7501,2588
7502,2782
7503,2713
7504,2792
7505,2757
7506,2783
7507,2822
7508,2868
7509,2748
7510,2762
7511,2812
7512,2871
7513,2844
7514,2865
7515,3009
7516,2891
7517,2897
7518,2930
7519,3005
7520,2901
7521,3097
7522,2970
7523,3064
7524,3110
7525,3099
7526,3110
7527,3048
7528,3203
7529,3170
7530,3210
7531,3231
7532,3117
7533,3257
7534,3198
7535,3300
7536,3290
7537,3319
7538,3338
7539,3394
7540,3317
7541,3392
7542,3341
7543,3495
7544,3470
7545,3357
7546,3474
7547,3408
7548,3515
7549,3554
7550,3469
7551,3528
7552,3585
7553,3652
7554,3564
7555,3685
7556,3726
7557,3665
7558,3767
7559,3651
7560,3750
7561,3712
7562,3848
7563,3710
7564,3813
7565,3736
7566,3856
7567,3858
7568,3817
7569,3834
7570,3948
7571,3829
7572,4087
7573,3962
7574,4114
7575,4144
7576,4164
7577,4019
7578,4177
7579,4158
7580,4180
7581,4106
7582,4121
7583,4167
7584,4255
7585,4284
7586,4308
7587,4389
7588,4415
7589,4346
7590,4341
7591,4565
7592,4389
7593,4452
7594,4327
7595,4502
7596,4474
7597,4569
7598,4611
7599,4502
7600,4633
7601,4644
7602,4621
7603,4656
7604,4622
7605,4708
7606,4610
7607,4798
7608,4752
7609,4923
7610,4834
7611,4781
7612,4823
7613,4933
7614,4833
7615,4947
7616,5036
7617,4999
7618,4949
7619,5092
7620,5143
7621,5160
7622,5104
7623,5252
7624,5321
7625,5301
7626,5178
7627,5446
7628,5272
7629,5299
7630,5398
7631,5382
7632,5352
7633,5467
7634,5376
7635,5561
7636,5588
7637,5505
7638,5611
7639,5365
7640,5586
7641,5623
7642,5661
7643,5583
7644,5785
7645,5749
7646,5734
7647,5785
7648,5871
7649,5881
7650,5941
7651,5924
7652,5938
7653,5999
7654,6078
7655,5879
7656,5855
7657,6002
7658,6099
7659,6104
7660,6066
7661,6049
7662,6243
7663,6303
7664,6217
7665,6404
7666,6233
7667,6411
7668,6392
7669,6356
7670,6368
7671,6455
7672,6498
7673,6374
7674,6685
7675,6521
7676,6521
7677,6654
7678,6650
7679,6800
7680,6792
7681,6970
7682,6881
7683,6918
7684,6808
7685,7027
7686,7018
7687,6888
7688,6956
7689,7087
7690,6952
7691,7029
7692,7016
7693,7228
7694,7129
7695,7129
7696,7116
7697,7260
7698,7224
7699,7263
7700,7182
7701,7276
7702,7201
7703,7168
7704,7423
7705,7482
7706,7500
7707,7406
7708,7593
7709,7367
7710,7686
7711,7526
7712,7675
7713,7607
7714,7792
7715,7839
7716,7763
7717,7775
7718,7903
7719,7800
7720,7971
7721,7956
7722,8013
7723,7865
7724,7956
7725,8164
7726,8156
7727,7955
7728,8268
7729,8192
7730,8277
7731,8408
7732,8273
7733,8260
7734,8392
7735,8406
7736,8485
7737,8458
7738,8477
7739,8583
7740,8720
7741,8479
7742,8589
7743,8664
7744,8707
7745,8574
7746,8808
7747,8588
7748,8789
7749,8826
7750,8755
7751,8995
7752,8936
7753,8982
7754,9082
7755,8967
7756,8935
7757,9076
7758,9079
7759,8996
7760,9334
7761,9145
7762,9129
7763,9347
7764,9246
7765,9290
7766,9386
7767,9414
7768,9454
7769,9480
7770,9262
7771,9520
7772,9599
7773,9522
7774,9675
7775,9477
7776,9477
7777,9619
7778,9670
7779,9586
7780,9573
7781,9795
7782,9695
7783,9887
7784,9944
7785,9875
7786,9886
7787,9922
7788,9944
7789,10012
7790,9961
7791,9934
7792,10312
7793,10167
7794,10264
7795,10087
7796,9977
7797,10201
7798,10291
7799,10213
7800,10233
7801,10303
7802,10323
7803,10204
7804,10447
7805,10482
7806,10519
7807,10393
7808,10318
7809,10548
7810,10521
7811,10572
7812,10503
7813,10548
7814,10566
7815,10640
7816,10745
7817,10947
7818,10696
7819,10770
7820,10710
7821,10834
7822,10780
7823,10772
7824,10809
7825,10766
7826,10879
7827,10817
7828,11087
7829,10951
7830,11055
7831,11136
7832,11272
7833,11038
7834,11005
7835,11000
7836,11265
7837,11173
7838,11252
7839,11176
7840,11261
7841,11227
7842,11237
7843,11118
7844,11313
7845,11440
7846,11456
7847,11496
7848,11274
7849,11488
7850,11399
7851,11377
7852,11545
7853,11404
7854,11629
7855,11490
7856,11533
7857,11606
7858,11531
7859,11596
7860,11593
7861,11717
7862,11550
7863,11749
7864,11682
7865,11766
7866,11753
7867,11537
7868,11725
7869,11686
7870,11774
7871,11807
7872,11997
7873,11826
7874,11843
7875,11824
7876,11917
7877,11797
7878,12032
7879,11821
7880,11781
7881,11832
7882,11805
7883,12102
7884,12005
7885,12049
7886,12056
7887,12137
7888,11826
7889,12007
7890,11987
7891,12161
7892,11942
7893,12069
7894,11869
7895,12139
7896,11935
7897,12253
7898,11910
7899,11935
7900,12091
7901,11848
7902,12067
7903,11941
7904,11952
7905,12097
7906,11967
7907,12086
7908,12053
7909,11982
7910,12281
7911,12041
7912,12160
7913,12021
7914,12166
7915,12116
7916,12170
7917,12051
7918,12054
7919,12175
7920,12003
7921,12121
7922,12063
7923,12023
7924,12058
7925,12028
7926,12145
7927,11875
7928,12132
7929,12028
7930,12071
7931,12147
7932,12046
7933,12086
7934,12239
7935,12194
7936,11857
7937,12162
7938,12121
7939,12034
7940,12027
7941,12036
7942,12054
7943,11833
7944,11874
7945,12075
7946,12104
7947,12107
7948,11981
7949,12061
7950,11992
7951,12179
7952,11984
7953,12011
7954,11858
7955,11931
7956,11712
7957,12028
7958,11798
7959,11809
7960,11814
7961,11772
7962,11895
7963,11817
7964,11637
7965,11665
7966,11908
7967,11606
7968,11827
7969,11704
7970,11779
7971,11742
7972,11741
7973,11691
7974,11568
7975,11495
7976,11442
7977,11670
7978,11383
7979,11555
7980,11446
7981,11462
7982,11486
7983,11314
7984,11286
7985,11502
7986,11292
7987,11332
7988,11386
7989,11233
7990,11181
7991,11194
7992,11307
7993,11176
7994,11097
7995,11050
7996,11167
7997,11078
7998,11248
7999,11087
8000,11035
8001,10789
8002,10930
8003,10980
8004,10880
8005,10790
8006,10727
8007,10925
8008,10769
8009,10968
8010,10709
8011,10550
8012,10734
8013,10756
8014,10565
8015,10514
8016,10378
8017,10300
8018,10375
8019,10382
8020,10447
8021,10281
8022,10325
8023,10259
8024,10276
8025,10328
8026,10037
8027,10145
8028,10152
8029,9966
8030,10002
8031,10024
8032,9894
8033,9916
8034,9790
8035,9810
8036,9669
8037,9729
8038,9836
8039,9600
8040,9708
8041,9722
8042,9625
8043,9546
8044,9498
8045,9294
8046,9478
8047,9458
8048,9348
8049,9340
8050,9415
8051,9246
8052,8986
8053,9254
8054,8924
8055,9268
8056,9050
8057,8945
8058,8938
8059,8987
8060,8859
8061,8758
8062,8584
8063,8622
8064,8548
8065,8700
8066,8710
8067,8600
8068,8571
8069,8480
8070,8486
8071,8487
8072,8418
8073,8386
8074,8135
8075,8092
8076,8238
8077,8095
8078,8119
8079,8076
8080,8016
8081,7991
8082,7933
8083,7881
8084,7837
8085,7794
8086,7590
8087,7615
8088,7667
8089,7568
8090,7475
8091,7403
8092,7431
8093,7325
8094,7419
8095,7380
8096,7273
8097,7191
8098,7219
8099,6999
8100,7187
8101,7048
8102,6898
8103,7004
8104,6931
8105,6842
8106,6937
8107,6715
8108,6712
8109,6640
8110,6597
8111,6500
8112,6437
8113,6634
8114,6341
8115,6301
8116,6444
8117,6250
8118,6251
8119,6031
8120,6180
8121,6082
8122,6006
8123,6044
8124,6011
8125,6056
8126,5968
8127,5763
8128,5801
8129,5756
8130,5658
8131,5886
8132,5653
8133,5495
8134,5484
8135,5456
8136,5361
8137,5374
8138,5361
8139,5274
8140,5209
8141,5279
8142,5224
8143,5266
8144,5120
8145,5008
8146,5034
8147,5134
8148,4894
8149,4671
8150,4816
8151,4775
8152,4767
8153,4695
8154,4686
8155,4563
8156,4537
8157,4487
8158,4456
8159,4468
8160,4250
8161,4344
8162,4348
8163,4370
8164,4282
8165,4159
8166,4092
8167,4133
8168,4152
8169,4168
8170,4117
8171,3948
8172,3874
8173,3758
8174,3906
8175,3790
8176,3736
8177,3708
8178,3761
8179,3608
8180,3523
8181,3481
8182,3510
8183,3410
8184,3539
8185,3445
8186,3278
8187,3364
8188,3293
8189,3276
8190,3206
8191,3209
8192,3131
8193,2964
8194,3080
8195,3059
8196,3017
8197,3020
8198,2911
8199,2876
8200,2711
8201,2756
8202,2796
8203,2745
8204,2697
8205,2613
8206,2563
8207,2580
8208,2542
8209,2548
8210,2489
8211,2477
8212,2503
8213,2367
8214,2418
8215,2299
8216,2257
8217,2367
8218,2193
8219,2308
8220,2102
8221,2142
8222,2182
8223,2153
8224,2091
8225,2013
8226,2068
8227,2004
8228,1961
8229,1928
8230,1893
8231,1943
8232,1910
8233,1853
8234,1830
8235,1739
8236,1730
8237,1705
8238,1743
8239,1691
8240,1587
8241,1682
8242,1576
8243,1592
8244,1564
8245,1555
8246,1460
8247,1476
8248,1483
8249,1397
8250,1402
8251,1379
8252,1320
8253,1272
8254,1397
8255,1321
8256,1264
8257,1248
8258,1210
8259,1161
8260,1179
8261,1151
8262,1081
8263,1176
8264,1136
8265,1143
8266,1077
8267,1074
8268,1051
8269,1010
8270,933
8271,1021
8272,986
8273,961
8274,934
8275,915
8276,897
8277,866
8278,845
8279,841
8280,829
8281,772
8282,757
8283,823
8284,813
8285,735
8286,728
8287,675
8288,709
8289,673
8290,660
8291,626
8292,680
8293,642
8294,668
8295,642
8296,579
8297,559
8298,612
8299,547
8300,589
8301,541
8302,580
8303,516
8304,549
8305,485
8306,468
8307,509
8308,482
8309,460
8310,432
8311,448
8312,419
8313,433
8314,413
8315,399
8316,401
8317,408
8318,393
8319,345
8320,365
8321,340
8322,340
8323,304
8324,344
8325,298
8326,328
8327,324
8328,339
8329,319
8330,285
8331,278
8332,276
8333,254
8334,250
8335,277
8336,237
8337,258
8338,234
8339,225
8340,178
8341,246
8342,233
8343,205
8344,227
8345,225
8346,191
8347,190
8348,193
8349,162
8350,187
8351,182
8352,160
8353,171
8354,173
8355,168
8356,178
8357,166
8358,149
8359,161
8360,143
8361,145
8362,138
8363,135
8364,134
8365,127
8366,110
8367,97
8368,134
8369,104
8370,121
8371,111
8372,105
8373,97
8374,114
8375,93
8376,94
8377,84
8378,78
8379,70
8380,78
8381,63
8382,74
8383,67
8384,82
8385,76
8386,58
8387,53
8388,64
8389,59
8390,57
8391,65
8392,63
8393,63
8394,46
8395,62
8396,49
8397,55
8398,59
8399,56
8400,50
8401,42
8402,39
8403,42
8404,38
8405,36
8406,37
8407,37
8408,31
8409,31
8410,23
8411,29
8412,34
8413,38
8414,20
8415,27
8416,26
8417,38
8418,17
8419,28
8420,22
8421,31
8422,23
8423,29
8424,20
8425,25
8426,18
8427,29
8428,23
8429,17
8430,17
8431,11
8432,14
8433,20
8434,16
8435,17
8436,18
8437,17
8438,15
8439,12
8440,13
8441,6
8442,19
8443,16
8444,10
8445,6
8446,20
8447,6
8448,13
8449,7
8450,13
8451,12
8452,11
8453,6
8454,12
8455,6
8456,7
8457,8
8458,7
8459,2
8460,11
8461,4
8462,2
8463,8
8464,5
8465,9
8466,4
8467,7
8468,1
8469,1
8470,5
8471,10
8472,2
8474,5
8475,1
8476,7
8477,4
8478,2
8479,2
8480,3
8481,4
8482,3
8483,4
8484,5
8485,3
8486,3
8487,2
8490,2
8492,1
8493,2
8494,3
8495,1
8496,1
8497,1
8499,1
8500,2
8501,1
8502,1
8503,1
8504,1
8505,1
8506,1
8507,2
8510,1
8512,2
8513,1
8515,1
8517,1
8519,2
8521,1
8524,1
8530,2
8532,1
8549,1
