2430,1
2505,1
2529,1
2541,1
2560,1
2585,2
2587,1
2595,1
2602,1
2608,1
2626,1
2636,1
2648,1
2655,1
2657,1
2659,1
2661,2
2662,1
2663,1
2667,1
2673,1
2674,1
2678,1
2680,2
2682,1
2684,1
2686,1
2687,2
2689,1
2692,2
2694,1
2695,2
2698,1
2700,1
2704,2
2710,2
2715,1
2717,2
2723,1
2724,1
2725,2
2726,1
2727,1
2730,1
2732,1
2733,1
2735,1
2736,1
2740,2
2741,1
2742,1
2743,1
2746,2
2748,1
2749,3
2752,3
2754,2
2755,1
2756,2
2757,1
2759,1
2760,3
2761,3
2763,3
2764,2
2765,1
2766,2
2767,1
2768,2
2769,2
2771,2
2772,2
2773,2
2775,3
2777,1
2778,1
2779,5
2780,4
2781,5
2782,1
2784,2
2785,2
2786,2
2787,2
2788,1
2789,3
2790,1
2791,1
2792,2
2794,2
2795,2
2796,1
2797,3
2798,1
2799,7
2800,3
2801,1
2802,3
2803,2
2804,4
2805,1
2806,1
2807,3
2808,1
2809,4
2810,1
2811,1
2812,2
2813,1
2814,3
2815,4
2816,1
2817,2
2818,4
2819,3
2820,2
2821,2
2822,5
2823,2
2824,4
2826,2
2827,2
2828,1
2829,2
2830,2
2831,1
2832,4
2833,2
2834,5
2835,2
2836,3
2837,2
2838,1
2839,1
2840,4
2841,2
2842,1
2843,3
2844,4
2845,1
2846,4
2847,3
2848,6
2849,4
2850,4
2851,4
2852,6
2853,3
2854,7
2855,3
2856,4
2857,2
2858,5
2859,8
2860,6
2861,4
2862,5
2863,5
2864,7
2865,6
2866,4
2867,4
2868,4
2869,5
2870,5
2871,4
2872,2
2873,5
2874,4
2875,7
2876,6
2877,6
2878,5
2879,5
2880,6
2881,5
2882,5
2883,3
2884,6
2885,4
2886,4
2887,6
2888,5
2889,4
2890,6
2891,5
2892,7
2893,2
2894,6
2895,2
2896,3
2897,6
2898,5
2899,7
2900,8
2901,7
2902,6
2903,3
2904,4
2905,8
2906,2
2907,10
2908,3
2909,6
2910,4
2911,6
2912,8
2913,7
2914,8
2915,7
2916,12
2917,5
2918,7
2919,9
2920,4
2921,7
2922,8
2923,7
2924,4
2925,8
2926,11
2927,6
2928,4
2929,8
2930,4
2931,8
2932,4
2933,6
2934,8
2935,11
2936,5
2937,11
2938,15
2939,6
2940,9
2941,2
2942,12
2943,10
2944,13
2945,14
2946,18
2947,10
2948,10
2949,8
2950,9
2951,7
2952,8
2953,14
2954,17
2955,9
2956,11
2957,13
2958,7
2959,14
2960,10
2961,11
2962,13
2963,20
2964,8
2965,8
2966,7
2967,9
2968,13
2969,11
2970,7
2971,11
2972,12
2973,10
2974,10
2975,4
2976,16
2977,12
2978,14
2979,11
2980,18
2981,16
2982,8
2983,10
2984,17
2985,24
2986,15
2987,13
2988,14
2989,9
2990,16
2991,15
2992,12
2993,14
2994,16
2995,19
2996,13
2997,13
2998,11
2999,20
3000,17
3001,19
3002,8
3003,16
3004,14
3005,13
3006,14
3007,15
3008,13
3009,18
3010,11
3011,18
3012,12
3013,14
3014,18
3015,15
3016,13
3017,13
3018,13
3019,20
3020,16
3021,17
3022,20
3023,22
3024,13
3025,22
3026,16
3027,20
3028,15
3029,13
3030,13
3031,21
3032,20
3033,16
3034,21
3035,23
3036,19
3037,17
3038,17
3039,21
3040,12
3041,23
3042,13
3043,28
3044,20
3045,24
3046,16
3047,16
3048,23
3049,23
3050,17
3051,28
3052,24
3053,20
3054,28
3055,31
3056,24
3057,28
3058,19
3059,20
3060,21
3061,10
3062,21
3063,24
3064,26
3065,18
3066,35
3067,29
3068,25
3069,23
3070,20
3071,27
3072,30
3073,26
3074,24
3075,28
3076,29
3077,28
3078,23
3079,30
3080,28
3081,36
3082,33
3083,30
3084,32
3085,26
3086,33
3087,36
3088,26
3089,38
3090,36
3091,30
3092,37
3093,30
3094,35
3095,42
3096,33
3097,37
3098,27
3099,30
3100,30
3101,37
3102,31
3103,32
3104,39
3105,31
3106,23
3107,33
3108,28
3109,28
3110,46
3111,45
3112,36
3113,35
3114,32
3115,37
3116,34
3117,39
3118,49
3119,42
3120,31
3121,41
3122,38
3123,33
3124,51
3125,32
3126,48
3127,39
3128,41
3129,42
3130,45
3131,52
3132,49
3133,52
3134,35
3135,39
3136,55
3137,39
3138,37
3139,33
3140,46
3141,47
3142,41
3143,57
3144,59
3145,43
3146,41
3147,42
3148,34
3149,36
3150,58
3151,37
3152,45
3153,48
3154,38
3155,42
3156,42
3157,51
3158,52
3159,45
3160,39
3161,50
3162,60
3163,46
3164,47
3165,46
3166,44
3167,53
3168,47
3169,53
3170,43
3171,57
3172,57
3173,44
3174,39
3175,47
3176,56
3177,55
3178,41
3179,52
3180,53
3181,75
3182,48
3183,45
3184,49
3185,58
3186,65
3187,58
3188,55
3189,56
3190,56
3191,76
3192,68
3193,52
3194,72
3195,63
3196,63
3197,66
3198,64
3199,66
3200,60
3201,69
3202,60
3203,63
3204,61
3205,64
3206,56
3207,67
3208,69
3209,64
3210,60
3211,63
3212,74
3213,60
3214,90
3215,73
3216,65
3217,72
3218,75
3219,51
3220,60
3221,77
3222,88
3223,83
3224,78
3225,66
3226,64
3227,78
3228,68
3229,84
3230,82
3231,78
3232,82
3233,79
3234,78
3235,85
3236,90
3237,74
3238,72
3239,75
3240,66
3241,87
3242,82
3243,92
3244,71
3245,101
3246,77
3247,74
3248,95
3249,92
3250,88
3251,84
3252,98
3253,84
3254,64
3255,85
3256,102
3257,91
3258,77
3259,88
3260,94
3261,92
3262,91
3263,119
3264,92
3265,84
3266,101
3267,79
3268,100
3269,96
3270,93
3271,94
3272,101
3273,96
3274,98
3275,99
3276,104
3277,107
3278,95
3279,82
3280,108
3281,97
3282,111
3283,106
3284,111
3285,97
3286,104
3287,122
3288,104
3289,114
3290,108
3291,120
3292,113
3293,92
3294,97
3295,101
3296,124
3297,103
3298,126
3299,115
3300,102
3301,110
3302,108
3303,114
3304,83
3305,117
3306,112
3307,123
3308,104
3309,126
3310,132
3311,105
3312,120
3313,122
3314,126
3315,125
3316,126
3317,144
3318,128
3319,133
3320,140
3321,130
3322,104
3323,131
3324,111
3325,124
3326,139
3327,127
3328,126
3329,113
3330,137
3331,131
3332,131
3333,125
3334,126
3335,161
3336,157
3337,137
3338,139
3339,126
3340,136
3341,147
3342,140
3343,167
3344,132
3345,142
3346,164
3347,138
3348,142
3349,133
3350,148
3351,156
3352,127
3353,139
3354,158
3355,139
3356,148
3357,152
3358,176
3359,123
3360,162
3361,172
3362,144
3363,189
3364,156
3365,168
3366,165
3367,166
3368,149
3369,150
3370,181
3371,162
3372,150
3373,159
3374,193
3375,166
3376,146
3377,172
3378,132
3379,185
3380,191
3381,162
3382,181
3383,176
3384,164
3385,182
3386,158
3387,180
3388,171
3389,208
3390,182
3391,194
3392,191
3393,193
3394,158
3395,176
3396,159
3397,184
3398,195
3399,185
3400,159
3401,201
3402,189
3403,190
3404,179
3405,183
3406,197
3407,207
3408,167
3409,213
3410,200
3411,171
3412,204
3413,176
3414,192
3415,189
3416,224
3417,200
3418,199
3419,207
3420,225
3421,193
3422,208
3423,212
3424,227
3425,201
3426,191
3427,213
3428,229
3429,218
3430,199
3431,225
3432,230
3433,227
3434,224
3435,263
3436,232
3437,225
3438,204
3439,232
3440,215
3441,252
3442,228
3443,250
3444,228
3445,237
3446,215
3447,237
3448,250
3449,224
3450,250
3451,222
3452,233
3453,261
3454,246
3455,256
3456,230
3457,244
3458,281
3459,268
3460,232
3461,252
3462,255
3463,251
3464,251
3465,244
3466,256
3467,214
3468,286
3469,273
3470,270
3471,276
3472,268
3473,265
3474,248
3475,254
3476,273
3477,273
3478,262
3479,267
3480,293
3481,281
3482,276
3483,280
3484,275
3485,265
3486,290
3487,279
3488,288
3489,265
3490,256
3491,266
3492,286
3493,272
3494,281
3495,278
3496,302
3497,313
3498,291
3499,295
3500,265
3501,280
3502,313
3503,320
3504,317
3505,288
3506,309
3507,349
3508,309
3509,289
3510,289
3511,314
3512,328
3513,283
3514,310
3515,301
3516,355
3517,315
3518,333
3519,311
3520,322
3521,339
3522,349
3523,332
3524,324
3525,369
3526,335
3527,322
3528,353
3529,337
3530,333
3531,297
3532,361
3533,329
3534,357
3535,385
3536,319
3537,363
3538,340
3539,364
3540,338
3541,357
3542,386
3543,387
3544,356
3545,372
3546,376
3547,364
3548,369
3549,380
3550,341
3551,363
3552,381
3553,382
3554,377
3555,380
3556,375
3557,375
3558,331
3559,413
3560,396
3561,384
3562,386
3563,387
3564,367
3565,438
3566,462
3567,366
3568,402
3569,406
3570,377
3571,392
3572,433
3573,406
3574,436
3575,393
3576,431
3577,440
3578,408
3579,433
3580,426
3581,430
3582,463
3583,414
3584,431
3585,456
3586,419
3587,417
3588,465
3589,453
3590,454
3591,417
3592,425
3593,408
3594,428
3595,463
3596,428
3597,463
3598,469
3599,481
3600,441
3601,449
3602,433
3603,468
3604,460
3605,504
3606,467
3607,465
3608,442
3609,489
3610,473
3611,495
3612,478
3613,463
3614,492
3615,459
3616,433
3617,471
3618,432
3619,468
3620,534
3621,477
3622,512
3623,519
3624,509
3625,507
3626,479
3627,488
3628,451
3629,501
3630,506
3631,535
3632,496
3633,474
3634,518
3635,535
3636,471
3637,523
3638,555
3639,471
3640,532
3641,555
3642,543
3643,562
3644,502
3645,528
3646,559
3647,526
3648,539
3649,521
3650,572
3651,594
3652,569
3653,536
3654,539
3655,562
3656,581
3657,561
3658,562
3659,570
3660,547
3661,554
3662,525
3663,555
3664,592
3665,550
3666,605
3667,584
3668,599
3669,603
3670,631
3671,603
3672,533
3673,597
3674,597
3675,625
3676,589
3677,616
3678,595
3679,573
3680,667
3681,597
3682,570
3683,620
3684,648
3685,631
3686,590
3687,608
3688,637
3689,661
3690,651
3691,624
3692,616
3693,683
3694,670
3695,641
3696,626
3697,673
3698,644
3699,638
3700,720
3701,611
3702,653
3703,689
3704,648
3705,665
3706,644
3707,691
3708,689
3709,673
3710,681
3711,715
3712,744
3713,697
3714,655
3715,710
3716,735
3717,687
3718,713
3719,651
3720,731
3721,796
3722,728
3723,732
3724,755
3725,740
3726,740
3727,740
3728,804
3729,723
3730,733
3731,722
3732,793
3733,742
3734,757
3735,771
3736,794
3737,745
3738,776
3739,766
3740,753
3741,767
3742,828
3743,763
3744,855
3745,810
3746,808
3747,806
3748,826
3749,764
3750,795
3751,785
3752,797
3753,835
3754,815
3755,765
3756,784
3757,829
3758,822
3759,837
3760,818
3761,888
3762,810
3763,854
3764,828
3765,868
3766,870
3767,863
3768,826
3769,834
3770,851
3771,801
3772,857
3773,821
3774,821
3775,843
3776,854
3777,857
3778,925
3779,838
3780,872
3781,897
3782,901
3783,864
3784,851
3785,901
3786,895
3787,945
3788,906
3789,959
3790,981
3791,1017
3792,941
3793,952
3794,994
3795,941
3796,906
3797,940
3798,899
3799,899
3800,902
3801,940
3802,956
3803,936
3804,987
3805,919
3806,962
3807,965
3808,927
3809,950
3810,965
3811,963
3812,1060
3813,955
3814,1007
3815,983
3816,1011
3817,953
3818,1041
3819,1012
3820,1006
3821,1006
3822,996
3823,1017
3824,1057
3825,1021
3826,1027
3827,1025
3828,1054
3829,993
3830,1031
3831,1021
3832,1070
3833,1105
3834,1045
3835,1061
3836,1091
3837,1081
3838,1016
3839,1093
3840,1041
3841,1085
3842,1084
3843,1124
3844,1121
3845,1153
3846,1080
3847,1141
3848,1127
3849,1137
3850,1103
3851,1122
3852,1164
3853,1121
3854,1160
3855,1144
3856,1125
3857,1174
3858,1138
3859,1134
3860,1115
3861,1129
3862,1202
3863,1202
3864,1171
3865,1141
3866,1194
3867,1194
3868,1183
3869,1204
3870,1244
3871,1201
3872,1203
3873,1162
3874,1216
3875,1203
3876,1181
3877,1252
3878,1255
3879,1208
3880,1238
3881,1225
3882,1227
3883,1258
3884,1182
3885,1212
3886,1277
3887,1212
3888,1313
3889,1247
3890,1249
3891,1294
3892,1249
3893,1267
3894,1265
3895,1296
3896,1310
3897,1377
3898,1336
3899,1285
3900,1308
3901,1292
3902,1248
3903,1308
3904,1377
3905,1309
3906,1324
3907,1295
3908,1361
3909,1406
3910,1322
3911,1401
3912,1323
3913,1370
3914,1473
3915,1348
3916,1380
3917,1393
3918,1353
3919,1440
3920,1418
3921,1430
3922,1421
3923,1391
3924,1399
3925,1398
3926,1451
3927,1475
3928,1389
3929,1454
3930,1457
3931,1421
3932,1455
3933,1506
3934,1526
3935,1412
3936,1505
3937,1488
3938,1465
3939,1440
3940,1496
3941,1485
3942,1479
3943,1551
3944,1547
3945,1498
3946,1549
3947,1496
3948,1496
3949,1576
3950,1532
3951,1541
3952,1548
3953,1515
3954,1495
3955,1549
3956,1587
3957,1574
3958,1568
3959,1537
3960,1629
3961,1629
3962,1579
3963,1584
3964,1659
3965,1609
3966,1688
3967,1591
3968,1642
3969,1717
3970,1649
3971,1602
3972,1575
3973,1587
3974,1690
3975,1692
3976,1529
3977,1694
3978,1707
3979,1674
3980,1661
3981,1662
3982,1675
3983,1634
3984,1650
3985,1673
3986,1667
3987,1712
3988,1661
3989,1731
3990,1677
3991,1712
3992,1763
3993,1773
3994,1724
3995,1703
3996,1677
3997,1767
3998,1789
3999,1757
4000,1761
4001,1697
4002,1831
4003,1740
4004,1809
4005,1827
4006,1782
4007,1790
4008,1806
4009,1803
4010,1894
4011,1827
4012,1812
4013,1864
4014,1907
4015,1762
4016,1895
4017,1884
4018,1936
4019,1912
4020,1860
4021,1897
4022,1850
4023,1866
4024,1898
4025,1893
4026,1990
4027,1947
4028,1893
4029,1887
4030,1918
4031,1952
4032,1897
4033,1911
4034,1925
4035,1930
4036,2011
4037,1936
4038,1932
4039,2001
4040,1957
4041,1909
4042,2063
4043,2026
4044,1977
4045,2021
4046,2093
4047,2027
4048,2003
4049,2056
4050,2022
4051,2047
4052,2124
4053,2118
4054,2179
4055,2107
4056,2080
4057,2034
4058,2106
4059,2041
4060,2120
4061,2122
4062,1982
4063,2070
4064,2012
4065,2050
4066,2148
4067,2103
4068,2246
4069,2167
4070,2139
4071,2172
4072,2228
4073,2137
4074,2174
4075,2183
4076,2170
4077,2205
4078,2205
4079,2248
4080,2227
4081,2247
4082,2235
4083,2304
4084,2183
4085,2234
4086,2230
4087,2168
4088,2305
4089,2197
4090,2291
4091,2295
4092,2272
4093,2293
4094,2295
4095,2200
4096,2278
4097,2349
4098,2327
4099,2368
4100,2261
4101,2370
4102,2422
4103,2382
4104,2383
4105,2350
4106,2373
4107,2471
4108,2348
4109,2403
4110,2415
4111,2396
4112,2376
4113,2443
4114,2448
4115,2418
4116,2353
4117,2475
4118,2442
4119,2465
4120,2553
4121,2485
4122,2516
4123,2427
4124,2547
4125,2458
4126,2587
4127,2564
4128,2622
4129,2593
4130,2552
4131,2582
4132,2521
4133,2492
4134,2553
4135,2524
4136,2530
4137,2626
4138,2494
4139,2566
4140,2620
4141,2621
4142,2605
4143,2691
4144,2630
4145,2669
4146,2729
4147,2619
4148,2678
4149,2619
4150,2650
4151,2750
4152,2648
4153,2725
4154,2639
4155,2734
4156,2590
4157,2652
4158,2699
4159,2670
4160,2763
4161,2685
4162,2762
4163,2728
4164,2757
4165,2728
4166,2837
4167,2802
4168,2816
4169,2907
4170,2730
4171,2793
4172,2982
4173,2876
4174,2829
4175,2925
4176,2782
4177,2857
4178,2882
4179,2870
4180,2822
4181,2854
4182,2858
4183,2889
4184,2942
4185,2951
4186,2897
4187,2906
4188,2944
4189,2941
4190,2899
4191,2966
4192,3085
4193,3041
4194,2994
4195,2909
4196,3085
4197,2978
4198,3039
4199,3086
4200,3037
4201,2990
4202,3087
4203,3035
4204,3102
4205,3041
4206,3082
4207,3109
4208,3121
4209,3135
4210,3191
4211,3116
4212,3137
4213,3130
4214,3170
4215,3151
4216,3099
4217,3170
4218,3095
4219,3254
4220,3213
4221,3222
4222,3172
4223,3261
4224,3235
4225,3176
4226,3144
4227,3288
4228,3267
4229,3324
4230,3262
4231,3194
4232,3261
4233,3366
4234,3270
4235,3383
4236,3337
4237,3338
4238,3359
4239,3317
4240,3370
4241,3345
4242,3408
4243,3408
4244,3408
4245,3306
4246,3369
4247,3369
4248,3318
4249,3386
4250,3427
4251,3435
4252,3436
4253,3417
4254,3492
4255,3551
4256,3635
4257,3488
4258,3465
4259,3426
4260,3442
4261,3580
4262,3472
4263,3494
4264,3538
4265,3599
4266,3601
4267,3509
4268,3685
4269,3618
4270,3674
4271,3659
4272,3674
4273,3576
4274,3684
4275,3666
4276,3671
4277,3759
4278,3643
4279,3730
4280,3703
4281,3713
4282,3665
4283,3670
4284,3758
4285,3797
4286,3776
4287,3761
4288,3684
4289,3735
4290,3711
4291,3835
4292,3751
4293,3798
4294,3778
4295,3822
4296,3825
4297,3894
4298,3903
4299,3886
4300,3897
4301,3882
4302,3831
4303,3967
4304,3871
4305,3882
4306,3801
4307,3912
4308,3944
4309,3968
4310,3898
4311,4032
4312,4018
4313,3942
4314,4123
4315,4046
4316,3959
4317,4102
4318,4004
4319,4005
4320,4051
4321,3950
4322,4050
4323,4028
4324,4116
4325,4073
4326,4154
4327,4181
4328,4120
4329,4219
4330,4114
4331,4141
4332,4060
4333,4320
4334,4257
4335,4186
4336,4123
4337,4244
4338,4177
4339,4227
4340,4205
4341,4246
4342,4247
4343,4244
4344,4316
4345,4271
4346,4224
4347,4312
4348,4196
4349,4388
4350,4354
4351,4326
4352,4355
4353,4334
4354,4466
4355,4363
4356,4340
4357,4412
4358,4325
4359,4388
4360,4374
4361,4410
4362,4480
4363,4498
4364,4403
4365,4446
4366,4487
4367,4466
4368,4474
4369,4561
4370,4509
4371,4533
4372,4584
4373,4631
4374,4670
4375,4587
4376,4469
4377,4585
4378,4566
4379,4605
4380,4458
4381,4846
4382,4556
4383,4692
4384,4695
4385,4687
4386,4778
4387,4695
4388,4724
4389,4640
4390,4856
4391,4730
4392,4722
4393,4748
4394,4799
4395,4819
4396,4780
4397,4851
4398,4803
4399,4788
4400,4862
4401,4965
4402,4848
4403,4813
4404,4795
4405,4842
4406,4782
4407,4916
4408,4748
4409,4867
4410,4887
4411,4957
4412,4947
4413,4897
4414,4955
4415,4932
4416,4845
4417,5135
4418,5036
4419,5089
4420,5070
4421,5053
4422,5066
4423,5015
4424,4968
4425,5184
4426,5215
4427,5018
4428,4976
4429,5102
4430,5155
4431,5073
4432,5012
4433,5271
4434,5207
4435,5039
4436,4985
4437,5210
4438,5179
4439,5164
4440,5283
4441,5385
4442,5318
4443,5195
4444,5319
4445,5332
4446,5420
4447,5344
4448,5382
4449,5298
4450,5363
4451,5243
4452,5410
4453,5317
4454,5431
4455,5385
4456,5387
4457,5454
4458,5339
4459,5430
4460,5472
4461,5471
4462,5439
4463,5322
4464,5475
4465,5473
4466,5603
4467,5565
4468,5554
4469,5608
4470,5411
4471,5474
4472,5404
4473,5512
4474,5548
4475,5475
4476,5582
4477,5569
4478,5547
4479,5623
4480,5622
4481,5665
4482,5579
4483,5660
4484,5718
4485,5687
4486,5771
4487,5713
4488,5668
4489,5661
4490,5644
4491,5655
4492,5782
4493,5719
4494,5848
4495,5684
4496,5735
4497,5772
4498,5873
4499,5848
4500,5889
4501,5785
4502,5854
4503,5797
4504,5892
4505,5736
4506,5867
4507,5975
4508,5911
4509,5875
4510,5837
4511,5973
4512,6109
4513,6073
4514,6000
4515,6072
4516,5971
4517,6111
4518,6033
4519,6026
4520,5910
4521,6073
4522,6116
4523,6018
4524,6194
4525,6035
4526,6015
4527,6038
4528,5911
4529,6215
4530,6112
4531,6310
4532,6097
4533,6235
4534,6182
4535,6065
4536,6219
4537,6258
4538,6214
4539,6073
4540,6295
4541,6224
4542,6347
4543,6293
4544,6257
4545,6270
4546,6227
4547,6372
4548,6403
4549,6277
4550,6348
4551,6170
4552,6359
4553,6344
4554,6254
4555,6308
4556,6376
4557,6481
4558,6330
4559,6383
4560,6358
4561,6434
4562,6354
4563,6501
4564,6737
4565,6422
4566,6494
4567,6420
4568,6421
4569,6522
4570,6492
4571,6545
4572,6474
4573,6501
4574,6615
4575,6520
4576,6736
4577,6702
4578,6622
4579,6639
4580,6733
4581,6610
4582,6654
4583,6697
4584,6726
4585,6730
4586,6603
4587,6814
4588,6736
4589,6796
4590,6789
4591,6649
4592,6775
4593,6820
4594,6840
4595,6762
4596,6865
4597,6975
4598,6759
4599,6833
4600,6809
4601,6965
4602,6861
4603,6851
4604,6716
4605,6858
4606,7002
4607,6903
4608,6877
4609,6798
4610,7035
4611,6940
4612,6924
4613,6974
4614,6975
4615,7022
4616,7040
4617,6927
4618,7031
4619,6909
4620,7148
4621,7044
4622,7053
4623,7024
4624,6854
4625,7108
4626,7011
4627,7049
4628,7124
4629,7174
4630,7147
4631,7176
4632,7295
4633,7065
4634,7148
4635,7317
4636,7222
4637,7136
4638,7184
4639,7144
4640,7164
4641,7350
4642,7309
4643,7254
4644,7310
4645,7268
4646,7301
4647,7248
4648,7172
4649,7244
4650,7308
4651,7285
4652,7288
4653,7401
4654,7293
4655,7413
4656,7393
4657,7432
4658,7363
4659,7289
4660,7321
4661,7290
4662,7584
4663,7407
4664,7584
4665,7570
4666,7551
4667,7473
4668,7431
4669,7623
4670,7584
4671,7513
4672,7507
4673,7502
4674,7701
4675,7591
4676,7502
4677,7599
4678,7560
4679,7587
4680,7577
4681,7567
4682,7657
4683,7566
4684,7689
4685,7578
4686,7651
4687,7672
4688,7756
4689,7638
4690,7854
4691,7860
4692,7679
4693,7521
4694,7620
4695,7715
4696,7837
4697,7766
4698,7745
4699,7821
4700,7688
4701,7689
4702,7849
4703,8017
4704,7804
4705,7925
4706,7762
4707,7894
4708,7780
4709,7948
4710,7759
4711,7949
4712,7916
4713,7833
4714,7856
4715,7820
4716,8006
4717,7912
4718,7958
4719,7740
4720,8005
4721,8031
4722,7957
4723,7887
4724,7930
4725,7979
4726,7975
4727,8083
4728,8038
4729,7977
4730,8015
4731,7962
4732,8112
4733,8031
4734,8032
4735,8158
4736,8051
4737,8069
4738,8066
4739,8122
4740,8026
4741,8127
4742,8177
4743,7960
4744,8159
4745,8207
4746,8072
4747,8114
4748,8088
4749,8139
4750,8289
4751,8041
4752,8318
4753,8063
4754,8153
4755,8176
4756,8005
4757,8184
4758,8188
4759,8302
4760,8415
4761,8051
4762,8245
4763,8347
4764,8280
4765,8288
4766,8262
4767,8193
4768,8163
4769,8293
4770,8497
4771,8408
4772,8223
4773,8427
4774,8369
4775,8310
4776,8334
4777,8489
4778,8277
4779,8551
4780,8366
4781,8493
4782,8413
4783,8254
4784,8301
4785,8505
4786,8382
4787,8262
4788,8396
4789,8570
4790,8383
4791,8402
4792,8468
4793,8610
4794,8593
4795,8726
4796,8393
4797,8598
4798,8566
4799,8359
4800,8541
4801,8559
4802,8465
4803,8435
4804,8707
4805,8652
4806,8543
4807,8473
4808,8557
4809,8556
4810,8377
4811,8420
4812,8530
4813,8598
4814,8581
4815,8778
4816,8619
4817,8641
4818,8627
4819,8664
4820,8662
4821,8693
4822,8662
4823,8669
4824,8554
4825,8478
4826,8689
4827,8625
4828,8698
4829,8688
4830,8725
4831,8672
4832,8788
4833,8572
4834,8846
4835,8778
4836,8647
4837,8686
4838,8663
4839,8628
4840,8871
4841,8736
4842,8824
4843,8620
4844,8797
4845,8689
4846,8874
4847,8848
4848,8702
4849,8921
4850,8915
4851,8776
4852,8876
4853,8591
4854,8928
4855,8663
4856,8812
4857,8742
4858,8865
4859,8776
4860,8831
4861,8849
4862,8906
4863,8842
4864,8778
4865,8892
4866,8906
4867,8978
4868,8844
4869,8852
4870,8973
4871,8859
4872,8824
4873,8868
4874,9068
4875,8810
4876,8991
4877,8913
4878,8942
4879,9002
4880,9053
4881,8851
4882,8868
4883,9099
4884,9138
4885,9019
4886,9036
4887,9008
4888,9081
4889,9025
4890,9060
4891,8895
4892,8963
4893,8936
4894,8987
4895,9050
4896,8939
4897,9023
4898,8922
4899,8941
4900,8958
4901,8882
4902,8966
4903,9022
4904,9007
4905,8966
4906,9253
4907,9173
4908,8951
4909,9174
4910,9143
4911,9031
4912,9281
4913,9074
4914,9169
4915,9158
4916,9007
4917,9132
4918,9034
4919,9206
4920,9134
4921,8972
4922,9008
4923,9206
4924,9041
4925,9087
4926,9103
4927,9122
4928,8908
4929,9030
4930,9168
4931,9139
4932,9096
4933,9095
4934,9067
4935,9128
4936,9201
4937,9382
4938,9039
4939,9202
4940,9080
4941,9224
4942,9278
4943,9220
4944,8910
4945,9020
4946,8997
4947,9129
4948,9105
4949,9185
4950,9070
4951,9062
4952,8926
4953,9186
4954,9247
4955,9049
4956,9201
4957,9239
4958,9114
4959,9172
4960,9081
4961,9086
4962,9207
4963,9159
4964,9103
4965,9386
4966,9097
4967,9020
4968,9231
4969,9273
4970,9133
4971,9115
4972,9115
4973,9119
4974,9258
4975,9028
4976,9100
4977,9132
4978,9177
4979,9174
4980,9156
4981,9138
4982,9095
4983,9234
4984,9093
4985,9138
4986,9147
4987,9390
4988,9206
4989,9260
4990,9146
4991,9037
4992,9273
4993,9211
4994,9080
4995,9207
4996,9130
4997,9190
4998,9185
4999,9166
5000,9181
5001,9302
5002,9062
5003,9179
5004,8985
5005,9115
5006,9230
5007,9133
5008,9186
5009,9146
5010,9326
5011,9327
5012,9254
5013,9060
5014,9186
5015,9314
5016,9247
5017,9216
5018,8976
5019,9102
5020,9084
5021,9104
5022,9056
5023,9150
5024,9292
5025,9171
5026,9188
5027,9134
5028,9137
5029,9262
5030,9241
5031,9140
5032,9169
5033,9003
5034,9163
5035,9121
5036,9091
5037,9048
5038,9145
5039,9110
5040,9269
5041,9274
5042,9058
5043,9196
5044,9000
5045,9170
5046,8904
5047,9137
5048,9104
5049,9276
5050,9141
5051,9212
5052,9195
5053,9010
5054,9110
5055,8887
5056,9083
5057,9186
5058,9227
5059,9047
5060,9128
5061,9143
5062,8955
5063,9300
5064,9110
5065,9115
5066,9026
5067,9106
5068,9137
5069,8998
5070,9222
5071,9094
5072,9223
5073,9062
5074,8857
5075,9175
5076,8909
5077,9012
5078,9043
5079,8939
5080,9086
5081,9096
5082,9077
5083,9059
5084,8968
5085,9157
5086,9120
5087,9079
5088,9014
5089,9001
5090,9004
5091,9000
5092,9009
5093,8993
5094,9015
5095,9111
5096,9199
5097,9048
5098,8921
5099,8882
5100,9027
5101,9174
5102,8910
5103,8944
5104,8958
5105,8870
5106,8890
5107,9094
5108,9053
5109,9135
5110,8939
5111,8978
5112,9109
5113,8830
5114,8822
5115,8927
5116,8942
5117,9007
5118,8857
5119,9104
5120,8825
5121,8844
5122,9024
5123,8942
5124,8862
5125,8905
5126,8942
5127,8870
5128,8866
5129,8830
5130,8969
5131,8883
5132,8999
5133,8861
5134,8931
5135,8955
5136,8872
5137,8777
5138,8750
5139,8900
5140,8763
5141,8851
5142,8764
5143,8798
5144,8860
5145,8979
5146,8755
5147,8773
5148,8960
5149,8738
5150,8901
5151,8773
5152,8704
5153,8736
5154,8887
5155,8797
5156,8705
5157,8781
5158,8865
5159,8907
5160,8769
5161,8810
5162,8805
5163,8728
5164,8880
5165,8766
5166,8799
5167,8628
5168,8696
5169,8750
5170,8648
5171,8617
5172,8596
5173,8853
5174,8428
5175,8506
5176,8758
5177,8615
5178,8724
5179,8461
5180,8606
5181,8552
5182,8772
5183,8556
5184,8610
5185,8651
5186,8676
5187,8501
5188,8573
5189,8445
5190,8518
5191,8703
5192,8574
5193,8596
5194,8627
5195,8569
5196,8565
5197,8665
5198,8490
5199,8519
5200,8473
5201,8481
5202,8550
5203,8391
5204,8479
5205,8566
5206,8512
5207,8276
5208,8479
5209,8322
5210,8536
5211,8450
5212,8503
5213,8391
5214,8345
5215,8407
5216,8441
5217,8317
5218,8321
5219,8420
5220,8437
5221,8449
5222,8286
5223,8282
5224,8284
5225,8317
5226,8201
5227,8439
5228,8119
5229,8370
5230,8223
5231,8326
5232,8212
5233,8150
5234,8108
5235,8343
5236,8197
5237,8286
5238,8313
5239,8324
5240,8310
5241,8174
5242,8272
5243,8381
5244,8275
5245,8412
5246,8350
5247,8212
5248,8210
5249,8033
5250,8041
5251,8136
5252,8091
5253,8216
5254,8141
5255,8007
5256,7962
5257,7930
5258,8191
5259,8127
5260,8206
5261,8173
5262,7969
5263,8174
5264,7920
5265,8202
5266,7988
5267,8041
5268,8014
5269,7997
5270,8011
5271,8022
5272,8041
5273,8008
5274,7982
5275,7826
5276,7981
5277,8001
5278,8128
5279,7989
5280,8027
5281,7938
5282,7817
5283,7804
5284,7872
5285,7792
5286,7892
5287,7874
5288,7846
5289,7935
5290,7862
5291,8005
5292,7774
5293,7761
5294,7902
5295,7974
5296,7879
5297,7774
5298,7769
5299,7699
5300,7603
5301,7694
5302,7924
5303,7788
5304,7693
5305,7812
5306,7652
5307,7653
5308,7571
5309,7795
5310,7616
5311,7818
5312,7666
5313,7707
5314,7524
5315,7574
5316,7575
5317,7580
5318,7646
5319,7614
5320,7630
5321,7567
5322,7593
5323,7475
5324,7755
5325,7466
5326,7515
5327,7627
5328,7428
5329,7435
5330,7431
5331,7653
5332,7566
5333,7521
5334,7460
5335,7443
5336,7511
5337,7537
5338,7386
5339,7385
5340,7328
5341,7415
5342,7551
5343,7380
5344,7336
5345,7440
5346,7432
5347,7488
5348,7296
5349,7394
5350,7313
5351,7285
5352,7216
5353,7368
5354,7242
5355,7317
5356,7300
5357,7207
5358,7354
5359,7319
5360,7203
5361,6968
5362,7274
5363,7244
5364,7160
5365,7130
5366,7293
5367,7066
5368,7090
5369,7188
5370,7102
5371,7203
5372,7147
5373,7017
5374,7133
5375,7117
5376,7002
5377,7048
5378,7062
5379,7051
5380,6983
5381,6928
5382,7009
5383,6990
5384,6984
5385,7070
5386,6872
5387,7007
5388,7021
5389,6919
5390,6942
5391,6957
5392,6991
5393,6931
5394,6892
5395,7091
5396,6741
5397,6916
5398,6945
5399,6818
5400,6659
5401,6695
5402,6897
5403,6797
5404,6910
5405,6776
5406,6755
5407,6802
5408,6794
5409,6698
5410,6621
5411,6717
5412,6842
5413,6688
5414,6669
5415,6594
5416,6678
5417,6647
5418,6683
5419,6549
5420,6649
5421,6618
5422,6595
5423,6600
5424,6669
5425,6666
5426,6586
5427,6600
5428,6438
5429,6595
5430,6630
5431,6665
5432,6495
5433,6487
5434,6570
5435,6402
5436,6697
5437,6512
5438,6517
5439,6506
5440,6465
5441,6336
5442,6476
5443,6394
5444,6334
5445,6446
5446,6516
5447,6420
5448,6400
5449,6393
5450,6485
5451,6210
5452,6374
5453,6252
5454,6415
5455,6248
5456,6199
5457,6275
5458,6296
5459,6101
5460,6271
5461,6125
5462,6273
5463,6219
5464,6278
5465,6140
5466,6165
5467,6241
5468,6003
5469,6188
5470,6227
5471,6041
5472,6133
5473,6010
5474,6048
5475,6037
5476,6183
5477,6161
5478,5975
5479,5924
5480,6102
5481,5987
5482,5966
5483,6072
5484,5770
5485,5825
5486,6000
5487,5923
5488,5869
5489,6044
5490,5862
5491,5912
5492,5845
5493,5882
5494,5903
5495,5780
5496,5779
5497,5913
5498,5857
5499,5940
5500,5794
5501,5886
5502,5650
5503,5873
5504,5844
5505,5835
5506,5619
5507,5694
5508,5759
5509,5703
5510,5710
5511,5569
5512,5695
5513,5625
5514,5544
5515,5697
5516,5711
5517,5812
5518,5613
5519,5656
5520,5597
5521,5584
5522,5464
5523,5684
5524,5600
5525,5596
5526,5672
5527,5567
5528,5525
5529,5627
5530,5560
5531,5530
5532,5522
5533,5495
5534,5451
5535,5559
5536,5459
5537,5460
5538,5408
5539,5603
5540,5316
5541,5436
5542,5471
5543,5503
5544,5387
5545,5394
5546,5291
5547,5382
5548,5326
5549,5268
5550,5271
5551,5237
5552,5386
5553,5306
5554,5356
5555,5227
5556,5257
5557,5271
5558,5118
5559,5274
5560,5234
5561,5196
5562,5209
5563,5129
5564,5122
5565,5287
5566,5189
5567,5103
5568,5083
5569,5059
5570,5155
5571,5218
5572,5178
5573,4977
5574,5029
5575,4962
5576,5112
5577,5027
5578,4953
5579,5038
5580,4942
5581,5080
5582,4986
5583,4984
5584,4884
5585,4890
5586,4870
5587,5093
5588,4981
5589,4989
5590,4905
5591,4789
5592,4890
5593,4920
5594,4864
5595,4861
5596,4797
5597,4888
5598,4869
5599,4778
5600,4810
5601,4876
5602,4768
5603,4840
5604,4832
5605,4744
5606,4751
5607,4773
5608,4710
5609,4762
5610,4761
5611,4621
5612,4545
5613,4713
5614,4587
5615,4652
5616,4692
5617,4688
5618,4494
5619,4712
5620,4623
5621,4641
5622,4643
5623,4730
5624,4639
5625,4551
5626,4584
5627,4543
5628,4459
5629,4403
5630,4636
5631,4539
5632,4586
5633,4576
5634,4503
5635,4494
5636,4455
5637,4459
5638,4454
5639,4346
5640,4520
5641,4416
5642,4447
5643,4546
5644,4403
5645,4390
5646,4397
5647,4326
5648,4378
5649,4361
5650,4263
5651,4398
5652,4246
5653,4349
5654,4272
5655,4229
5656,4269
5657,4266
5658,4249
5659,4390
5660,4282
5661,4229
5662,4270
5663,4222
5664,4197
5665,4275
5666,4222
5667,4097
5668,4107
5669,4198
5670,4143
5671,4104
5672,4192
5673,4021
5674,4164
5675,4152
5676,4054
5677,4002
5678,4127
5679,4060
5680,3976
5681,4098
5682,4176
5683,4019
5684,3987
5685,3944
5686,3959
5687,3903
5688,3920
5689,3871
5690,3930
5691,3953
5692,3933
5693,3857
5694,3903
5695,3823
5696,3930
5697,3838
5698,3887
5699,3826
5700,3843
5701,3844
5702,3846
5703,3761
5704,3931
5705,3841
5706,3903
5707,3663
5708,3786
5709,3705
5710,3811
5711,3710
5712,3853
5713,3770
5714,3705
5715,3799
5716,3800
5717,3748
5718,3743
5719,3695
5720,3710
5721,3731
5722,3579
5723,3731
5724,3754
5725,3681
5726,3730
5727,3743
5728,3624
5729,3591
5730,3606
5731,3590
5732,3608
5733,3446
5734,3517
5735,3520
5736,3552
5737,3629
5738,3506
5739,3431
5740,3479
5741,3543
5742,3510
5743,3513
5744,3455
5745,3522
5746,3435
5747,3482
5748,3468
5749,3373
5750,3472
5751,3526
5752,3410
5753,3454
5754,3442
5755,3485
5756,3402
5757,3319
5758,3445
5759,3341
5760,3419
5761,3344
5762,3399
5763,3292
5764,3278
5765,3386
5766,3347
5767,3342
5768,3280
5769,3362
5770,3244
5771,3158
5772,3239
5773,3311
5774,3237
5775,3258
5776,3272
5777,3359
5778,3132
5779,3172
5780,3222
5781,3255
5782,3155
5783,3118
5784,3213
5785,3164
5786,3138
5787,3203
5788,3101
5789,3114
5790,3040
5791,3141
5792,3006
5793,3073
5794,3042
5795,3084
5796,3071
5797,3102
5798,3008
5799,3039
5800,2962
5801,3018
5802,3073
5803,2875
5804,3008
5805,2896
5806,3016
5807,2954
5808,2945
5809,2986
5810,2960
5811,3017
5812,2951
5813,3002
5814,2982
5815,2957
5816,2837
5817,2966
5818,2958
5819,2860
5820,2886
5821,2873
5822,2870
5823,2831
5824,2840
5825,2905
5826,2846
5827,2872
5828,2861
5829,2795
5830,2881
5831,2814
5832,2924
5833,2896
5834,2703
5835,2781
5836,2861
5837,2753
5838,2781
5839,2745
5840,2769
5841,2751
5842,2755
5843,2687
5844,2622
5845,2812
5846,2715
5847,2681
5848,2675
5849,2731
5850,2746
5851,2793
5852,2553
5853,2639
5854,2685
5855,2635
5856,2577
5857,2657
5858,2623
5859,2632
5860,2657
5861,2600
5862,2526
5863,2596
5864,2578
5865,2669
5866,2579
5867,2527
5868,2507
5869,2570
5870,2510
5871,2544
5872,2574
5873,2594
5874,2416
5875,2422
5876,2476
5877,2445
5878,2575
5879,2475
5880,2547
5881,2400
5882,2417
5883,2449
5884,2399
5885,2402
5886,2467
5887,2526
5888,2481
5889,2406
5890,2463
5891,2420
5892,2339
5893,2413
5894,2338
5895,2311
5896,2344
5897,2349
5898,2338
5899,2319
5900,2314
5901,2329
5902,2342
5903,2333
5904,2386
5905,2295
5906,2316
5907,2238
5908,2279
5909,2274
5910,2115
5911,2281
5912,2195
5913,2269
5914,2342
5915,2286
5916,2243
5917,2157
5918,2272
5919,2272
5920,2245
5921,2181
5922,2278
5923,2287
5924,2265
5925,2177
5926,2201
5927,2240
5928,2255
5929,2206
5930,2113
5931,2166
5932,2101
5933,2050
5934,2166
5935,2017
5936,2122
5937,2080
5938,2151
5939,2110
5940,2097
5941,2065
5942,2116
5943,2100
5944,2157
5945,2077
5946,2082
5947,2138
5948,2103
5949,2053
5950,2010
5951,1954
5952,2025
5953,2061
5954,1982
5955,2033
5956,1999
5957,2031
5958,2019
5959,2029
5960,1938
5961,1953
5962,2014
5963,1869
5964,2095
5965,1950
5966,1968
5967,2029
5968,1920
5969,1940
5970,1890
5971,1923
5972,1898
5973,1929
5974,1947
5975,1910
5976,1904
5977,1877
5978,1875
5979,1872
5980,1947
5981,1894
5982,1865
5983,1828
5984,1768
5985,1848
5986,1828
5987,1856
5988,1735
5989,1754
5990,1821
5991,1838
5992,1841
5993,1830
5994,1817
5995,1821
5996,1786
5997,1723
5998,1798
5999,1860
6000,1712
6001,1713
6002,1780
6003,1730
6004,1803
6005,1769
6006,1786
6007,1727
6008,1674
6009,1746
6010,1707
6011,1656
6012,1693
6013,1801
6014,1752
6015,1690
6016,1697
6017,1738
6018,1721
6019,1649
6020,1694
6021,1592
6022,1631
6023,1605
6024,1636
6025,1686
6026,1632
6027,1690
6028,1615
6029,1576
6030,1629
6031,1665
6032,1567
6033,1654
6034,1640
6035,1634
6036,1622
6037,1581
6038,1584
6039,1604
6040,1625
6041,1693
6042,1525
6043,1579
6044,1571
6045,1586
6046,1578
6047,1601
6048,1590
6049,1513
6050,1612
6051,1488
6052,1550
6053,1553
6054,1527
6055,1498
6056,1487
6057,1425
6058,1504
6059,1488
6060,1461
6061,1489
6062,1442
6063,1472
6064,1444
6065,1432
6066,1389
6067,1469
6068,1478
6069,1453
6070,1418
6071,1436
6072,1461
6073,1352
6074,1403
6075,1414
6076,1452
6077,1371
6078,1399
6079,1414
6080,1376
6081,1415
6082,1397
6083,1387
6084,1389
6085,1434
6086,1377
6087,1384
6088,1320
6089,1344
6090,1370
6091,1361
6092,1317
6093,1363
6094,1356
6095,1304
6096,1335
6097,1316
6098,1306
6099,1279
6100,1217
6101,1338
6102,1329
6103,1297
6104,1337
6105,1330
6106,1298
6107,1300
6108,1243
6109,1241
6110,1236
6111,1324
6112,1274
6113,1305
6114,1290
6115,1284
6116,1283
6117,1275
6118,1213
6119,1205
6120,1269
6121,1252
6122,1257
6123,1199
6124,1239
6125,1208
6126,1258
6127,1199
6128,1229
6129,1138
6130,1158
6131,1227
6132,1187
6133,1160
6134,1194
6135,1151
6136,1264
6137,1144
6138,1163
6139,1138
6140,1145
6141,1130
6142,1171
6143,1136
6144,1123
6145,1145
6146,1140
6147,1061
6148,1199
6149,1079
6150,1180
6151,1188
6152,1173
6153,1082
6154,1087
6155,1104
6156,1167
6157,1089
6158,1129
6159,1111
6160,1097
6161,1091
6162,1056
6163,1036
6164,1048
6165,1049
6166,1115
6167,1036
6168,1011
6169,1054
6170,965
6171,1119
6172,1025
6173,992
6174,1106
6175,1081
6176,1080
6177,969
6178,1011
6179,1023
6180,1038
6181,1025
6182,1049
6183,1004
6184,976
6185,1005
6186,931
6187,1022
6188,1037
6189,950
6190,968
6191,1048
6192,1005
6193,1010
6194,899
6195,1027
6196,999
6197,953
6198,928
6199,957
6200,941
6201,994
6202,957
6203,931
6204,893
6205,923
6206,888
6207,949
6208,947
6209,983
6210,911
6211,917
6212,909
6213,914
6214,896
6215,932
6216,904
6217,866
6218,903
6219,920
6220,922
6221,809
6222,908
6223,901
6224,850
6225,858
6226,839
6227,898
6228,843
6229,793
6230,854
6231,884
6232,881
6233,864
6234,814
6235,853
6236,796
6237,834
6238,837
6239,806
6240,878
6241,793
6242,813
6243,807
6244,825
6245,811
6246,797
6247,805
6248,824
6249,817
6250,805
6251,809
6252,778
6253,755
6254,792
6255,783
6256,772
6257,835
6258,777
6259,784
6260,847
6261,732
6262,779
6263,786
6264,744
6265,800
6266,780
6267,713
6268,753
6269,795
6270,721
6271,814
6272,714
6273,713
6274,733
6275,698
6276,722
6277,721
6278,716
6279,717
6280,731
6281,723
6282,673
6283,702
6284,673
6285,727
6286,733
6287,648
6288,644
6289,721
6290,656
6291,709
6292,726
6293,704
6294,674
6295,653
6296,652
6297,687
6298,716
6299,699
6300,730
6301,630
6302,669
6303,682
6304,628
6305,683
6306,643
6307,647
6308,621
6309,577
6310,644
6311,643
6312,630
6313,663
6314,626
6315,612
6316,685
6317,597
6318,585
6319,606
6320,644
6321,599
6322,640
6323,632
6324,626
6325,597
6326,555
6327,593
6328,632
6329,609
6330,569
6331,615
6332,614
6333,606
6334,580
6335,571
6336,576
6337,597
6338,582
6339,535
6340,594
6341,518
6342,553
6343,598
6344,624
6345,561
6346,573
6347,541
6348,545
6349,555
6350,530
6351,554
6352,527
6353,571
6354,564
6355,556
6356,585
6357,515
6358,521
6359,539
6360,567
6361,509
6362,535
6363,534
6364,518
6365,507
6366,520
6367,510
6368,510
6369,466
6370,516
6371,494
6372,526
6373,495
6374,529
6375,515
6376,440
6377,523
6378,500
6379,499
6380,476
6381,491
6382,509
6383,496
6384,433
6385,467
6386,449
6387,501
6388,470
6389,476
6390,471
6391,483
6392,477
6393,451
6394,443
6395,441
6396,490
6397,452
6398,473
6399,442
6400,422
6401,471
6402,474
6403,477
6404,461
6405,455
6406,409
6407,444
6408,438
6409,426
6410,414
6411,413
6412,423
6413,414
6414,451
6415,450
6416,422
6417,392
6418,405
6419,417
6420,421
6421,438
6422,441
6423,402
6424,422
6425,383
6426,406
6427,404
6428,394
6429,347
6430,363
6431,375
6432,419
6433,372
6434,402
6435,353
6436,379
6437,373
6438,385
6439,347
6440,352
6441,430
6442,379
6443,421
6444,348
6445,372
6446,383
6447,400
6448,389
6449,387
6450,366
6451,354
6452,379
6453,382
6454,354
6455,339
6456,348
6457,360
6458,342
6459,336
6460,352
6461,370
6462,365
6463,370
6464,361
6465,300
6466,365
6467,338
6468,316
6469,334
6470,316
6471,314
6472,309
6473,325
6474,330
6475,321
6476,333
6477,324
6478,320
6479,337
6480,327
6481,336
6482,333
6483,302
6484,296
6485,285
6486,346
6487,303
6488,308
6489,297
6490,324
6491,332
6492,298
6493,275
6494,296
6495,303
6496,314
6497,286
6498,321
6499,320
6500,268
6501,305
6502,289
6503,322
6504,299
6505,295
6506,292
6507,292
6508,292
6509,279
6510,272
6511,282
6512,264
6513,305
6514,268
6515,263
6516,269
6517,283
6518,290
6519,257
6520,257
6521,284
6522,263
6523,269
6524,263
6525,260
6526,273
6527,274
6528,272
6529,253
6530,270
6531,286
6532,260
6533,230
6534,248
6535,294
6536,251
6537,236
6538,252
6539,269
6540,260
6541,243
6542,246
6543,267
6544,208
6545,234
6546,241
6547,234
6548,247
6549,229
6550,272
6551,236
6552,245
6553,243
6554,236
6555,219
6556,228
6557,224
6558,254
6559,233
6560,219
6561,236
6562,254
6563,224
6564,223
6565,218
6566,198
6567,213
6568,215
6569,210
6570,203
6571,175
6572,216
6573,209
6574,231
6575,226
6576,208
6577,203
6578,214
6579,214
6580,223
6581,194
6582,215
6583,210
6584,203
6585,193
6586,184
6587,217
6588,224
6589,200
6590,207
6591,205
6592,199
6593,196
6594,200
6595,197
6596,193
6597,177
6598,212
6599,205
6600,167
6601,176
6602,173
6603,193
6604,188
6605,174
6606,177
6607,191
6608,180
6609,190
6610,167
6611,185
6612,180
6613,162
6614,174
6615,163
6616,170
6617,159
6618,149
6619,154
6620,172
6621,191
6622,171
6623,175
6624,194
6625,160
6626,149
6627,165
6628,162
6629,153
6630,137
6631,161
6632,164
6633,164
6634,145
6635,175
6636,157
6637,175
6638,160
6639,157
6640,145
6641,168
6642,151
6643,156
6644,161
6645,171
6646,139
6647,130
6648,152
6649,128
6650,131
6651,135
6652,130
6653,132
6654,145
6655,147
6656,128
6657,136
6658,131
6659,157
6660,165
6661,135
6662,124
6663,126
6664,142
6665,119
6666,137
6667,125
6668,148
6669,122
6670,113
6671,139
6672,136
6673,125
6674,140
6675,99
6676,121
6677,133
6678,109
6679,121
6680,105
6681,133
6682,119
6683,114
6684,115
6685,120
6686,154
6687,105
6688,123
6689,118
6690,142
6691,117
6692,108
6693,124
6694,114
6695,117
6696,99
6697,132
6698,105
6699,99
6700,86
6701,115
6702,105
6703,94
6704,109
6705,102
6706,104
6707,111
6708,110
6709,118
6710,113
6711,82
6712,95
6713,102
6714,100
6715,109
6716,116
6717,111
6718,90
6719,110
6720,110
6721,86
6722,97
6723,101
6724,96
6725,94
6726,93
6727,103
6728,93
6729,93
6730,103
6731,90
6732,101
6733,86
6734,87
6735,89
6736,91
6737,85
6738,101
6739,96
6740,102
6741,101
6742,84
6743,93
6744,98
6745,83
6746,88
6747,82
6748,99
6749,98
6750,83
6751,88
6752,78
6753,71
6754,76
6755,68
6756,87
6757,88
6758,81
6759,76
6760,78
6761,80
6762,73
6763,73
6764,82
6765,80
6766,79
6767,69
6768,59
6769,82
6770,89
6771,82
6772,75
6773,54
6774,71
6775,76
6776,77
6777,84
6778,63
6779,60
6780,75
6781,72
6782,64
6783,67
6784,72
6785,66
6786,67
6787,74
6788,56
6789,70
6790,49
6791,67
6792,63
6793,59
6794,52
6795,58
6796,56
6797,66
6798,58
6799,67
6800,60
6801,55
6802,71
6803,72
6804,60
6805,70
6806,75
6807,57
6808,71
6809,61
6810,48
6811,51
6812,56
6813,68
6814,63
6815,52
6816,49
6817,48
6818,49
6819,51
6820,61
6821,65
6822,57
6823,45
6824,44
6825,54
6826,46
6827,46
6828,57
6829,47
6830,47
6831,48
6832,54
6833,45
6834,57
6835,58
6836,50
6837,58
6838,48
6839,47
6840,52
6841,43
6842,47
6843,48
6844,38
6845,49
6846,50
6847,52
6848,34
6849,43
6850,51
6851,36
6852,47
6853,40
6854,47
6855,35
6856,38
6857,42
6858,55
6859,36
6860,42
6861,46
6862,47
6863,36
6864,43
6865,47
6866,39
6867,40
6868,44
6869,32
6870,40
6871,28
6872,34
6873,32
6874,41
6875,36
6876,33
6877,41
6878,41
6879,39
6880,31
6881,23
6882,26
6883,32
6884,38
6885,25
6886,36
6887,31
6888,48
6889,34
6890,39
6891,36
6892,39
6893,27
6894,29
6895,38
6896,27
6897,39
6898,32
6899,26
6900,26
6901,28
6902,48
6903,30
6904,41
6905,23
6906,27
6907,26
6908,28
6909,31
6910,27
6911,27
6912,26
6913,26
6914,24
6915,39
6916,30
6917,31
6918,17
6919,38
6920,23
6921,28
6922,24
6923,19
6924,30
6925,27
6926,30
6927,29
6928,33
6929,27
6930,22
6931,27
6932,25
6933,29
6934,25
6935,24
6936,19
6937,25
6938,28
6939,33
6940,15
6941,20
6942,27
6943,32
6944,21
6945,16
6946,18
6947,29
6948,17
6949,23
6950,29
6951,26
6952,21
6953,12
6954,20
6955,23
6956,15
6957,20
6958,23
6959,17
6960,23
6961,23
6962,16
6963,23
6964,27
6965,16
6966,22
6967,30
6968,23
6969,25
6970,18
6971,15
6972,18
6973,33
6974,21
6975,26
6976,14
6977,18
6978,15
6979,17
6980,17
6981,21
6982,16
6983,20
6984,19
6985,23
6986,28
6987,19
6988,20
6989,21
6990,19
6991,15
6992,16
6993,14
6994,10
6995,10
6996,27
6997,9
6998,13
6999,13
7000,19
7001,9
7002,14
7003,14
7004,12
7005,19
7006,14
7007,14
7008,15
7009,14
7010,15
7011,15
7012,8
7013,10
7014,15
7015,14
7016,18
7017,12
7018,12
7019,17
7020,15
7021,11
7022,7
7023,6
7024,12
7025,15
7026,14
7027,16
7028,14
7029,13
7030,9
7031,14
7032,10
7033,13
7034,6
7035,10
7036,8
7037,16
7038,16
7039,5
7040,9
7041,12
7042,10
7043,6
7044,12
7045,11
7046,11
7047,14
7048,5
7049,14
7050,7
7051,10
7052,10
7053,5
7054,8
7055,10
7056,11
7057,11
7058,8
7059,10
7060,10
7061,6
7062,6
7063,8
7064,13
7065,8
7066,10
7067,11
7068,15
7069,8
7070,5
7071,12
7072,11
7073,8
7074,3
7075,5
7076,9
7077,11
7078,8
7079,5
7080,5
7081,6
7082,8
7083,7
7084,12
7085,2
7086,6
7087,7
7088,6
7089,9
7090,8
7091,4
7092,10
7093,11
7094,9
7095,11
7096,9
7097,10
7098,9
7099,6
7100,2
7101,11
7102,7
7103,8
7104,4
7105,5
7106,7
7107,9
7108,5
7109,4
7110,5
7111,6
7112,4
7113,8
7114,6
7115,5
7116,5
7117,5
7118,4
7119,8
7120,4
7121,8
7122,4
7123,2
7124,1
7125,3
7126,5
7127,7
7128,2
7129,3
7130,4
7131,3
7132,8
7133,7
7134,5
7135,1
7136,6
7137,2
7138,5
7139,2
7140,3
7141,3
7142,9
7143,7
7144,4
7146,9
7147,3
7148,6
7149,4
7150,4
7151,7
7152,3
7153,1
7154,4
7155,4
7156,2
7158,1
7159,2
7160,5
7161,3
7162,2
7164,3
7165,2
7166,1
7167,2
7168,4
7169,1
7170,4
7171,4
7172,3
7174,4
7175,2
7176,4
7177,3
7178,2
7179,3
7180,2
7181,2
7182,6
7183,3
7184,3
7185,1
7186,3
7187,1
7188,2
7189,4
7190,1
7192,2
7193,1
7194,4
7195,2
7196,2
7197,1
7198,2
7199,3
7200,1
7201,2
7203,3
7204,1
7205,1
7206,1
7207,1
7208,1
7209,3
7210,2
7211,3
7212,1
7213,3
7214,1
7215,4
7217,2
7218,1
7219,2
7221,2
7222,1
7223,1
7224,4
7225,1
7226,1
7227,1
7228,1
7229,2
7231,1
7232,2
7233,1
7234,2
7235,3
7236,1
7237,2
7239,3
7240,1
7241,1
7242,3
7243,2
7244,2
7246,1
7247,1
7248,1
7250,1
7252,4
7253,1
7254,1
7258,1
7262,1
7264,2
7266,2
7267,1
7269,2
7270,1
7271,3
7274,1
7275,1
7276,3
7277,1
7281,3
7282,2
7283,1
7284,1
7285,1
7287,1
7289,1
7290,1
7294,1
7295,1
7296,1
7297,1
7298,1
7299,1
7301,1
7305,1
7306,2
7307,1
7312,1
7313,1
7317,1
7320,2
7321,1
7324,1
7333,1
7349,1
7350,1
7351,1
7353,2
7354,1
7359,1
7363,1
7367,1
7371,1
7377,1
7378,1
7392,1
7398,1
7405,1
7412,1
7416,1
7432,1
7460,1
7480,1
7548,1
