4546,1
4566,1
4578,1
4579,1
4583,1
4586,2
4587,1
4588,1
4589,1
4595,1
4600,2
4601,1
4602,1
4603,1
4604,3
4605,1
4606,2
4607,5
4612,1
4613,3
4614,1
4615,4
4616,1
4617,3
4618,1
4619,2
4620,4
4621,3
4622,5
4623,3
4624,2
4625,5
4626,4
4627,6
4628,7
4629,8
4630,5
4631,5
4632,6
4633,6
4634,5
4635,4
4636,3
4637,5
4638,9
4639,10
4640,13
4641,12
4642,4
4643,14
4644,10
4645,16
4646,13
4647,6
4648,13
4649,12
4650,16
4651,15
4652,14
4653,15
4654,19
4655,22
4656,23
4657,15
4658,26
4659,25
4660,16
4661,27
4662,24
4663,23
4664,15
4665,25
4666,31
4667,39
4668,27
4669,22
4670,34
4671,38
4672,25
4673,35
4674,50
4675,54
4676,40
4677,42
4678,48
4679,52
4680,55
4681,68
4682,48
4683,47
4684,59
4685,71
4686,72
4687,52
4688,70
4689,76
4690,80
4691,85
4692,105
4693,77
4694,117
4695,103
4696,83
4697,138
4698,103
4699,137
4700,128
4701,141
4702,119
4703,144
4704,140
4705,145
4706,163
4707,150
4708,184
4709,177
4710,198
4711,179
4712,198
4713,231
4714,219
4715,248
4716,276
4717,251
4718,287
4719,286
4720,269
4721,270
4722,295
4723,322
4724,321
4725,366
4726,350
4727,362
4728,378
4729,364
4730,443
4731,426
4732,406
4733,472
4734,436
4735,495
4736,546
4737,484
4738,555
4739,525
4740,566
4741,565
4742,609
4743,691
4744,698
4745,693
4746,711
4747,749
4748,795
4749,742
4750,835
4751,817
4752,872
4753,951
4754,890
4755,991
4756,936
4757,1003
4758,1102
4759,1059
4760,1105
4761,1185
4762,1222
4763,1320
4764,1305
4765,1353
4766,1346
4767,1451
4768,1418
4769,1436
4770,1557
4771,1560
4772,1691
4773,1706
4774,1819
4775,1854
4776,1919
4777,1908
4778,2014
4779,1998
4780,2182
4781,2255
4782,2255
4783,2337
4784,2427
4785,2497
4786,2541
4787,2623
4788,2709
4789,2803
4790,2853
4791,2956
4792,3038
4793,3221
4794,3268
4795,3245
4796,3445
4797,3540
4798,3609
4799,3738
4800,3668
4801,3954
4802,4046
4803,4071
4804,4264
4805,4320
4806,4388
4807,4659
4808,4598
4809,4901
4810,4908
4811,5163
4812,5184
4813,5323
4814,5324
4815,5617
4816,5789
4817,5780
4818,6080
4819,6253
4820,6258
4821,6515
4822,6659
4823,6748
4824,7067
4825,7235
4826,7461
4827,7557
4828,7593
4829,7929
4830,7865
4831,8378
4832,8355
4833,8694
4834,8829
4835,9038
4836,9123
4837,9484
4838,9564
4839,9775
4840,9995
4841,10372
4842,10447
4843,10689
4844,10846
4845,11217
4846,11488
4847,11617
4848,12105
4849,12350
4850,12145
4851,12955
4852,12981
4853,13382
4854,13617
4855,13870
4856,14203
4857,14434
4858,14450
4859,15045
4860,15218
4861,15662
4862,15940
4863,16188
4864,16548
4865,16571
4866,17056
4867,17371
4868,17914
4869,18185
4870,18449
4871,18685
4872,19082
4873,19320
4874,19714
4875,20339
4876,20215
4877,20454
4878,21079
4879,21481
4880,21599
4881,22045
4882,22365
4883,23084
4884,23306
4885,23433
4886,24051
4887,24857
4888,24664
4889,25217
4890,25552
4891,25864
4892,26368
4893,26824
4894,27237
4895,27226
4896,27796
4897,28142
4898,28373
4899,29240
4900,29457
4901,29817
4902,30191
4903,30948
4904,30882
4905,31172
4906,32270
4907,32352
4908,32800
4909,33026
4910,33375
4911,33662
4912,34770
4913,34444
4914,34927
4915,35660
4916,35978
4917,36464
4918,36987
4919,36928
4920,37724
4921,37684
4922,38467
4923,39043
4924,39592
4925,39676
4926,40030
4927,40360
4928,40926
4929,41283
4930,41760
4931,42105
4932,42273
4933,42695
4934,43355
4935,43784
4936,44186
4937,44544
4938,44962
4939,45169
4940,45510
4941,45453
4942,46261
4943,46364
4944,47084
4945,47347
4946,47571
4947,48709
4948,48293
4949,48696
4950,49056
4951,49841
4952,49652
4953,49959
4954,50280
4955,50948
4956,51100
4957,51608
4958,51434
4959,51831
4960,51882
4961,53035
4962,52696
4963,53079
4964,53445
4965,53733
4966,54006
4967,53938
4968,54384
4969,54701
4970,54801
4971,55203
4972,55148
4973,55869
4974,55706
4975,55990
4976,56220
4977,56486
4978,56614
4979,56541
4980,56873
4981,57394
4982,57168
4983,57252
4984,57152
4985,57014
4986,57584
4987,57573
4988,57681
4989,57818
4990,57312
4991,57768
4992,58450
4993,58445
4994,57977
4995,58171
4996,57854
4997,58136
4998,58372
4999,58299
5000,57989
5001,58163
5002,58407
5003,57977
5004,58670
5005,58051
5006,58189
5007,57775
5008,57908
5009,57972
5010,58032
5011,57857
5012,57661
5013,57459
5014,57570
5015,57168
5016,56959
5017,57613
5018,56934
5019,57013
5020,56565
5021,56483
5022,56218
5023,56218
5024,56001
5025,55743
5026,55762
5027,55293
5028,55078
5029,54875
5030,55135
5031,54780
5032,54489
5033,54407
5034,54144
5035,53162
5036,53147
5037,53002
5038,52543
5039,52461
5040,52165
5041,52157
5042,51619
5043,51416
5044,51067
5045,50823
5046,50533
5047,49792
5048,50171
5049,49526
5050,49055
5051,49051
5052,48666
5053,48117
5054,47740
5055,47484
5056,47104
5057,46746
5058,46772
5059,46001
5060,45713
5061,45575
5062,44513
5063,44218
5064,43967
5065,43563
5066,43699
5067,43091
5068,42550
5069,42420
5070,42066
5071,41760
5072,40791
5073,40164
5074,39886
5075,39305
5076,39505
5077,38771
5078,38545
5079,38104
5080,37741
5081,37418
5082,36702
5083,36511
5084,35936
5085,35655
5086,35317
5087,34608
5088,34180
5089,34057
5090,33442
5091,32750
5092,32672
5093,32531
5094,31878
5095,31548
5096,31094
5097,30680
5098,30003
5099,29603
5100,29491
5101,29081
5102,28618
5103,28197
5104,27840
5105,27466
5106,27191
5107,26494
5108,26226
5109,25765
5110,25765
5111,24952
5112,24636
5113,24359
5114,23869
5115,23540
5116,23446
5117,22626
5118,22535
5119,21927
5120,22079
5121,21518
5122,21018
5123,20347
5124,20370
5125,20175
5126,19649
5127,19245
5128,18968
5129,18730
5130,18383
5131,17800
5132,17510
5133,17477
5134,17144
5135,16816
5136,16426
5137,16343
5138,15661
5139,15613
5140,15109
5141,15223
5142,14666
5143,14412
5144,13909
5145,13837
5146,13562
5147,13423
5148,12982
5149,12791
5150,12579
5151,12363
5152,12060
5153,11779
5154,11473
5155,11358
5156,10919
5157,10782
5158,10623
5159,10396
5160,10135
5161,9961
5162,9857
5163,9560
5164,9223
5165,9165
5166,8823
5167,8590
5168,8559
5169,8170
5170,8028
5171,7835
5172,7658
5173,7415
5174,7275
5175,7238
5176,7126
5177,6894
5178,6674
5179,6627
5180,6463
5181,6192
5182,5948
5183,5998
5184,5815
5185,5526
5186,5566
5187,5446
5188,5038
5189,5060
5190,4987
5191,4795
5192,4696
5193,4657
5194,4446
5195,4289
5196,4222
5197,4056
5198,4025
5199,3852
5200,3791
5201,3674
5202,3682
5203,3536
5204,3493
5205,3350
5206,3208
5207,3172
5208,3093
5209,2921
5210,2873
5211,2819
5212,2598
5213,2562
5214,2528
5215,2502
5216,2418
5217,2356
5218,2244
5219,2263
5220,2105
5221,2087
5222,2026
5223,1940
5224,1880
5225,1822
5226,1856
5227,1756
5228,1676
5229,1592
5230,1545
5231,1543
5232,1423
5233,1449
5234,1343
5235,1359
5236,1257
5237,1207
5238,1210
5239,1168
5240,1173
5241,1072
5242,1032
5243,1034
5244,983
5245,966
5246,954
5247,927
5248,843
5249,864
5250,828
5251,783
5252,779
5253,706
5254,685
5255,673
5256,658
5257,610
5258,653
5259,608
5260,582
5261,538
5262,529
5263,528
5264,457
5265,474
5266,497
5267,461
5268,420
5269,412
5270,395
5271,413
5272,370
5273,342
5274,331
5275,314
5276,314
5277,321
5278,317
5279,278
5280,261
5281,266
5282,264
5283,278
5284,253
5285,209
5286,219
5287,182
5288,192
5289,190
5290,193
5291,183
5292,176
5293,142
5294,166
5295,146
5296,162
5297,135
5298,148
5299,127
5300,97
5301,121
5302,91
5303,105
5304,97
5305,91
5306,100
5307,91
5308,84
5309,89
5310,83
5311,71
5312,77
5313,86
5314,79
5315,63
5316,58
5317,38
5318,60
5319,67
5320,47
5321,50
5322,60
5323,45
5324,44
5325,38
5326,30
5327,48
5328,43
5329,33
5330,43
5331,27
5332,23
5333,28
5334,22
5335,29
5336,22
5337,20
5338,23
5339,25
5340,27
5341,21
5342,15
5343,18
5344,14
5345,18
5346,15
5347,14
5348,17
5349,11
5350,7
5351,15
5352,15
5353,9
5354,17
5355,11
5356,6
5357,5
5358,4
5359,8
5360,9
5361,17
5362,6
5363,9
5364,6
5365,5
5366,9
5367,6
5368,2
5369,2
5370,8
5371,6
5372,4
5373,1
5374,5
5375,1
5376,3
5377,2
5378,3
5379,4
5380,3
5381,3
5382,3
5383,1
5384,4
5385,3
5386,3
5387,3
5388,1
5389,2
5390,3
5391,3
5392,3
5394,1
5395,2
5397,2
5398,2
5399,2
5400,1
5402,3
5405,2
5407,3
5409,2
5410,2
5411,1
5413,1
5421,1
5426,1
