1439,1
1465,1
1473,1
1478,1
1480,1
1490,1
1497,1
1498,1
1499,1
1501,1
1503,1
1505,2
1509,1
1511,2
1512,1
1515,1
1518,2
1521,1
1524,1
1525,1
1526,1
1527,2
1528,3
1530,1
1531,1
1532,2
1533,3
1534,1
1535,2
1536,1
1537,1
1538,2
1539,2
1540,1
1541,3
1542,1
1543,2
1544,2
1546,1
1547,3
1548,5
1549,1
1550,2
1551,1
1552,1
1553,2
1554,2
1555,1
1556,2
1557,3
1559,5
1560,3
1561,2
1562,6
1563,4
1564,3
1565,4
1566,3
1567,3
1568,5
1569,5
1570,2
1571,9
1572,7
1573,5
1574,3
1575,4
1576,9
1577,10
1578,7
1579,8
1580,4
1581,4
1582,9
1583,4
1584,6
1585,7
1586,7
1587,9
1588,7
1589,7
1590,7
1591,5
1592,10
1593,4
1594,12
1595,14
1596,13
1597,4
1598,10
1599,11
1600,9
1601,8
1602,8
1603,7
1604,19
1605,14
1606,14
1607,15
1608,14
1609,20
1610,14
1611,10
1612,14
1613,18
1614,15
1615,13
1616,13
1617,14
1618,11
1619,20
1620,18
1621,12
1622,20
1623,21
1624,15
1625,23
1626,23
1627,24
1628,19
1629,18
1630,29
1631,24
1632,26
1633,19
1634,22
1635,29
1636,23
1637,25
1638,27
1639,29
1640,19
1641,28
1642,26
1643,34
1644,35
1645,36
1646,42
1647,31
1648,46
1649,34
1650,35
1651,48
1652,37
1653,55
1654,49
1655,36
1656,50
1657,45
1658,38
1659,57
1660,47
1661,41
1662,41
1663,55
1664,59
1665,59
1666,57
1667,54
1668,71
1669,46
1670,67
1671,65
1672,70
1673,66
1674,68
1675,69
1676,94
1677,66
1678,72
1679,80
1680,72
1681,69
1682,81
1683,82
1684,76
1685,82
1686,96
1687,101
1688,90
1689,101
1690,100
1691,87
1692,99
1693,103
1694,118
1695,99
1696,123
1697,112
1698,103
1699,105
1700,129
1701,117
1702,126
1703,132
1704,116
1705,131
1706,136
1707,138
1708,160
1709,142
1710,151
1711,142
1712,153
1713,139
1714,144
1715,168
1716,167
1717,178
1718,165
1719,198
1720,166
1721,191
1722,170
1723,202
1724,200
1725,181
1726,182
1727,178
1728,212
1729,201
1730,227
1731,232
1732,226
1733,210
1734,255
1735,233
1736,233
1737,237
1738,214
1739,254
1740,267
1741,266
1742,283
1743,272
1744,264
1745,283
1746,321
1747,300
1748,295
1749,300
1750,316
1751,333
1752,345
1753,351
1754,368
1755,339
1756,338
1757,347
1758,375
1759,361
1760,361
1761,424
1762,381
1763,392
1764,403
1765,382
1766,397
1767,479
1768,460
1769,430
1770,447
1771,413
1772,463
1773,497
1774,500
1775,513
1776,468
1777,502
1778,506
1779,528
1780,550
1781,527
1782,572
1783,511
1784,534
1785,547
1786,575
1787,593
1788,618
1789,604
1790,600
1791,646
1792,634
1793,637
1794,706
1795,625
1796,708
1797,724
1798,721
1799,759
1800,733
1801,679
1802,763
1803,759
1804,809
1805,769
1806,787
1807,825
1808,832
1809,822
1810,846
1811,883
1812,868
1813,867
1814,859
1815,944
1816,950
1817,946
1818,924
1819,958
1820,1045
1821,1035
1822,976
1823,1064
1824,993
1825,1021
1826,1089
1827,1099
1828,1138
1829,1072
1830,1125
1831,1130
1832,1158
1833,1127
1834,1214
1835,1192
1836,1253
1837,1256
1838,1246
1839,1244
1840,1324
1841,1305
1842,1329
1843,1313
1844,1428
1845,1351
1846,1480
1847,1411
1848,1462
1849,1403
1850,1491
1851,1467
1852,1545
1853,1529
1854,1591
1855,1547
1856,1584
1857,1471
1858,1621
1859,1686
1860,1623
1861,1637
1862,1699
1863,1673
1864,1660
1865,1757
1866,1765
1867,1791
1868,1811
1869,1765
1870,1847
1871,1837
1872,1824
1873,1845
1874,1983
1875,1937
1876,1988
1877,1932
1878,2021
1879,2032
1880,2052
1881,2110
1882,2071
1883,2112
1884,2182
1885,2166
1886,2166
1887,2192
1888,2262
1889,2271
1890,2367
1891,2304
1892,2419
1893,2447
1894,2450
1895,2435
1896,2425
1897,2457
1898,2522
1899,2483
1900,2642
1901,2583
1902,2694
1903,2624
1904,2615
1905,2658
1906,2717
1907,2712
1908,2781
1909,2866
1910,2891
1911,2938
1912,2819
1913,2896
1914,2953
1915,2970
1916,2953
1917,3093
1918,3024
1919,3073
1920,3075
1921,3150
1922,3145
1923,3196
1924,3109
1925,3273
1926,3280
1927,3230
1928,3384
1929,3363
1930,3518
1931,3340
1932,3501
1933,3517
1934,3513
1935,3645
1936,3685
1937,3616
1938,3722
1939,3793
1940,3696
1941,3722
1942,3799
1943,3814
1944,3746
1945,3911
1946,3779
1947,3949
1948,3949
1949,4009
1950,4010
1951,4027
1952,4083
1953,4144
1954,4109
1955,4203
1956,4160
1957,4301
1958,4269
1959,4280
1960,4382
1961,4452
1962,4417
1963,4535
1964,4470
1965,4637
1966,4619
1967,4469
1968,4780
1969,4684
1970,4743
1971,4736
1972,4794
1973,4774
1974,4960
1975,4895
1976,4879
1977,4873
1978,4947
1979,5067
1980,5068
1981,5066
1982,5118
1983,5232
1984,5064
1985,5289
1986,5274
1987,5307
1988,5128
1989,5234
1990,5500
1991,5355
1992,5548
1993,5440
1994,5536
1995,5493
1996,5632
1997,5726
1998,5642
1999,5728
2000,5798
2001,5897
2002,5753
2003,6060
2004,5711
2005,5883
2006,5878
2007,5944
2008,6000
2009,5977
2010,6213
2011,6187
2012,6193
2013,6233
2014,6185
2015,6290
2016,6329
2017,6345
2018,6239
2019,6381
2020,6387
2021,6629
2022,6566
2023,6515
2024,6588
2025,6465
2026,6667
2027,6643
2028,6756
2029,6721
2030,6899
2031,6756
2032,6712
2033,6881
2034,6891
2035,7002
2036,7028
2037,6995
2038,7087
2039,7045
2040,7158
2041,7062
2042,6988
2043,7268
2044,7264
2045,7178
2046,7325
2047,7331
2048,7431
2049,7314
2050,7491
2051,7533
2052,7452
2053,7495
2054,7559
2055,7572
2056,7705
2057,7595
2058,7729
2059,7752
2060,7605
2061,7756
2062,7638
2063,8015
2064,7905
2065,7984
2066,8000
2067,7891
2068,7997
2069,7909
2070,8114
2071,8069
2072,8063
2073,8121
2074,8137
2075,8184
2076,8141
2077,8236
2078,8339
2079,8381
2080,8290
2081,8472
2082,8345
2083,8532
2084,8452
2085,8439
2086,8609
2087,8579
2088,8569
2089,8728
2090,8611
2091,8515
2092,8694
2093,8718
2094,8674
2095,8871
2096,8715
2097,8824
2098,8856
2099,8944
2100,8939
2101,9118
2102,8881
2103,9048
2104,9133
2105,9117
2106,9039
2107,8989
2108,9088
2109,9086
2110,9008
2111,9006
2112,9210
2113,9107
2114,9268
2115,9270
2116,9319
2117,9428
2118,9469
2119,9219
2120,9459
2121,9296
2122,9422
2123,9313
2124,9496
2125,9535
2126,9531
2127,9647
2128,9512
2129,9424
2130,9569
2131,9613
2132,9400
2133,9608
2134,9805
2135,9626
2136,9547
2137,9572
2138,9838
2139,9724
2140,9757
2141,9651
2142,9811
2143,9852
2144,9629
2145,9855
2146,9812
2147,9752
2148,9975
2149,9907
2150,9895
2151,9744
2152,9856
2153,9913
2154,9787
2155,9870
2156,10104
2157,9898
2158,10020
2159,10190
2160,10160
2161,10062
2162,9842
2163,10117
2164,10191
2165,10203
2166,10091
2167,10065
2168,9923
2169,10080
2170,10083
2171,10161
2172,10077
2173,10175
2174,10061
2175,10089
2176,10169
2177,10158
2178,10078
2179,10332
2180,10110
2181,10362
2182,10363
2183,10393
2184,10140
2185,10309
2186,10332
2187,10342
2188,10386
2189,10296
2190,10007
2191,10347
2192,10457
2193,10109
2194,10252
2195,10195
2196,10308
2197,10200
2198,10093
2199,10384
2200,10365
2201,10331
2202,10490
2203,10302
2204,10360
2205,10242
2206,10252
2207,10265
2208,10213
2209,10350
2210,10480
2211,10333
2212,10267
2213,10388
2214,10297
2215,10253
2216,10349
2217,10486
2218,10327
2219,10315
2220,10284
2221,10523
2222,10451
2223,10299
2224,10218
2225,10420
2226,10189
2227,10298
2228,10167
2229,10303
2230,10362
2231,10384
2232,10362
2233,10361
2234,10180
2235,10422
2236,10144
2237,10181
2238,10105
2239,10247
2240,10307
2241,10148
2242,10144
2243,10143
2244,10043
2245,10239
2246,10082
2247,10075
2248,10254
2249,10262
2250,10090
2251,10256
2252,10088
2253,10183
2254,9977
2255,10096
2256,10049
2257,10020
2258,10068
2259,9977
2260,10029
2261,9992
2262,10050
2263,10038
2264,10040
2265,10030
2266,10070
2267,9976
2268,9955
2269,9991
2270,9871
2271,10035
2272,9862
2273,9868
2274,9783
2275,9829
2276,9974
2277,9852
2278,9831
2279,9840
2280,9775
2281,9848
2282,9908
2283,9785
2284,9667
2285,9625
2286,9839
2287,9804
2288,9584
2289,9674
2290,9620
2291,9801
2292,9514
2293,9465
2294,9656
2295,9637
2296,9546
2297,9646
2298,9545
2299,9564
2300,9528
2301,9431
2302,9352
2303,9407
2304,9431
2305,9494
2306,9586
2307,9515
2308,9421
2309,9336
2310,9456
2311,9301
2312,9406
2313,9319
2314,9375
2315,9337
2316,9224
2317,9196
2318,9094
2319,9357
2320,9239
2321,8965
2322,9298
2323,9126
2324,9021
2325,9083
2326,9143
2327,8990
2328,9213
2329,8963
2330,9062
2331,9096
2332,9005
2333,8841
2334,8972
2335,8927
2336,8893
2337,8694
2338,8711
2339,8891
2340,8936
2341,8779
2342,8763
2343,8639
2344,8606
2345,8704
2346,8571
2347,8616
2348,8746
2349,8710
2350,8620
2351,8533
2352,8542
2353,8560
2354,8362
2355,8487
2356,8680
2357,8414
2358,8643
2359,8198
2360,8342
2361,8430
2362,8399
2363,8198
2364,8507
2365,8137
2366,8368
2367,8243
2368,8184
2369,8270
2370,8285
2371,8176
2372,8161
2373,8235
2374,8029
2375,8094
2376,8034
2377,7958
2378,8068
2379,8028
2380,7942
2381,7913
2382,7932
2383,7825
2384,7912
2385,7758
2386,7716
2387,7829
2388,7798
2389,7836
2390,7789
2391,7518
2392,7527
2393,7667
2394,7611
2395,7596
2396,7468
2397,7733
2398,7420
2399,7250
2400,7419
2401,7453
2402,7434
2403,7449
2404,7360
2405,7374
2406,7489
2407,7349
2408,7436
2409,7470
2410,7192
2411,7253
2412,7342
2413,7268
2414,7157
2415,7085
2416,7043
2417,7050
2418,7067
2419,7198
2420,6888
2421,7065
2422,6954
2423,7150
2424,6936
2425,6952
2426,6935
2427,6956
2428,6727
2429,6834
2430,6845
2431,6802
2432,6813
2433,6896
2434,6730
2435,6718
2436,6813
2437,6679
2438,6704
2439,6721
2440,6685
2441,6577
2442,6579
2443,6577
2444,6547
2445,6471
2446,6616
2447,6511
2448,6506
2449,6228
2450,6398
2451,6410
2452,6229
2453,6421
2454,6328
2455,6206
2456,6190
2457,6240
2458,6165
2459,6160
2460,6237
2461,6205
2462,6172
2463,6205
2464,6155
2465,6152
2466,5919
2467,6054
2468,5941
2469,5893
2470,5969
2471,5865
2472,6055
2473,5912
2474,5928
2475,5894
2476,5845
2477,5904
2478,5740
2479,5890
2480,5859
2481,5568
2482,5657
2483,5784
2484,5801
2485,5662
2486,5763
2487,5534
2488,5524
2489,5650
2490,5560
2491,5574
2492,5497
2493,5433
2494,5592
2495,5481
2496,5365
2497,5503
2498,5425
2499,5428
2500,5233
2501,5297
2502,5466
2503,5308
2504,5272
2505,5280
2506,5204
2507,5222
2508,5234
2509,5178
2510,5196
2511,5195
2512,5070
2513,5091
2514,5128
2515,4964
2516,5070
2517,4984
2518,5105
2519,4975
2520,4904
2521,5103
2522,4871
2523,4971
2524,4995
2525,4805
2526,4833
2527,4908
2528,4936
2529,4774
2530,4823
2531,4651
2532,4752
2533,4726
2534,4558
2535,4694
2536,4528
2537,4613
2538,4601
2539,4506
2540,4658
2541,4658
2542,4614
2543,4633
2544,4560
2545,4450
2546,4567
2547,4429
2548,4444
2549,4389
2550,4486
2551,4270
2552,4386
2553,4380
2554,4322
2555,4277
2556,4406
2557,4330
2558,4417
2559,4213
2560,4134
2561,4190
2562,4310
2563,4126
2564,4075
2565,4142
2566,4172
2567,4245
2568,4100
2569,4064
2570,4098
2571,4067
2572,3997
2573,3993
2574,4150
2575,4027
2576,3932
2577,3938
2578,4030
2579,3931
2580,3959
2581,3758
2582,3790
2583,3933
2584,3849
2585,3848
2586,3919
2587,3910
2588,3797
2589,3787
2590,3744
2591,3752
2592,3698
2593,3702
2594,3755
2595,3703
2596,3617
2597,3638
2598,3615
2599,3575
2600,3642
2601,3558
2602,3637
2603,3593
2604,3559
2605,3678
2606,3529
2607,3616
2608,3509
2609,3570
2610,3562
2611,3529
2612,3460
2613,3338
2614,3439
2615,3495
2616,3386
2617,3317
2618,3394
2619,3371
2620,3334
2621,3399
2622,3327
2623,3349
2624,3260
2625,3302
2626,3243
2627,3271
2628,3203
2629,3261
2630,3230
2631,3199
2632,3174
2633,3158
2634,3202
2635,3198
2636,3115
2637,3171
2638,3103
2639,3035
2640,2988
2641,2999
2642,3017
2643,2983
2644,3040
2645,2963
2646,2950
2647,3081
2648,2922
2649,2934
2650,2978
2651,2890
2652,2921
2653,2999
2654,2942
2655,2998
2656,2819
2657,2858
2658,2861
2659,2808
2660,2819
2661,2860
2662,2693
2663,2849
2664,2843
2665,2749
2666,2666
2667,2744
2668,2634
2669,2645
2670,2762
2671,2680
2672,2635
2673,2728
2674,2694
2675,2712
2676,2695
2677,2661
2678,2631
2679,2612
2680,2632
2681,2481
2682,2591
2683,2571
2684,2648
2685,2566
2686,2611
2687,2534
2688,2515
2689,2551
2690,2518
2691,2449
2692,2450
2693,2480
2694,2335
2695,2461
2696,2360
2697,2399
2698,2480
2699,2364
2700,2333
2701,2316
2702,2386
2703,2382
2704,2374
2705,2344
2706,2303
2707,2291
2708,2261
2709,2226
2710,2307
2711,2242
2712,2207
2713,2193
2714,2207
2715,2256
2716,2205
2717,2186
2718,2183
2719,2185
2720,2168
2721,2156
2722,2168
2723,2115
2724,2143
2725,2075
2726,2098
2727,2107
2728,2093
2729,2152
2730,2091
2731,2059
2732,2089
2733,2091
2734,2029
2735,2027
2736,2045
2737,2027
2738,1942
2739,2003
2740,1946
2741,1919
2742,1922
2743,1942
2744,1972
2745,2014
2746,1944
2747,1924
2748,1828
2749,1921
2750,1889
2751,1926
2752,1861
2753,1884
2754,1872
2755,1869
2756,1775
2757,1859
2758,1867
2759,1814
2760,1818
2761,1842
2762,1738
2763,1790
2764,1813
2765,1794
2766,1677
2767,1731
2768,1786
2769,1737
2770,1702
2771,1672
2772,1683
2773,1684
2774,1744
2775,1686
2776,1737
2777,1638
2778,1782
2779,1703
2780,1710
2781,1633
2782,1615
2783,1663
2784,1639
2785,1581
2786,1618
2787,1628
2788,1568
2789,1574
2790,1535
2791,1525
2792,1518
2793,1549
2794,1519
2795,1579
2796,1540
2797,1479
2798,1547
2799,1530
2800,1534
2801,1525
2802,1451
2803,1452
2804,1519
2805,1468
2806,1387
2807,1496
2808,1408
2809,1410
2810,1410
2811,1419
2812,1408
2813,1361
2814,1440
2815,1438
2816,1385
2817,1382
2818,1393
2819,1405
2820,1371
2821,1334
2822,1382
2823,1328
2824,1259
2825,1378
2826,1305
2827,1350
2828,1322
2829,1405
2830,1388
2831,1337
2832,1285
2833,1303
2834,1248
2835,1306
2836,1333
2837,1213
2838,1255
2839,1240
2840,1289
2841,1297
2842,1243
2843,1251
2844,1225
2845,1177
2846,1234
2847,1245
2848,1204
2849,1212
2850,1168
2851,1229
2852,1228
2853,1162
2854,1157
2855,1075
2856,1207
2857,1151
2858,1100
2859,1208
2860,1152
2861,1186
2862,1145
2863,1076
2864,1109
2865,1121
2866,1090
2867,1096
2868,1083
2869,1119
2870,1123
2871,1097
2872,1056
2873,1110
2874,1046
2875,1114
2876,1056
2877,1066
2878,1089
2879,1050
2880,1104
2881,1050
2882,1038
2883,984
2884,980
2885,955
2886,1016
2887,976
2888,964
2889,969
2890,1009
2891,1030
2892,1003
2893,972
2894,964
2895,1029
2896,975
2897,950
2898,972
2899,927
2900,921
2901,948
2902,928
2903,922
2904,913
2905,884
2906,900
2907,966
2908,946
2909,936
2910,892
2911,867
2912,911
2913,888
2914,908
2915,866
2916,912
2917,885
2918,870
2919,905
2920,926
2921,861
2922,874
2923,833
2924,859
2925,868
2926,845
2927,822
2928,842
2929,815
2930,834
2931,808
2932,790
2933,809
2934,820
2935,832
2936,800
2937,785
2938,790
2939,773
2940,816
2941,723
2942,770
2943,765
2944,773
2945,788
2946,791
2947,723
2948,764
2949,792
2950,799
2951,779
2952,774
2953,735
2954,730
2955,739
2956,784
2957,746
2958,722
2959,707
2960,742
2961,702
2962,698
2963,735
2964,698
2965,725
2966,726
2967,739
2968,676
2969,683
2970,685
2971,703
2972,692
2973,695
2974,638
2975,699
2976,706
2977,677
2978,695
2979,699
2980,637
2981,681
2982,658
2983,675
2984,652
2985,672
2986,658
2987,625
2988,669
2989,632
2990,668
2991,602
2992,634
2993,684
2994,610
2995,650
2996,639
2997,648
2998,604
2999,640
3000,650
3001,660
3002,620
3003,658
3004,651
3005,602
3006,641
3007,603
3008,664
3009,586
3010,621
3011,653
3012,639
3013,560
3014,609
3015,616
3016,582
3017,622
3018,587
3019,531
3020,574
3021,569
3022,632
3023,616
3024,573
3025,607
3026,595
3027,572
3028,602
3029,561
3030,585
3031,599
3032,544
3033,554
3034,572
3035,560
3036,574
3037,562
3038,591
3039,565
3040,531
3041,564
3042,567
3043,562
3044,540
3045,569
3046,548
3047,495
3048,529
3049,560
3050,514
3051,558
3052,551
3053,594
3054,570
3055,536
3056,583
3057,570
3058,566
3059,534
3060,551
3061,561
3062,504
3063,503
3064,527
3065,520
3066,563
3067,518
3068,506
3069,520
3070,539
3071,486
3072,516
3073,526
3074,533
3075,495
3076,499
3077,488
3078,463
3079,506
3080,516
3081,484
3082,548
3083,503
3084,484
3085,467
3086,466
3087,472
3088,516
3089,520
3090,492
3091,490
3092,480
3093,493
3094,488
3095,526
3096,496
3097,493
3098,474
3099,507
3100,498
3101,495
3102,469
3103,458
3104,485
3105,478
3106,515
3107,471
3108,486
3109,480
3110,441
3111,489
3112,433
3113,448
3114,461
3115,474
3116,458
3117,452
3118,452
3119,453
3120,488
3121,439
3122,440
3123,491
3124,479
3125,442
3126,443
3127,523
3128,450
3129,477
3130,448
3131,427
3132,442
3133,445
3134,449
3135,447
3136,423
3137,454
3138,453
3139,429
3140,442
3141,436
3142,439
3143,459
3144,441
3145,442
3146,385
3147,414
3148,453
3149,427
3150,453
3151,410
3152,422
3153,441
3154,497
3155,458
3156,407
3157,423
3158,442
3159,423
3160,352
3161,390
3162,427
3163,453
3164,399
3165,430
3166,431
3167,402
3168,417
3169,417
3170,424
3171,364
3172,444
3173,380
3174,410
3175,407
3176,408
3177,354
3178,418
3179,398
3180,371
3181,374
3182,407
3183,353
3184,369
3185,402
3186,396
3187,380
3188,391
3189,378
3190,388
3191,402
3192,384
3193,368
3194,418
3195,388
3196,376
3197,351
3198,354
3199,382
3200,402
3201,406
3202,350
3203,371
3204,359
3205,336
3206,372
3207,331
3208,370
3209,372
3210,359
3211,368
3212,358
3213,352
3214,348
3215,361
3216,327
3217,359
3218,358
3219,335
3220,368
3221,356
3222,347
3223,379
3224,372
3225,334
3226,346
3227,340
3228,346
3229,342
3230,331
3231,322
3232,364
3233,354
3234,301
3235,347
3236,347
3237,303
3238,309
3239,338
3240,320
3241,339
3242,328
3243,299
3244,308
3245,326
3246,316
3247,323
3248,336
3249,376
3250,356
3251,324
3252,302
3253,342
3254,333
3255,277
3256,300
3257,289
3258,319
3259,285
3260,334
3261,292
3262,330
3263,294
3264,309
3265,303
3266,306
3267,315
3268,278
3269,294
3270,303
3271,293
3272,308
3273,261
3274,298
3275,318
3276,269
3277,319
3278,285
3279,279
3280,332
3281,294
3282,298
3283,319
3284,291
3285,274
3286,251
3287,300
3288,264
3289,291
3290,259
3291,291
3292,262
3293,269
3294,281
3295,278
3296,277
3297,292
3298,279
3299,312
3300,271
3301,295
3302,264
3303,285
3304,236
3305,288
3306,306
3307,291
3308,272
3309,276
3310,253
3311,241
3312,277
3313,250
3314,256
3315,237
3316,258
3317,249
3318,272
3319,244
3320,272
3321,285
3322,245
3323,264
3324,242
3325,251
3326,257
3327,258
3328,276
3329,259
3330,254
3331,273
3332,235
3333,259
3334,253
3335,253
3336,249
3337,245
3338,272
3339,261
3340,255
3341,248
3342,231
3343,253
3344,247
3345,237
3346,227
3347,272
3348,248
3349,242
3350,261
3351,227
3352,221
3353,227
3354,237
3355,213
3356,230
3357,268
3358,217
3359,206
3360,250
3361,236
3362,211
3363,244
3364,206
3365,235
3366,250
3367,231
3368,192
3369,207
3370,213
3371,245
3372,235
3373,226
3374,207
3375,212
3376,215
3377,209
3378,206
3379,245
3380,243
3381,223
3382,211
3383,219
3384,231
3385,215
3386,222
3387,246
3388,219
3389,219
3390,208
3391,211
3392,199
3393,190
3394,225
3395,202
3396,203
3397,198
3398,166
3399,205
3400,183
3401,212
3402,203
3403,198
3404,237
3405,191
3406,204
3407,192
3408,197
3409,186
3410,175
3411,197
3412,194
3413,194
3414,194
3415,195
3416,199
3417,178
3418,186
3419,183
3420,199
3421,202
3422,184
3423,190
3424,176
3425,188
3426,190
3427,214
3428,200
3429,191
3430,191
3431,195
3432,172
3433,186
3434,206
3435,178
3436,194
3437,198
3438,194
3439,207
3440,183
3441,199
3442,184
3443,167
3444,203
3445,213
3446,164
3447,173
3448,195
3449,184
3450,169
3451,209
3452,181
3453,164
3454,170
3455,180
3456,169
3457,183
3458,182
3459,170
3460,180
3461,192
3462,150
3463,172
3464,187
3465,172
3466,168
3467,165
3468,169
3469,152
3470,168
3471,178
3472,150
3473,165
3474,159
3475,157
3476,170
3477,188
3478,126
3479,184
3480,143
3481,156
3482,163
3483,166
3484,194
3485,180
3486,168
3487,160
3488,183
3489,139
3490,168
3491,169
3492,159
3493,169
3494,165
3495,175
3496,164
3497,151
3498,148
3499,152
3500,147
3501,159
3502,141
3503,148
3504,170
3505,152
3506,173
3507,163
3508,148
3509,151
3510,153
3511,151
3512,171
3513,151
3514,149
3515,150
3516,154
3517,152
3518,134
3519,153
3520,152
3521,136
3522,160
3523,169
3524,143
3525,147
3526,138
3527,130
3528,145
3529,165
3530,150
3531,172
3532,153
3533,160
3534,165
3535,152
3536,159
3537,154
3538,143
3539,158
3540,156
3541,148
3542,153
3543,138
3544,146
3545,157
3546,145
3547,158
3548,162
3549,128
3550,138
3551,145
3552,143
3553,135
3554,137
3555,142
3556,138
3557,157
3558,131
3559,125
3560,155
3561,148
3562,131
3563,148
3564,144
3565,172
3566,157
3567,167
3568,134
3569,137
3570,145
3571,145
3572,126
3573,156
3574,138
3575,128
3576,136
3577,141
3578,131
3579,129
3580,151
3581,129
3582,148
3583,154
3584,120
3585,150
3586,108
3587,142
3588,141
3589,152
3590,148
3591,136
3592,122
3593,142
3594,141
3595,142
3596,146
3597,127
3598,147
3599,133
3600,144
3601,149
3602,147
3603,153
3604,135
3605,135
3606,131
3607,143
3608,138
3609,135
3610,121
3611,129
3612,125
3613,140
3614,150
3615,153
3616,122
3617,125
3618,143
3619,130
3620,116
3621,118
3622,148
3623,126
3624,133
3625,138
3626,123
3627,136
3628,128
3629,100
3630,136
3631,109
3632,125
3633,134
3634,140
3635,124
3636,134
3637,154
3638,144
3639,121
3640,116
3641,119
3642,98
3643,123
3644,137
3645,112
3646,124
3647,122
3648,144
3649,108
3650,135
3651,132
3652,119
3653,132
3654,131
3655,136
3656,132
3657,129
3658,119
3659,143
3660,126
3661,113
3662,114
3663,128
3664,144
3665,118
3666,117
3667,101
3668,116
3669,131
3670,111
3671,116
3672,138
3673,115
3674,112
3675,125
3676,114
3677,110
3678,123
3679,125
3680,120
3681,118
3682,127
3683,113
3684,128
3685,136
3686,121
3687,112
3688,122
3689,134
3690,151
3691,130
3692,140
3693,125
3694,111
3695,110
3696,127
3697,121
3698,123
3699,134
3700,128
3701,97
3702,114
3703,117
3704,107
3705,120
3706,111
3707,130
3708,131
3709,110
3710,123
3711,115
3712,124
3713,98
3714,104
3715,111
3716,113
3717,129
3718,101
3719,99
3720,142
3721,112
3722,125
3723,106
3724,99
3725,135
3726,129
3727,123
3728,119
3729,113
3730,85
3731,104
3732,116
3733,119
3734,107
3735,95
3736,126
3737,97
3738,124
3739,98
3740,119
3741,101
3742,104
3743,101
3744,115
3745,93
3746,111
3747,106
3748,113
3749,96
3750,89
3751,93
3752,103
3753,108
3754,105
3755,101
3756,103
3757,93
3758,108
3759,102
3760,96
3761,87
3762,90
3763,104
3764,86
3765,102
3766,116
3767,91
3768,106
3769,95
3770,98
3771,92
3772,96
3773,104
3774,95
3775,101
3776,101
3777,97
3778,76
3779,98
3780,88
3781,91
3782,94
3783,99
3784,96
3785,94
3786,94
3787,80
3788,75
3789,84
3790,86
3791,97
3792,97
3793,87
3794,102
3795,94
3796,105
3797,95
3798,87
3799,75
3800,106
3801,75
3802,77
3803,104
3804,95
3805,81
3806,98
3807,85
3808,96
3809,89
3810,91
3811,77
3812,90
3813,109
3814,92
3815,81
3816,106
3817,79
3818,106
3819,96
3820,91
3821,81
3822,81
3823,81
3824,92
3825,85
3826,85
3827,89
3828,83
3829,95
3830,83
3831,97
3832,94
3833,71
3834,77
3835,92
3836,93
3837,91
3838,91
3839,85
3840,77
3841,91
3842,96
3843,88
3844,102
3845,119
3846,83
3847,78
3848,92
3849,93
3850,79
3851,78
3852,91
3853,92
3854,86
3855,81
3856,74
3857,71
3858,87
3859,80
3860,86
3861,69
3862,59
3863,88
3864,76
3865,74
3866,84
3867,90
3868,85
3869,77
3870,87
3871,100
3872,87
3873,84
3874,76
3875,79
3876,98
3877,64
3878,76
3879,84
3880,77
3881,85
3882,93
3883,87
3884,84
3885,81
3886,83
3887,84
3888,93
3889,76
3890,76
3891,73
3892,79
3893,70
3894,74
3895,81
3896,90
3897,84
3898,100
3899,93
3900,87
3901,79
3902,77
3903,71
3904,78
3905,85
3906,89
3907,74
3908,87
3909,71
3910,69
3911,81
3912,84
3913,88
3914,86
3915,75
3916,74
3917,86
3918,79
3919,84
3920,86
3921,85
3922,76
3923,82
3924,75
3925,87
3926,84
3927,76
3928,93
3929,89
3930,82
3931,79
3932,89
3933,84
3934,75
3935,81
3936,61
3937,83
3938,79
3939,85
3940,65
3941,78
3942,77
3943,79
3944,82
3945,77
3946,82
3947,77
3948,78
3949,88
3950,77
3951,89
3952,69
3953,93
3954,91
3955,85
3956,73
3957,72
3958,78
3959,76
3960,68
3961,83
3962,80
3963,92
3964,86
3965,95
3966,87
3967,84
3968,78
3969,90
3970,96
3971,95
3972,81
3973,77
3974,82
3975,74
3976,79
3977,92
3978,73
3979,98
3980,89
3981,72
3982,71
3983,72
3984,98
3985,67
3986,74
3987,87
3988,97
3989,92
3990,87
3991,69
3992,77
3993,79
3994,82
3995,94
3996,91
3997,109
3998,90
3999,78
4000,81
4001,93
4002,87
4003,96
4004,89
4005,80
4006,85
4007,92
4008,88
4009,94
4010,94
4011,87
4012,76
4013,90
4014,76
4015,81
4016,79
4017,90
4018,91
4019,86
4020,86
4021,81
4022,90
4023,91
4024,74
4025,85
4026,77
4027,73
4028,87
4029,82
4030,89
4031,74
4032,77
4033,75
4034,89
4035,92
4036,90
4037,90
4038,87
4039,78
4040,74
4041,93
4042,80
4043,87
4044,77
4045,80
4046,88
4047,68
4048,91
4049,98
4050,81
4051,81
4052,71
4053,83
4054,88
4055,93
4056,80
4057,85
4058,100
4059,76
4060,73
4061,72
4062,55
4063,74
4064,75
4065,72
4066,97
4067,94
4068,84
4069,85
4070,76
4071,90
4072,88
4073,79
4074,76
4075,92
4076,95
4077,95
4078,87
4079,95
4080,79
4081,83
4082,82
4083,85
4084,84
4085,91
4086,68
4087,90
4088,85
4089,73
4090,67
4091,70
4092,72
4093,85
4094,87
4095,86
4096,86
4097,91
4098,73
4099,76
4100,90
4101,92
4102,88
4103,86
4104,67
4105,73
4106,78
4107,75
4108,72
4109,78
4110,82
4111,69
4112,86
4113,69
4114,90
4115,75
4116,80
4117,67
4118,79
4119,76
4120,53
4121,79
4122,76
4123,68
4124,58
4125,77
4126,79
4127,67
4128,67
4129,87
4130,79
4131,68
4132,64
4133,76
4134,82
4135,70
4136,89
4137,68
4138,72
4139,75
4140,80
4141,81
4142,78
4143,60
4144,70
4145,72
4146,80
4147,66
4148,65
4149,73
4150,79
4151,64
4152,61
4153,89
4154,67
4155,77
4156,73
4157,71
4158,76
4159,81
4160,76
4161,58
4162,62
4163,58
4164,69
4165,68
4166,62
4167,75
4168,84
4169,69
4170,85
4171,75
4172,77
4173,79
4174,79
4175,64
4176,73
4177,73
4178,67
4179,86
4180,92
4181,75
4182,61
4183,71
4184,73
4185,73
4186,85
4187,55
4188,81
4189,76
4190,73
4191,63
4192,73
4193,79
4194,56
4195,66
4196,62
4197,77
4198,63
4199,71
4200,61
4201,70
4202,73
4203,71
4204,64
4205,70
4206,90
4207,76
4208,71
4209,67
4210,74
4211,77
4212,60
4213,67
4214,77
4215,74
4216,70
4217,62
4218,71
4219,59
4220,75
4221,77
4222,62
4223,81
4224,67
4225,74
4226,63
4227,66
4228,59
4229,68
4230,68
4231,63
4232,63
4233,76
4234,66
4235,62
4236,76
4237,79
4238,82
4239,75
4240,52
4241,71
4242,67
4243,73
4244,79
4245,76
4246,70
4247,68
4248,65
4249,75
4250,86
4251,57
4252,70
4253,83
4254,72
4255,74
4256,70
4257,67
4258,61
4259,66
4260,63
4261,65
4262,67
4263,74
4264,69
4265,74
4266,76
4267,75
4268,73
4269,65
4270,79
4271,75
4272,75
4273,70
4274,73
4275,59
4276,67
4277,76
4278,91
4279,79
4280,68
4281,78
4282,66
4283,60
4284,69
4285,78
4286,72
4287,73
4288,67
4289,75
4290,75
4291,63
4292,73
4293,59
4294,56
4295,63
4296,64
4297,79
4298,65
4299,82
4300,75
4301,64
4302,62
4303,93
4304,77
4305,91
4306,67
4307,64
4308,66
4309,80
4310,75
4311,77
4312,75
4313,79
4314,72
4315,89
4316,80
4317,66
4318,72
4319,70
4320,79
4321,72
4322,62
4323,80
4324,72
4325,90
4326,78
4327,76
4328,78
4329,86
4330,84
4331,62
4332,73
4333,79
4334,80
4335,78
4336,74
4337,66
4338,78
4339,92
4340,86
4341,71
4342,58
4343,62
4344,81
4345,76
4346,69
4347,79
4348,83
4349,82
4350,78
4351,87
4352,65
4353,94
4354,84
4355,64
4356,66
4357,96
4358,66
4359,80
4360,68
4361,79
4362,85
4363,75
4364,88
4365,71
4366,90
4367,70
4368,75
4369,76
4370,71
4371,90
4372,86
4373,76
4374,77
4375,69
4376,71
4377,82
4378,62
4379,60
4380,74
4381,90
4382,68
4383,90
4384,82
4385,74
4386,86
4387,65
4388,81
4389,77
4390,83
4391,82
4392,71
4393,80
4394,79
4395,69
4396,86
4397,76
4398,87
4399,77
4400,78
4401,80
4402,65
4403,70
4404,82
4405,93
4406,90
4407,67
4408,82
4409,69
4410,86
4411,83
4412,91
4413,96
4414,84
4415,83
4416,83
4417,78
4418,81
4419,75
4420,77
4421,83
4422,75
4423,75
4424,96
4425,83
4426,93
4427,88
4428,84
4429,87
4430,104
4431,77
4432,103
4433,79
4434,79
4435,95
4436,92
4437,56
4438,80
4439,95
4440,81
4441,79
4442,96
4443,81
4444,93
4445,96
4446,83
4447,92
4448,84
4449,85
4450,80
4451,78
4452,99
4453,103
4454,90
4455,86
4456,93
4457,94
4458,97
4459,73
4460,90
4461,91
4462,82
4463,87
4464,104
4465,84
4466,78
4467,94
4468,95
4469,75
4470,84
4471,74
4472,104
4473,96
4474,85
4475,86
4476,93
4477,87
4478,80
4479,86
4480,95
4481,86
4482,79
4483,96
4484,90
4485,83
4486,95
4487,84
4488,75
4489,81
4490,85
4491,80
4492,81
4493,97
4494,92
4495,88
4496,80
4497,77
4498,82
4499,84
4500,85
4501,100
4502,84
4503,95
4504,104
4505,100
4506,91
4507,95
4508,98
4509,83
4510,96
4511,97
4512,103
4513,92
4514,76
4515,74
4516,66
4517,72
4518,82
4519,88
4520,108
4521,98
4522,88
4523,91
4524,93
4525,78
4526,95
4527,88
4528,86
4529,79
4530,93
4531,87
4532,101
4533,76
4534,77
4535,75
4536,94
4537,87
4538,81
4539,87
4540,103
4541,94
4542,108
4543,78
4544,90
4545,90
4546,81
4547,85
4548,86
4549,76
4550,93
4551,73
4552,78
4553,90
4554,94
4555,90
4556,87
4557,87
4558,99
4559,81
4560,68
4561,80
4562,87
4563,83
4564,102
4565,95
4566,81
4567,74
4568,83
4569,75
4570,87
4571,70
4572,88
4573,99
4574,84
4575,69
4576,72
4577,84
4578,87
4579,93
4580,97
4581,76
4582,88
4583,72
4584,66
4585,81
4586,72
4587,85
4588,79
4589,76
4590,84
4591,88
4592,80
4593,80
4594,83
4595,69
4596,73
4597,71
4598,90
4599,68
4600,99
4601,90
4602,84
4603,90
4604,84
4605,79
4606,68
4607,71
4608,84
4609,70
4610,82
4611,72
4612,76
4613,74
4614,96
4615,76
4616,92
4617,64
4618,72
4619,92
4620,92
4621,89
4622,82
4623,84
4624,70
4625,88
4626,91
4627,73
4628,74
4629,80
4630,87
4631,84
4632,57
4633,79
4634,79
4635,74
4636,64
4637,75
4638,75
4639,73
4640,60
4641,73
4642,64
4643,81
4644,53
4645,62
4646,63
4647,69
4648,97
4649,59
4650,76
4651,63
4652,68
4653,62
4654,63
4655,77
4656,61
4657,72
4658,60
4659,76
4660,75
4661,70
4662,66
4663,65
4664,68
4665,71
4666,59
4667,71
4668,67
4669,57
4670,58
4671,62
4672,66
4673,65
4674,60
4675,76
4676,67
4677,85
4678,69
4679,67
4680,60
4681,58
4682,61
4683,57
4684,59
4685,66
4686,50
4687,47
4688,58
4689,67
4690,62
4691,62
4692,62
4693,63
4694,70
4695,49
4696,58
4697,54
4698,55
4699,61
4700,59
4701,51
4702,68
4703,63
4704,56
4705,55
4706,59
4707,55
4708,64
4709,43
4710,48
4711,49
4712,40
4713,55
4714,57
4715,57
4716,53
4717,44
4718,45
4719,46
4720,50
4721,57
4722,57
4723,57
4724,41
4725,51
4726,58
4727,49
4728,51
4729,60
4730,50
4731,57
4732,58
4733,47
4734,61
4735,42
4736,53
4737,61
4738,43
4739,46
4740,51
4741,46
4742,46
4743,42
4744,56
4745,46
4746,39
4747,34
4748,47
4749,45
4750,51
4751,37
4752,38
4753,46
4754,40
4755,46
4756,47
4757,53
4758,39
4759,46
4760,51
4761,56
4762,45
4763,39
4764,49
4765,44
4766,33
4767,58
4768,37
4769,38
4770,48
4771,50
4772,56
4773,35
4774,50
4775,38
4776,48
4777,53
4778,44
4779,43
4780,37
4781,40
4782,49
4783,35
4784,48
4785,47
4786,53
4787,41
4788,57
4789,53
4790,41
4791,36
4792,30
4793,38
4794,41
4795,42
4796,43
4797,41
4798,45
4799,44
4800,48
4801,29
4802,42
4803,38
4804,39
4805,39
4806,30
4807,44
4808,42
4809,37
4810,44
4811,43
4812,39
4813,43
4814,53
4815,51
4816,43
4817,41
4818,46
4819,35
4820,34
4821,43
4822,39
4823,38
4824,46
4825,46
4826,39
4827,44
4828,40
4829,47
4830,43
4831,33
4832,38
4833,47
4834,41
4835,44
4836,49
4837,51
4838,28
4839,47
4840,38
4841,38
4842,30
4843,33
4844,34
4845,42
4846,38
4847,51
4848,37
4849,34
4850,34
4851,48
4852,49
4853,45
4854,50
4855,49
4856,44
4857,48
4858,37
4859,31
4860,30
4861,38
4862,47
4863,34
4864,40
4865,36
4866,44
4867,41
4868,38
4869,37
4870,41
4871,37
4872,43
4873,32
4874,47
4875,23
4876,29
4877,48
4878,27
4879,47
4880,50
4881,31
4882,41
4883,39
4884,34
4885,39
4886,44
4887,39
4888,41
4889,42
4890,43
4891,35
4892,30
4893,28
4894,34
4895,44
4896,40
4897,37
4898,46
4899,27
4900,42
4901,47
4902,42
4903,34
4904,30
4905,37
4906,49
4907,44
4908,36
4909,37
4910,26
4911,46
4912,40
4913,38
4914,42
4915,26
4916,47
4917,39
4918,39
4919,49
4920,37
4921,40
4922,53
4923,52
4924,40
4925,31
4926,33
4927,33
4928,39
4929,45
4930,45
4931,42
4932,52
4933,45
4934,32
4935,27
4936,31
4937,39
4938,45
4939,44
4940,48
4941,39
4942,42
4943,50
4944,41
4945,44
4946,58
4947,42
4948,49
4949,30
4950,41
4951,29
4952,47
4953,37
4954,39
4955,37
4956,32
4957,45
4958,42
4959,46
4960,41
4961,32
4962,52
4963,43
4964,46
4965,47
4966,45
4967,47
4968,37
4969,34
4970,46
4971,42
4972,42
4973,41
4974,34
4975,45
4976,37
4977,48
4978,41
4979,39
4980,36
4981,43
4982,54
4983,37
4984,37
4985,42
4986,45
4987,48
4988,47
4989,45
4990,43
4991,47
4992,41
4993,41
4994,47
4995,47
4996,40
4997,55
4998,37
4999,51
5000,52
5001,41
5002,43
5003,35
5004,33
5005,38
5006,49
5007,33
5008,43
5009,39
5010,45
5011,43
5012,40
5013,46
5014,40
5015,44
5016,54
5017,34
5018,36
5019,46
5020,40
5021,34
5022,40
5023,41
5024,48
5025,40
5026,40
5027,44
5028,39
5029,40
5030,38
5031,42
5032,44
5033,42
5034,35
5035,43
5036,34
5037,34
5038,49
5039,32
5040,45
5041,30
5042,42
5043,42
5044,48
5045,48
5046,44
5047,46
5048,40
5049,58
5050,43
5051,41
5052,48
5053,48
5054,35
5055,40
5056,45
5057,36
5058,37
5059,40
5060,46
5061,42
5062,44
5063,45
5064,47
5065,51
5066,50
5067,34
5068,50
5069,35
5070,47
5071,40
5072,31
5073,57
5074,37
5075,48
5076,49
5077,43
5078,38
5079,56
5080,49
5081,39
5082,30
5083,42
5084,33
5085,45
5086,40
5087,32
5088,40
5089,46
5090,44
5091,39
5092,51
5093,38
5094,28
5095,48
5096,34
5097,42
5098,43
5099,45
5100,31
5101,40
5102,37
5103,40
5104,44
5105,39
5106,47
5107,45
5108,44
5109,40
5110,49
5111,40
5112,42
5113,39
5114,36
5115,40
5116,34
5117,41
5118,33
5119,42
5120,39
5121,48
5122,33
5123,42
5124,44
5125,31
5126,42
5127,41
5128,42
5129,40
5130,44
5131,37
5132,34
5133,42
5134,48
5135,49
5136,42
5137,41
5138,37
5139,37
5140,37
5141,46
5142,43
5143,45
5144,43
5145,50
5146,47
5147,34
5148,32
5149,33
5150,41
5151,40
5152,31
5153,39
5154,39
5155,44
5156,59
5157,47
5158,45
5159,43
5160,32
5161,48
5162,51
5163,40
5164,40
5165,41
5166,47
5167,54
5168,32
5169,41
5170,38
5171,44
5172,42
5173,48
5174,35
5175,49
5176,38
5177,46
5178,36
5179,35
5180,46
5181,33
5182,35
5183,40
5184,55
5185,51
5186,40
5187,40
5188,43
5189,42
5190,46
5191,46
5192,41
5193,38
5194,57
5195,35
5196,32
5197,42
5198,37
5199,38
5200,52
5201,37
5202,40
5203,38
5204,54
5205,49
5206,42
5207,43
5208,44
5209,39
5210,43
5211,49
5212,41
5213,35
5214,44
5215,40
5216,58
5217,48
5218,41
5219,54
5220,47
5221,55
5222,48
5223,57
5224,35
5225,43
5226,45
5227,45
5228,47
5229,40
5230,50
5231,42
5232,45
5233,49
5234,41
5235,37
5236,38
5237,50
5238,47
5239,43
5240,30
5241,38
5242,66
5243,38
5244,55
5245,55
5246,47
5247,58
5248,44
5249,47
5250,53
5251,38
5252,38
5253,49
5254,57
5255,52
5256,49
5257,56
5258,57
5259,53
5260,58
5261,52
5262,41
5263,54
5264,36
5265,60
5266,42
5267,49
5268,47
5269,48
5270,56
5271,60
5272,44
5273,56
5274,54
5275,42
5276,51
5277,58
5278,46
5279,62
5280,64
5281,41
5282,41
5283,66
5284,44
5285,43
5286,64
5287,62
5288,55
5289,55
5290,43
5291,61
5292,59
5293,50
5294,54
5295,60
5296,55
5297,64
5298,51
5299,53
5300,54
5301,63
5302,52
5303,58
5304,74
5305,62
5306,52
5307,58
5308,67
5309,78
5310,65
5311,66
5312,56
5313,53
5314,63
5315,43
5316,71
5317,57
5318,46
5319,61
5320,60
5321,65
5322,58
5323,57
5324,53
5325,68
5326,65
5327,62
5328,60
5329,84
5330,64
5331,46
5332,73
5333,74
5334,68
5335,51
5336,73
5337,64
5338,72
5339,64
5340,72
5341,64
5342,68
5343,59
5344,82
5345,52
5346,68
5347,74
5348,67
5349,49
5350,58
5351,64
5352,69
5353,65
5354,63
5355,60
5356,60
5357,57
5358,66
5359,76
5360,73
5361,75
5362,86
5363,75
5364,72
5365,54
5366,73
5367,85
5368,84
5369,85
5370,62
5371,86
5372,63
5373,85
5374,68
5375,66
5376,74
5377,76
5378,80
5379,70
5380,76
5381,84
5382,72
5383,79
5384,82
5385,80
5386,67
5387,83
5388,69
5389,71
5390,88
5391,80
5392,78
5393,80
5394,85
5395,76
5396,72
5397,79
5398,93
5399,91
5400,76
5401,86
5402,86
5403,76
5404,71
5405,71
5406,91
5407,85
5408,69
5409,91
5410,72
5411,94
5412,80
5413,73
5414,88
5415,89
5416,81
5417,85
5418,74
5419,92
5420,96
5421,101
5422,88
5423,76
5424,84
5425,79
5426,82
5427,86
5428,75
5429,74
5430,78
5431,74
5432,67
5433,76
5434,90
5435,85
5436,74
5437,67
5438,91
5439,91
5440,76
5441,88
5442,90
5443,96
5444,92
5445,79
5446,83
5447,92
5448,78
5449,68
5450,84
5451,94
5452,84
5453,84
5454,115
5455,81
5456,88
5457,67
5458,85
5459,87
5460,94
5461,94
5462,73
5463,100
5464,95
5465,79
5466,83
5467,68
5468,86
5469,89
5470,98
5471,80
5472,76
5473,76
5474,94
5475,84
5476,79
5477,104
5478,97
5479,82
5480,79
5481,87
5482,98
5483,81
5484,88
5485,80
5486,79
5487,83
5488,85
5489,99
5490,81
5491,86
5492,90
5493,85
5494,95
5495,77
5496,107
5497,75
5498,90
5499,87
5500,92
5501,77
5502,79
5503,87
5504,80
5505,85
5506,87
5507,75
5508,74
5509,85
5510,96
5511,85
5512,87
5513,91
5514,82
5515,60
5516,78
5517,97
5518,99
5519,79
5520,92
5521,89
5522,88
5523,79
5524,80
5525,80
5526,89
5527,81
5528,96
5529,108
5530,104
5531,81
5532,93
5533,93
5534,97
5535,88
5536,91
5537,82
5538,96
5539,84
5540,87
5541,84
5542,61
5543,90
5544,83
5545,95
5546,93
5547,80
5548,70
5549,80
5550,90
5551,91
5552,86
5553,95
5554,79
5555,74
5556,93
5557,106
5558,96
5559,89
5560,94
5561,74
5562,77
5563,73
5564,71
5565,94
5566,88
5567,80
5568,88
5569,84
5570,73
5571,96
5572,70
5573,90
5574,81
5575,99
5576,72
5577,88
5578,79
5579,83
5580,81
5581,94
5582,76
5583,103
5584,82
5585,91
5586,84
5587,87
5588,94
5589,81
5590,69
5591,78
5592,77
5593,87
5594,71
5595,98
5596,77
5597,76
5598,103
5599,89
5600,88
5601,76
5602,102
5603,85
5604,89
5605,79
5606,94
5607,80
5608,77
5609,80
5610,63
5611,76
5612,88
5613,81
5614,58
5615,84
5616,92
5617,78
5618,94
5619,87
5620,84
5621,70
5622,85
5623,63
5624,59
5625,87
5626,62
5627,86
5628,85
5629,64
5630,77
5631,80
5632,85
5633,69
5634,87
5635,74
5636,65
5637,78
5638,70
5639,102
5640,72
5641,72
5642,85
5643,74
5644,89
5645,83
5646,93
5647,78
5648,73
5649,92
5650,74
5651,74
5652,87
5653,66
5654,80
5655,72
5656,71
5657,73
5658,70
5659,84
5660,82
5661,75
5662,66
5663,70
5664,75
5665,58
5666,70
5667,70
5668,68
5669,80
5670,72
5671,76
5672,63
5673,74
5674,87
5675,75
5676,74
5677,61
5678,77
5679,72
5680,71
5681,70
5682,70
5683,79
5684,94
5685,72
5686,83
5687,80
5688,59
5689,67
5690,84
5691,84
5692,75
5693,74
5694,75
5695,66
5696,60
5697,80
5698,72
5699,81
5700,82
5701,70
5702,76
5703,86
5704,83
5705,72
5706,67
5707,82
5708,98
5709,70
5710,71
5711,58
5712,78
5713,76
5714,69
5715,67
5716,70
5717,73
5718,75
5719,89
5720,74
5721,73
5722,58
5723,75
5724,67
5725,73
5726,66
5727,70
5728,74
5729,89
5730,87
5731,66
5732,83
5733,71
5734,69
5735,78
5736,68
5737,64
5738,70
5739,69
5740,68
5741,81
5742,62
5743,60
5744,85
5745,69
5746,62
5747,63
5748,75
5749,68
5750,67
5751,67
5752,70
5753,60
5754,64
5755,73
5756,59
5757,77
5758,70
5759,80
5760,82
5761,57
5762,73
5763,50
5764,67
5765,66
5766,58
5767,78
5768,67
5769,75
5770,65
5771,79
5772,76
5773,64
5774,56
5775,61
5776,82
5777,60
5778,72
5779,80
5780,63
5781,67
5782,71
5783,69
5784,79
5785,73
5786,80
5787,65
5788,79
5789,68
5790,69
5791,80
5792,67
5793,74
5794,90
5795,61
5796,82
5797,70
5798,62
5799,77
5800,76
5801,83
5802,85
5803,69
5804,85
5805,63
5806,62
5807,76
5808,87
5809,55
5810,65
5811,63
5812,74
5813,75
5814,64
5815,74
5816,63
5817,68
5818,69
5819,62
5820,75
5821,72
5822,63
5823,79
5824,67
5825,76
5826,66
5827,61
5828,84
5829,74
5830,74
5831,83
5832,67
5833,78
5834,61
5835,69
5836,59
5837,76
5838,85
5839,82
5840,64
5841,74
5842,82
5843,78
5844,77
5845,94
5846,88
5847,85
5848,70
5849,59
5850,91
5851,79
5852,56
5853,68
5854,81
5855,87
5856,76
5857,88
5858,59
5859,77
5860,67
5861,82
5862,72
5863,80
5864,73
5865,83
5866,59
5867,75
5868,73
5869,81
5870,99
5871,73
5872,63
5873,81
5874,82
5875,83
5876,88
5877,71
5878,71
5879,74
5880,71
5881,83
5882,74
5883,85
5884,70
5885,75
5886,75
5887,85
5888,82
5889,73
5890,68
5891,92
5892,91
5893,79
5894,74
5895,87
5896,79
5897,90
5898,80
5899,85
5900,75
5901,74
5902,98
5903,85
5904,69
5905,78
5906,66
5907,70
5908,80
5909,69
5910,78
5911,68
5912,86
5913,63
5914,85
5915,74
5916,82
5917,85
5918,80
5919,78
5920,85
5921,80
5922,84
5923,84
5924,77
5925,82
5926,81
5927,68
5928,77
5929,85
5930,68
5931,89
5932,74
5933,70
5934,79
5935,75
5936,87
5937,92
5938,86
5939,80
5940,91
5941,93
5942,100
5943,79
5944,92
5945,90
5946,79
5947,88
5948,88
5949,73
5950,76
5951,81
5952,83
5953,81
5954,83
5955,100
5956,68
5957,82
5958,91
5959,83
5960,71
5961,79
5962,79
5963,86
5964,72
5965,80
5966,76
5967,91
5968,84
5969,100
5970,98
5971,69
5972,73
5973,89
5974,81
5975,79
5976,88
5977,82
5978,99
5979,74
5980,96
5981,87
5982,85
5983,89
5984,65
5985,79
5986,95
5987,83
5988,88
5989,79
5990,92
5991,86
5992,81
5993,93
5994,99
5995,77
5996,76
5997,95
5998,101
5999,52
6000,82
6001,86
6002,88
6003,84
6004,95
6005,78
6006,79
6007,96
6008,93
6009,80
6010,74
6011,79
6012,78
6013,80
6014,84
6015,83
6016,81
6017,88
6018,77
6019,80
6020,76
6021,91
6022,71
6023,79
6024,93
6025,80
6026,90
6027,75
6028,92
6029,97
6030,88
6031,75
6032,82
6033,77
6034,77
6035,95
6036,93
6037,73
6038,76
6039,67
6040,88
6041,69
6042,81
6043,87
6044,76
6045,92
6046,95
6047,94
6048,99
6049,74
6050,79
6051,97
6052,70
6053,94
6054,87
6055,88
6056,82
6057,63
6058,85
6059,77
6060,89
6061,81
6062,69
6063,85
6064,83
6065,87
6066,88
6067,86
6068,74
6069,86
6070,87
6071,79
6072,73
6073,77
6074,82
6075,89
6076,75
6077,70
6078,87
6079,81
6080,75
6081,73
6082,83
6083,94
6084,80
6085,68
6086,68
6087,82
6088,64
6089,85
6090,90
6091,91
6092,97
6093,88
6094,67
6095,95
6096,79
6097,79
6098,73
6099,84
6100,90
6101,72
6102,68
6103,91
6104,77
6105,76
6106,89
6107,70
6108,79
6109,84
6110,77
6111,84
6112,87
6113,82
6114,90
6115,83
6116,81
6117,95
6118,91
6119,93
6120,90
6121,89
6122,69
6123,80
6124,70
6125,88
6126,88
6127,83
6128,60
6129,81
6130,91
6131,84
6132,89
6133,79
6134,80
6135,83
6136,79
6137,66
6138,100
6139,79
6140,78
6141,79
6142,91
6143,96
6144,95
6145,87
6146,86
6147,80
6148,88
6149,76
6150,102
6151,92
6152,93
6153,78
6154,95
6155,84
6156,81
6157,74
6158,74
6159,94
6160,75
6161,86
6162,104
6163,79
6164,100
6165,91
6166,79
6167,89
6168,84
6169,70
6170,75
6171,97
6172,97
6173,89
6174,96
6175,87
6176,106
6177,85
6178,89
6179,96
6180,87
6181,92
6182,94
6183,89
6184,92
6185,80
6186,86
6187,76
6188,85
6189,81
6190,86
6191,104
6192,98
6193,95
6194,119
6195,96
6196,96
6197,75
6198,98
6199,92
6200,112
6201,80
6202,88
6203,94
6204,94
6205,85
6206,76
6207,99
6208,110
6209,104
6210,100
6211,91
6212,117
6213,85
6214,91
6215,94
6216,88
6217,106
6218,81
6219,96
6220,85
6221,94
6222,87
6223,83
6224,101
6225,97
6226,111
6227,104
6228,108
6229,99
6230,97
6231,100
6232,87
6233,101
6234,97
6235,101
6236,111
6237,103
6238,99
6239,103
6240,108
6241,88
6242,95
6243,96
6244,98
6245,111
6246,91
6247,117
6248,106
6249,97
6250,106
6251,87
6252,109
6253,97
6254,134
6255,106
6256,107
6257,123
6258,104
6259,115
6260,85
6261,105
6262,100
6263,126
6264,111
6265,113
6266,118
6267,118
6268,99
6269,93
6270,104
6271,106
6272,120
6273,102
6274,106
6275,115
6276,98
6277,109
6278,126
6279,117
6280,94
6281,122
6282,106
6283,130
6284,127
6285,127
6286,119
6287,117
6288,139
6289,105
6290,104
6291,116
6292,102
6293,121
6294,115
6295,120
6296,120
6297,118
6298,126
6299,103
6300,113
6301,115
6302,108
6303,126
6304,105
6305,118
6306,104
6307,108
6308,139
6309,124
6310,108
6311,101
6312,117
6313,119
6314,137
6315,120
6316,98
6317,121
6318,126
6319,119
6320,131
6321,119
6322,107
6323,117
6324,132
6325,111
6326,120
6327,126
6328,138
6329,127
6330,119
6331,148
6332,132
6333,114
6334,115
6335,140
6336,123
6337,104
6338,128
6339,134
6340,136
6341,124
6342,112
6343,102
6344,132
6345,136
6346,138
6347,130
6348,136
6349,125
6350,122
6351,117
6352,130
6353,143
6354,114
6355,122
6356,146
6357,143
6358,139
6359,131
6360,134
6361,128
6362,129
6363,128
6364,112
6365,132
6366,128
6367,119
6368,123
6369,149
6370,143
6371,121
6372,131
6373,125
6374,135
6375,132
6376,139
6377,136
6378,122
6379,139
6380,133
6381,146
6382,133
6383,157
6384,130
6385,143
6386,145
6387,120
6388,125
6389,146
6390,115
6391,133
6392,125
6393,153
6394,122
6395,148
6396,143
6397,146
6398,156
6399,145
6400,152
6401,135
6402,114
6403,136
6404,134
6405,142
6406,130
6407,136
6408,158
6409,136
6410,142
6411,145
6412,162
6413,157
6414,121
6415,133
6416,146
6417,134
6418,137
6419,126
6420,145
6421,166
6422,154
6423,148
6424,138
6425,147
6426,138
6427,106
6428,134
6429,139
6430,138
6431,137
6432,129
6433,136
6434,141
6435,127
6436,153
6437,143
6438,112
6439,156
6440,164
6441,119
6442,147
6443,142
6444,154
6445,143
6446,165
6447,144
6448,127
6449,155
6450,156
6451,147
6452,148
6453,142
6454,141
6455,153
6456,153
6457,150
6458,157
6459,137
6460,141
6461,169
6462,146
6463,165
6464,145
6465,148
6466,140
6467,133
6468,145
6469,146
6470,173
6471,132
6472,156
6473,146
6474,165
6475,161
6476,137
6477,145
6478,176
6479,117
6480,168
6481,130
6482,133
6483,145
6484,134
6485,167
6486,167
6487,142
6488,143
6489,154
6490,151
6491,146
6492,153
6493,152
6494,172
6495,146
6496,173
6497,147
6498,150
6499,130
6500,142
6501,159
6502,170
6503,175
6504,160
6505,164
6506,153
6507,148
6508,152
6509,162
6510,150
6511,158
6512,153
6513,162
6514,183
6515,160
6516,173
6517,163
6518,155
6519,172
6520,174
6521,162
6522,160
6523,178
6524,160
6525,150
6526,162
6527,182
6528,158
6529,149
6530,163
6531,177
6532,182
6533,186
6534,180
6535,195
6536,181
6537,172
6538,178
6539,196
6540,193
6541,176
6542,205
6543,173
6544,179
6545,164
6546,176
6547,165
6548,181
6549,192
6550,167
6551,182
6552,173
6553,198
6554,189
6555,203
6556,178
6557,179
6558,182
6559,196
6560,190
6561,180
6562,177
6563,180
6564,199
6565,186
6566,173
6567,192
6568,200
6569,204
6570,177
6571,207
6572,185
6573,202
6574,207
6575,205
6576,184
6577,208
6578,184
6579,186
6580,166
6581,204
6582,197
6583,207
6584,177
6585,163
6586,195
6587,195
6588,171
6589,182
6590,197
6591,167
6592,197
6593,206
6594,218
6595,211
6596,195
6597,212
6598,213
6599,194
6600,194
6601,199
6602,235
6603,212
6604,218
6605,193
6606,227
6607,194
6608,197
6609,204
6610,223
6611,216
6612,216
6613,194
6614,218
6615,213
6616,211
6617,216
6618,226
6619,199
6620,211
6621,214
6622,241
6623,223
6624,171
6625,213
6626,217
6627,188
6628,219
6629,232
6630,244
6631,238
6632,233
6633,208
6634,222
6635,223
6636,221
6637,260
6638,229
6639,245
6640,231
6641,218
6642,248
6643,221
6644,224
6645,242
6646,245
6647,234
6648,225
6649,264
6650,239
6651,257
6652,255
6653,214
6654,258
6655,233
6656,230
6657,239
6658,235
6659,248
6660,258
6661,263
6662,221
6663,242
6664,244
6665,249
6666,284
6667,252
6668,226
6669,279
6670,269
6671,260
6672,258
6673,252
6674,236
6675,257
6676,262
6677,239
6678,246
6679,274
6680,254
6681,236
6682,245
6683,250
6684,250
6685,270
6686,266
6687,270
6688,284
6689,273
6690,244
6691,274
6692,253
6693,270
6694,269
6695,244
6696,267
6697,270
6698,281
6699,260
6700,280
6701,268
6702,286
6703,276
6704,297
6705,301
6706,251
6707,298
6708,270
6709,277
6710,285
6711,279
6712,280
6713,268
6714,274
6715,273
6716,309
6717,259
6718,275
6719,287
6720,308
6721,304
6722,298
6723,322
6724,308
6725,280
6726,306
6727,277
6728,323
6729,305
6730,311
6731,319
6732,384
6733,280
6734,272
6735,310
6736,302
6737,296
6738,276
6739,311
6740,323
6741,310
6742,315
6743,314
6744,268
6745,297
6746,305
6747,329
6748,307
6749,295
6750,339
6751,309
6752,299
6753,333
6754,297
6755,336
6756,338
6757,325
6758,324
6759,298
6760,316
6761,323
6762,364
6763,360
6764,320
6765,322
6766,344
6767,360
6768,340
6769,330
6770,345
6771,326
6772,346
6773,369
6774,305
6775,293
6776,312
6777,382
6778,343
6779,364
6780,388
6781,360
6782,341
6783,333
6784,371
6785,347
6786,377
6787,333
6788,397
6789,343
6790,349
6791,357
6792,349
6793,374
6794,373
6795,365
6796,352
6797,378
6798,384
6799,405
6800,341
6801,367
6802,365
6803,380
6804,351
6805,380
6806,380
6807,389
6808,395
6809,381
6810,394
6811,357
6812,363
6813,404
6814,376
6815,374
6816,390
6817,398
6818,396
6819,448
6820,394
6821,415
6822,409
6823,409
6824,401
6825,382
6826,380
6827,393
6828,412
6829,396
6830,416
6831,410
6832,403
6833,403
6834,393
6835,419
6836,412
6837,420
6838,412
6839,421
6840,382
6841,434
6842,436
6843,402
6844,427
6845,433
6846,387
6847,368
6848,407
6849,428
6850,436
6851,442
6852,429
6853,474
6854,418
6855,427
6856,432
6857,446
6858,425
6859,457
6860,451
6861,434
6862,493
6863,474
6864,422
6865,427
6866,441
6867,429
6868,430
6869,450
6870,460
6871,428
6872,465
6873,425
6874,472
6875,452
6876,439
6877,487
6878,444
6879,490
6880,483
6881,455
6882,498
6883,498
6884,449
6885,474
6886,460
6887,478
6888,489
6889,477
6890,498
6891,492
6892,461
6893,454
6894,482
6895,490
6896,474
6897,459
6898,539
6899,481
6900,462
6901,493
6902,527
6903,515
6904,490
6905,476
6906,488
6907,474
6908,468
6909,454
6910,472
6911,480
6912,470
6913,480
6914,512
6915,472
6916,530
6917,493
6918,499
6919,511
6920,540
6921,502
6922,531
6923,503
6924,500
6925,503
6926,495
6927,582
6928,534
6929,482
6930,524
6931,521
6932,545
6933,516
6934,545
6935,512
6936,522
6937,566
6938,537
6939,520
6940,534
6941,524
6942,564
6943,525
6944,510
6945,539
6946,525
6947,516
6948,562
6949,527
6950,556
6951,544
6952,538
6953,567
6954,525
6955,556
6956,542
6957,523
6958,560
6959,570
6960,545
6961,557
6962,546
6963,574
6964,559
6965,562
6966,553
6967,580
6968,591
6969,547
6970,614
6971,560
6972,597
6973,546
6974,569
6975,675
6976,565
6977,606
6978,611
6979,623
6980,576
6981,580
6982,571
6983,614
6984,591
6985,596
6986,603
6987,596
6988,600
6989,641
6990,597
6991,606
6992,604
6993,602
6994,618
6995,615
6996,618
6997,618
6998,602
6999,673
7000,577
7001,622
7002,631
7003,623
7004,626
7005,631
7006,703
7007,625
7008,636
7009,651
7010,694
7011,709
7012,661
7013,652
7014,701
7015,698
7016,676
7017,647
7018,648
7019,686
7020,645
7021,654
7022,695
7023,695
7024,670
7025,702
7026,675
7027,739
7028,714
7029,711
7030,719
7031,695
7032,703
7033,749
7034,758
7035,734
7036,694
7037,687
7038,723
7039,679
7040,686
7041,739
7042,783
7043,680
7044,805
7045,728
7046,768
7047,806
7048,769
7049,717
7050,804
7051,716
7052,738
7053,786
7054,757
7055,786
7056,777
7057,792
7058,789
7059,838
7060,793
7061,791
7062,777
7063,796
7064,791
7065,811
7066,862
7067,817
7068,849
7069,797
7070,811
7071,836
7072,863
7073,843
7074,869
7075,790
7076,823
7077,814
7078,835
7079,830
7080,839
7081,858
7082,886
7083,898
7084,929
7085,896
7086,862
7087,900
7088,905
7089,900
7090,867
7091,940
7092,879
7093,939
7094,905
7095,955
7096,936
7097,890
7098,989
7099,918
7100,909
7101,914
7102,961
7103,986
7104,884
7105,963
7106,1023
7107,933
7108,945
7109,1024
7110,1010
7111,977
7112,982
7113,998
7114,971
7115,1001
7116,1029
7117,1003
7118,1030
7119,990
7120,1022
7121,1030
7122,1049
7123,977
7124,1054
7125,1046
7126,1049
7127,1068
7128,1064
7129,1032
7130,1103
7131,1070
7132,1078
7133,1077
7134,1093
7135,1109
7136,1109
7137,1173
7138,1102
7139,1020
7140,1140
7141,1177
7142,1117
7143,1189
7144,1128
7145,1209
7146,1152
7147,1239
7148,1236
7149,1142
7150,1205
7151,1177
7152,1216
7153,1188
7154,1204
7155,1296
7156,1233
7157,1187
7158,1173
7159,1280
7160,1293
7161,1277
7162,1253
7163,1171
7164,1268
7165,1195
7166,1289
7167,1279
7168,1301
7169,1314
7170,1262
7171,1351
7172,1253
7173,1319
7174,1320
7175,1380
7176,1332
7177,1403
7178,1378
7179,1324
7180,1339
7181,1363
7182,1408
7183,1328
7184,1417
7185,1437
7186,1386
7187,1432
7188,1387
7189,1461
7190,1355
7191,1461
7192,1427
7193,1494
7194,1460
7195,1432
7196,1483
7197,1388
7198,1452
7199,1478
7200,1445
7201,1525
7202,1498
7203,1596
7204,1546
7205,1538
7206,1522
7207,1632
7208,1586
7209,1585
7210,1559
7211,1626
7212,1560
7213,1567
7214,1628
7215,1598
7216,1726
7217,1591
7218,1619
7219,1585
7220,1651
7221,1563
7222,1608
7223,1619
7224,1641
7225,1742
7226,1738
7227,1716
7228,1801
7229,1706
7230,1733
7231,1787
7232,1722
7233,1765
7234,1764
7235,1740
7236,1763
7237,1836
7238,1807
7239,1769
7240,1734
7241,1887
7242,1809
7243,1787
7244,1868
7245,1856
7246,1850
7247,1891
7248,1827
7249,1901
7250,1840
7251,1879
7252,1896
7253,1919
7254,1928
7255,1873
7256,1938
7257,1933
7258,1865
7259,2018
7260,1948
7261,1984
7262,2061
7263,1993
7264,2090
7265,2078
7266,2076
7267,2038
7268,2134
7269,2034
7270,2132
7271,2052
7272,2084
7273,2121
7274,2082
7275,2153
7276,2125
7277,2118
7278,2151
7279,2217
7280,2089
7281,2205
7282,2231
7283,2220
7284,2188
7285,2298
7286,2229
7287,2249
7288,2228
7289,2227
7290,2327
7291,2349
7292,2322
7293,2343
7294,2320
7295,2315
7296,2409
7297,2318
7298,2339
7299,2342
7300,2371
7301,2379
7302,2321
7303,2460
7304,2394
7305,2430
7306,2526
7307,2476
7308,2433
7309,2470
7310,2444
7311,2487
7312,2605
7313,2491
7314,2436
7315,2532
7316,2528
7317,2501
7318,2591
7319,2574
7320,2512
7321,2474
7322,2584
7323,2560
7324,2572
7325,2629
7326,2716
7327,2634
7328,2743
7329,2743
7330,2719
7331,2763
7332,2715
7333,2750
7334,2736
7335,2758
7336,2821
7337,2732
7338,2810
7339,2724
7340,2824
7341,2845
7342,2821
7343,2909
7344,2945
7345,2950
7346,2903
7347,2807
7348,2949
7349,2964
7350,3002
7351,3019
7352,2872
7353,2986
7354,2987
7355,3042
7356,3051
7357,3070
7358,3147
7359,3013
7360,3127
7361,3216
7362,3050
7363,3057
7364,3067
7365,3130
7366,3201
7367,3199
7368,3068
7369,3240
7370,3156
7371,3214
7372,3136
7373,3269
7374,3303
7375,3254
7376,3302
7377,3239
7378,3261
7379,3394
7380,3297
7381,3489
7382,3294
7383,3282
7384,3499
7385,3358
7386,3478
7387,3422
7388,3454
7389,3366
7390,3654
7391,3472
7392,3482
7393,3555
7394,3607
7395,3641
7396,3604
7397,3583
7398,3550
7399,3605
7400,3658
7401,3626
7402,3688
7403,3776
7404,3738
7405,3719
7406,3653
7407,3702
7408,3765
7409,3693
7410,3820
7411,3794
7412,3850
7413,3798
7414,3854
7415,3868
7416,3958
7417,3946
7418,4024
7419,3907
7420,3917
7421,3998
7422,3942
7423,4031
7424,3967
7425,4115
7426,3892
7427,3985
7428,4148
7429,4116
7430,4139
7431,4074
7432,4197
7433,4136
7434,4114
7435,4301
7436,4142
7437,4323
7438,4358
7439,4287
7440,4243
7441,4299
7442,4216
7443,4372
7444,4252
7445,4377
7446,4448
7447,4419
7448,4415
7449,4417
7450,4391
7451,4576
7452,4575
7453,4370
7454,4557
7455,4573
7456,4465
7457,4512
7458,4574
7459,4598
7460,4592
7461,4641
7462,4590
7463,4696
7464,4714
7465,4628
7466,4688
7467,4821
7468,4850
7469,4715
7470,4772
7471,4863
7472,4808
7473,4977
7474,4768
7475,5038
7476,4957
7477,4941
7478,4984
7479,4897
7480,4916
7481,4944
7482,5093
7483,4926
7484,5128
7485,5015
7486,5080
7487,5237
7488,5132
7489,5266
7490,5254
7491,5204
7492,5215
7493,5262
7494,5229
7495,5174
7496,5360
7497,5409
7498,5240
7499,5352
7500,5434
7501,5348
7502,5338
7503,5475
7504,5469
7505,5391
7506,5409
7507,5317
7508,5482
7509,5607
7510,5613
7511,5421
7512,5549
7513,5708
7514,5597
7515,5574
7516,5682
7517,5722
7518,5738
7519,5651
7520,5828
7521,5842
7522,5790
7523,5774
7524,5779
7525,5854
7526,5828
7527,5924
7528,5837
7529,5822
7530,6030
7531,6031
7532,6052
7533,5875
7534,6150
7535,6005
7536,6160
7537,6071
7538,6102
7539,6140
7540,6123
7541,6322
7542,6221
7543,6264
7544,6162
7545,6376
7546,6320
7547,6265
7548,6310
7549,6304
7550,6410
7551,6369
7552,6433
7553,6452
7554,6513
7555,6387
7556,6393
7557,6424
7558,6549
7559,6471
7560,6614
7561,6532
7562,6642
7563,6787
7564,6676
7565,6631
7566,6848
7567,6757
7568,6910
7569,6803
7570,6767
7571,6810
7572,6842
7573,6934
7574,6897
7575,6999
7576,6983
7577,7047
7578,6951
7579,6921
7580,7180
7581,7049
7582,7016
7583,7075
7584,7044
7585,7171
7586,7315
7587,7128
7588,7295
7589,7340
7590,7225
7591,7362
7592,7433
7593,7437
7594,7327
7595,7527
7596,7440
7597,7529
7598,7623
7599,7520
7600,7492
7601,7452
7602,7291
7603,7472
7604,7743
7605,7633
7606,7625
7607,7725
7608,7731
7609,7768
7610,7675
7611,7887
7612,7875
7613,7871
7614,7809
7615,7802
7616,7948
7617,7823
7618,8017
7619,7966
7620,8005
7621,7969
7622,8016
7623,8070
7624,8181
7625,8136
7626,7945
7627,7949
7628,8140
7629,8151
7630,8074
7631,8144
7632,8054
7633,8091
7634,8434
7635,8194
7636,8292
7637,8441
7638,8364
7639,8330
7640,8440
7641,8269
7642,8301
7643,8405
7644,8481
7645,8527
7646,8656
7647,8619
7648,8497
7649,8518
7650,8656
7651,8782
7652,8639
7653,8607
7654,8707
7655,8699
7656,8585
7657,8701
7658,8857
7659,8790
7660,8687
7661,8851
7662,8826
7663,8887
7664,8969
7665,9132
7666,8921
7667,8784
7668,9153
7669,9069
7670,8869
7671,9038
7672,9156
7673,9008
7674,9139
7675,9151
7676,9115
7677,9174
7678,9304
7679,9112
7680,9243
7681,9214
7682,9257
7683,9221
7684,9338
7685,9287
7686,9329
7687,9236
7688,9336
7689,9241
7690,9429
7691,9376
7692,9426
7693,9388
7694,9529
7695,9559
7696,9562
7697,9506
7698,9646
7699,9440
7700,9640
7701,9730
7702,9447
7703,9581
7704,9595
7705,9614
7706,9835
7707,9640
7708,9441
7709,9680
7710,9662
7711,9944
7712,9724
7713,9800
7714,9885
7715,9705
7716,9810
7717,9736
7718,9763
7719,9823
7720,9960
7721,9893
7722,9768
7723,9727
7724,10028
7725,9836
7726,9871
7727,10054
7728,9953
7729,9978
7730,9882
7731,9856
7732,9904
7733,9902
7734,10175
7735,10091
7736,10052
7737,9925
7738,10004
7739,10106
7740,9988
7741,10164
7742,9949
7743,10223
7744,10075
7745,10162
7746,10094
7747,10106
7748,10080
7749,10429
7750,10033
7751,10311
7752,10110
7753,10115
7754,10201
7755,10219
7756,10220
7757,10400
7758,10255
7759,10432
7760,10318
7761,10173
7762,10416
7763,10219
7764,10180
7765,10203
7766,10346
7767,10342
7768,10158
7769,10418
7770,10055
7771,10242
7772,10213
7773,10234
7774,10374
7775,10343
7776,10304
7777,10300
7778,10179
7779,10255
7780,10195
7781,10269
7782,10296
7783,10419
7784,10355
7785,10261
7786,10580
7787,10115
7788,10471
7789,10289
7790,10331
7791,10350
7792,10320
7793,10439
7794,10206
7795,10464
7796,10331
7797,10405
7798,10314
7799,10319
7800,10404
7801,10409
7802,10297
7803,10366
7804,10499
7805,10228
7806,10282
7807,10279
7808,10191
7809,10313
7810,10243
7811,10159
7812,10350
7813,10375
7814,10447
7815,10044
7816,10193
7817,10141
7818,10333
7819,10187
7820,10285
7821,10013
7822,10082
7823,10064
7824,10337
7825,10175
7826,10267
7827,10166
7828,10210
7829,9938
7830,10144
7831,10249
7832,10008
7833,10093
7834,10186
7835,10052
7836,10087
7837,9977
7838,9872
7839,10098
7840,10001
7841,10101
7842,10132
7843,10064
7844,10123
7845,10076
7846,9897
7847,10034
7848,9977
7849,9921
7850,9845
7851,9676
7852,9949
7853,9825
7854,9718
7855,9929
7856,9854
7857,9851
7858,9726
7859,9639
7860,9660
7861,9833
7862,9659
7863,9486
7864,9640
7865,9680
7866,9643
7867,9680
7868,9651
7869,9375
7870,9470
7871,9480
7872,9440
7873,9456
7874,9452
7875,9519
7876,9385
7877,9401
7878,9458
7879,9325
7880,9279
7881,9283
7882,9158
7883,9303
7884,9219
7885,9357
7886,9250
7887,9294
7888,9077
7889,9263
7890,9079
7891,9114
7892,9102
7893,8931
7894,8953
7895,9316
7896,9030
7897,9039
7898,8981
7899,8899
7900,8829
7901,8843
7902,8686
7903,8726
7904,8654
7905,8825
7906,8740
7907,8700
7908,8757
7909,8632
7910,8770
7911,8755
7912,8548
7913,8540
7914,8608
7915,8478
7916,8434
7917,8432
7918,8406
7919,8306
7920,8345
7921,8400
7922,8184
7923,8308
7924,8000
7925,8336
7926,8322
7927,8242
7928,8012
7929,8144
7930,7987
7931,8025
7932,7974
7933,7956
7934,7925
7935,7966
7936,7947
7937,7726
7938,7687
7939,7745
7940,7901
7941,7762
7942,7584
7943,7684
7944,7767
7945,7512
7946,7590
7947,7615
7948,7448
7949,7374
7950,7347
7951,7519
7952,7228
7953,7287
7954,7213
7955,7301
7956,7221
7957,7175
7958,7246
7959,7162
7960,7103
7961,7020
7962,7088
7963,6959
7964,7013
7965,6825
7966,6826
7967,6952
7968,6835
7969,6751
7970,6513
7971,6680
7972,6875
7973,6745
7974,6755
7975,6747
7976,6651
7977,6580
7978,6506
7979,6421
7980,6489
7981,6231
7982,6344
7983,6575
7984,6266
7985,6124
7986,6286
7987,6176
7988,6099
7989,6114
7990,6098
7991,6079
7992,6027
7993,6050
7994,5987
7995,5907
7996,5958
7997,5799
7998,5768
7999,5751
8000,5726
8001,5576
8002,5653
8003,5651
8004,5561
8005,5679
8006,5511
8007,5460
8008,5480
8009,5448
8010,5479
8011,5316
8012,5335
8013,5327
8014,5292
8015,5144
8016,5249
8017,5116
8018,5056
8019,5051
8020,5136
8021,5023
8022,4937
8023,4903
8024,4882
8025,4834
8026,4834
8027,4715
8028,4762
8029,4684
8030,4712
8031,4751
8032,4648
8033,4539
8034,4649
8035,4635
8036,4584
8037,4397
8038,4493
8039,4383
8040,4318
8041,4273
8042,4359
8043,4145
8044,4188
8045,4175
8046,4188
8047,4114
8048,4094
8049,4094
8050,4048
8051,4029
8052,3904
8053,4033
8054,3858
8055,3828
8056,3837
8057,3782
8058,3810
8059,3760
8060,3725
8061,3704
8062,3721
8063,3655
8064,3646
8065,3608
8066,3577
8067,3530
8068,3385
8069,3500
8070,3427
8071,3447
8072,3349
8073,3362
8074,3411
8075,3208
8076,3167
8077,3234
8078,3100
8079,3174
8080,3079
8081,3006
8082,3074
8083,3024
8084,3011
8085,2931
8086,2984
8087,2873
8088,2902
8089,2859
8090,2927
8091,2815
8092,2804
8093,2705
8094,2748
8095,2642
8096,2612
8097,2658
8098,2611
8099,2658
8100,2521
8101,2560
8102,2469
8103,2510
8104,2532
8105,2402
8106,2366
8107,2349
8108,2337
8109,2339
8110,2292
8111,2255
8112,2271
8113,2206
8114,2241
8115,2227
8116,2191
8117,2126
8118,2196
8119,2140
8120,2134
8121,2088
8122,2028
8123,2003
8124,1944
8125,1956
8126,1979
8127,1929
8128,1845
8129,1846
8130,1868
8131,1770
8132,1793
8133,1825
8134,1788
8135,1738
8136,1789
8137,1736
8138,1616
8139,1597
8140,1689
8141,1587
8142,1593
8143,1615
8144,1563
8145,1554
8146,1531
8147,1497
8148,1493
8149,1415
8150,1478
8151,1452
8152,1452
8153,1408
8154,1412
8155,1393
8156,1298
8157,1316
8158,1305
8159,1267
8160,1325
8161,1279
8162,1177
8163,1188
8164,1223
8165,1155
8166,1145
8167,1210
8168,1145
8169,1122
8170,1115
8171,1153
8172,1074
8173,1038
8174,1027
8175,1060
8176,1021
8177,1008
8178,961
8179,963
8180,912
8181,986
8182,1009
8183,969
8184,928
8185,883
8186,879
8187,867
8188,884
8189,911
8190,831
8191,811
8192,834
8193,831
8194,775
8195,764
8196,777
8197,741
8198,752
8199,768
8200,720
8201,688
8202,720
8203,631
8204,690
8205,666
8206,628
8207,631
8208,659
8209,610
8210,639
8211,616
8212,616
8213,613
8214,604
8215,518
8216,557
8217,510
8218,551
8219,510
8220,536
8221,504
8222,502
8223,521
8224,482
8225,523
8226,470
8227,506
8228,477
8229,480
8230,462
8231,450
8232,441
8233,416
8234,440
8235,409
8236,409
8237,386
8238,377
8239,381
8240,394
8241,370
8242,350
8243,404
8244,373
8245,350
8246,337
8247,330
8248,355
8249,304
8250,306
8251,322
8252,303
8253,293
8254,301
8255,278
8256,268
8257,258
8258,274
8259,285
8260,250
8261,254
8262,264
8263,251
8264,231
8265,262
8266,220
8267,202
8268,219
8269,219
8270,224
8271,208
8272,205
8273,223
8274,205
8275,196
8276,181
8277,193
8278,185
8279,170
8280,207
8281,170
8282,157
8283,148
8284,190
8285,141
8286,139
8287,149
8288,142
8289,136
8290,142
8291,129
8292,158
8293,115
8294,138
8295,137
8296,165
8297,114
8298,119
8299,125
8300,122
8301,129
8302,117
8303,103
8304,109
8305,88
8306,103
8307,106
8308,108
8309,92
8310,97
8311,77
8312,79
8313,88
8314,79
8315,87
8316,67
8317,74
8318,81
8319,77
8320,93
8321,71
8322,71
8323,70
8324,80
8325,84
8326,70
8327,60
8328,65
8329,63
8330,56
8331,62
8332,74
8333,52
8334,51
8335,55
8336,64
8337,43
8338,55
8339,59
8340,49
8341,46
8342,36
8343,60
8344,50
8345,43
8346,37
8347,37
8348,36
8349,53
8350,43
8351,31
8352,41
8353,34
8354,41
8355,28
8356,39
8357,42
8358,33
8359,24
8360,32
8361,31
8362,28
8363,28
8364,24
8365,35
8366,28
8367,27
8368,17
8369,26
8370,29
8371,26
8372,35
8373,28
8374,17
8375,18
8376,26
8377,17
8378,17
8379,15
8380,11
8381,18
8382,11
8383,16
8384,12
8385,10
8386,11
8387,9
8388,17
8389,7
8390,13
8391,11
8392,13
8393,12
8394,15
8395,13
8396,14
8397,7
8398,13
8399,12
8400,8
8401,11
8402,13
8403,11
8404,9
8405,10
8406,11
8407,13
8408,11
8409,2
8410,10
8411,9
8412,7
8413,5
8414,7
8415,12
8416,6
8417,3
8418,6
8419,3
8420,7
8421,2
8422,5
8423,7
8424,3
8425,6
8426,4
8427,9
8428,4
8429,4
8430,4
8431,6
8432,1
8433,5
8434,6
8435,6
8436,2
8437,6
8438,6
8439,4
8440,2
8441,3
8442,2
8443,6
8444,4
8445,2
8446,1
8448,5
8450,3
8451,4
8452,3
8453,2
8454,3
8455,2
8456,2
8457,1
8458,3
8459,2
8460,2
8461,2
8462,2
8463,1
8464,2
8465,3
8467,3
8469,4
8470,2
8471,2
8472,2
8473,1
8474,1
8476,1
8477,2
8478,2
8483,1
8487,1
8488,1
8494,1
8495,1
8497,2
8498,1
8501,1
8502,1
8507,1
8508,1
8509,1
8512,1
8514,1
8522,1
8530,1
8534,1
8555,1
8567,1
