2080,1
2099,1
2104,1
2126,1
2128,1
2133,1
2136,1
2155,2
2156,1
2172,1
2178,1
2181,1
2191,1
2202,1
2206,2
2211,1
2213,1
2214,1
2218,1
2220,1
2221,1
2226,1
2228,1
2229,1
2231,1
2234,1
2236,1
2239,1
2240,1
2244,1
2246,1
2249,1
2254,1
2255,2
2257,1
2258,3
2261,3
2262,1
2263,1
2264,1
2265,1
2266,1
2267,1
2269,1
2270,1
2271,2
2272,1
2274,2
2275,1
2276,1
2278,1
2279,1
2280,4
2281,3
2282,2
2284,1
2285,3
2286,1
2287,1
2288,1
2289,2
2290,2
2292,1
2293,1
2294,2
2295,2
2297,1
2298,2
2299,2
2300,2
2301,2
2304,1
2305,3
2308,2
2309,3
2310,1
2312,2
2313,3
2314,1
2315,2
2316,1
2317,2
2318,2
2320,2
2321,4
2322,1
2323,2
2324,4
2325,4
2326,1
2327,3
2328,3
2329,3
2330,1
2331,4
2332,3
2333,5
2335,2
2337,1
2338,4
2339,2
2340,3
2341,3
2342,3
2343,1
2344,5
2345,3
2346,3
2347,1
2348,1
2349,3
2350,6
2351,2
2352,5
2353,2
2354,4
2355,2
2356,1
2358,3
2359,4
2360,2
2361,3
2362,3
2364,2
2366,7
2367,5
2368,4
2369,2
2370,8
2371,7
2372,3
2373,2
2374,5
2375,7
2376,4
2377,4
2378,9
2379,2
2380,1
2381,8
2382,3
2383,4
2384,5
2385,4
2386,3
2387,4
2388,4
2389,7
2390,6
2391,6
2392,6
2393,7
2394,3
2395,8
2396,6
2397,9
2398,10
2399,4
2400,4
2401,10
2402,9
2403,6
2404,7
2405,3
2406,7
2407,14
2408,8
2409,6
2410,6
2411,6
2412,7
2413,5
2414,4
2415,9
2416,9
2417,12
2418,8
2419,5
2420,6
2421,7
2422,6
2423,5
2424,10
2425,10
2426,9
2427,9
2428,5
2429,10
2430,13
2431,5
2432,6
2433,5
2434,10
2435,10
2436,12
2437,12
2438,8
2439,7
2440,4
2441,12
2442,5
2443,7
2444,13
2445,8
2446,5
2447,3
2448,9
2449,8
2450,13
2451,8
2452,12
2453,10
2454,6
2455,6
2456,15
2457,10
2458,12
2459,11
2460,11
2461,11
2462,9
2463,11
2464,6
2465,17
2466,12
2467,10
2468,15
2469,7
2470,17
2471,14
2472,15
2473,9
2474,9
2475,22
2476,10
2477,11
2478,15
2479,14
2480,19
2481,10
2482,9
2483,18
2484,11
2485,19
2486,10
2487,14
2488,9
2489,15
2490,16
2491,11
2492,15
2493,18
2494,25
2495,15
2496,14
2497,19
2498,16
2499,18
2500,18
2501,11
2502,18
2503,19
2504,21
2505,21
2506,19
2507,22
2508,15
2509,11
2510,20
2511,15
2512,22
2513,20
2514,25
2515,20
2516,23
2517,29
2518,20
2519,20
2520,21
2521,28
2522,19
2523,25
2524,22
2525,29
2526,15
2527,20
2528,22
2529,22
2530,22
2531,26
2532,20
2533,19
2534,32
2535,29
2536,23
2537,26
2538,34
2539,24
2540,29
2541,32
2542,25
2543,20
2544,23
2545,28
2546,26
2547,31
2548,31
2549,33
2550,37
2551,27
2552,28
2553,33
2554,36
2555,25
2556,24
2557,39
2558,44
2559,31
2560,31
2561,30
2562,33
2563,38
2564,31
2565,34
2566,40
2567,37
2568,30
2569,28
2570,29
2571,37
2572,25
2573,45
2574,32
2575,31
2576,38
2577,33
2578,34
2579,51
2580,40
2581,37
2582,36
2583,34
2584,41
2585,36
2586,40
2587,35
2588,50
2589,29
2590,31
2591,53
2592,35
2593,37
2594,45
2595,43
2596,34
2597,44
2598,43
2599,44
2600,57
2601,53
2602,47
2603,40
2604,50
2605,47
2606,48
2607,52
2608,52
2609,58
2610,57
2611,46
2612,46
2613,46
2614,66
2615,59
2616,47
2617,56
2618,48
2619,60
2620,62
2621,66
2622,60
2623,56
2624,46
2625,66
2626,59
2627,47
2628,56
2629,39
2630,66
2631,52
2632,60
2633,54
2634,64
2635,53
2636,55
2637,66
2638,64
2639,71
2640,68
2641,59
2642,68
2643,56
2644,69
2645,85
2646,75
2647,64
2648,62
2649,61
2650,81
2651,69
2652,67
2653,85
2654,79
2655,62
2656,71
2657,68
2658,71
2659,73
2660,75
2661,76
2662,73
2663,80
2664,83
2665,81
2666,74
2667,80
2668,59
2669,88
2670,83
2671,96
2672,76
2673,69
2674,86
2675,79
2676,81
2677,76
2678,80
2679,99
2680,105
2681,84
2682,94
2683,84
2684,77
2685,104
2686,92
2687,80
2688,92
2689,95
2690,109
2691,89
2692,103
2693,106
2694,96
2695,100
2696,102
2697,110
2698,92
2699,87
2700,115
2701,112
2702,116
2703,97
2704,101
2705,103
2706,129
2707,131
2708,118
2709,117
2710,97
2711,120
2712,97
2713,104
2714,109
2715,111
2716,109
2717,100
2718,128
2719,126
2720,109
2721,116
2722,126
2723,112
2724,125
2725,140
2726,115
2727,140
2728,118
2729,133
2730,137
2731,113
2732,154
2733,117
2734,144
2735,124
2736,123
2737,128
2738,126
2739,149
2740,131
2741,129
2742,119
2743,141
2744,141
2745,120
2746,146
2747,138
2748,139
2749,144
2750,136
2751,158
2752,125
2753,166
2754,158
2755,165
2756,156
2757,150
2758,143
2759,146
2760,152
2761,177
2762,170
2763,163
2764,168
2765,157
2766,165
2767,154
2768,159
2769,148
2770,153
2771,168
2772,163
2773,171
2774,161
2775,171
2776,169
2777,165
2778,202
2779,187
2780,172
2781,178
2782,161
2783,177
2784,166
2785,181
2786,191
2787,173
2788,179
2789,197
2790,177
2791,200
2792,172
2793,200
2794,184
2795,236
2796,195
2797,205
2798,186
2799,203
2800,208
2801,201
2802,184
2803,196
2804,212
2805,202
2806,190
2807,206
2808,215
2809,208
2810,217
2811,216
2812,209
2813,223
2814,186
2815,221
2816,196
2817,199
2818,189
2819,203
2820,221
2821,229
2822,230
2823,201
2824,227
2825,228
2826,230
2827,244
2828,224
2829,241
2830,219
2831,250
2832,223
2833,264
2834,231
2835,236
2836,236
2837,265
2838,285
2839,254
2840,252
2841,257
2842,247
2843,246
2844,272
2845,267
2846,269
2847,250
2848,236
2849,246
2850,259
2851,274
2852,271
2853,256
2854,257
2855,251
2856,291
2857,261
2858,259
2859,277
2860,269
2861,288
2862,293
2863,262
2864,301
2865,341
2866,284
2867,268
2868,276
2869,264
2870,291
2871,270
2872,296
2873,293
2874,321
2875,281
2876,295
2877,298
2878,303
2879,289
2880,284
2881,326
2882,312
2883,288
2884,286
2885,317
2886,340
2887,305
2888,329
2889,302
2890,283
2891,312
2892,342
2893,347
2894,326
2895,345
2896,317
2897,334
2898,325
2899,335
2900,339
2901,356
2902,346
2903,361
2904,338
2905,355
2906,348
2907,366
2908,349
2909,352
2910,365
2911,337
2912,336
2913,368
2914,394
2915,377
2916,361
2917,376
2918,352
2919,343
2920,354
2921,363
2922,383
2923,365
2924,400
2925,379
2926,403
2927,403
2928,423
2929,405
2930,375
2931,384
2932,371
2933,375
2934,394
2935,401
2936,417
2937,409
2938,428
2939,379
2940,401
2941,434
2942,408
2943,397
2944,403
2945,425
2946,429
2947,450
2948,426
2949,413
2950,433
2951,437
2952,396
2953,388
2954,396
2955,469
2956,427
2957,463
2958,449
2959,447
2960,453
2961,412
2962,454
2963,460
2964,446
2965,439
2966,447
2967,459
2968,455
2969,458
2970,498
2971,485
2972,458
2973,474
2974,500
2975,473
2976,517
2977,427
2978,468
2979,487
2980,521
2981,472
2982,501
2983,512
2984,476
2985,434
2986,519
2987,487
2988,501
2989,487
2990,489
2991,504
2992,510
2993,544
2994,539
2995,536
2996,521
2997,474
2998,533
2999,599
3000,501
3001,553
3002,529
3003,553
3004,533
3005,560
3006,530
3007,506
3008,533
3009,585
3010,517
3011,543
3012,569
3013,569
3014,640
3015,578
3016,584
3017,525
3018,580
3019,489
3020,586
3021,585
3022,567
3023,576
3024,555
3025,605
3026,591
3027,594
3028,595
3029,574
3030,582
3031,625
3032,599
3033,613
3034,597
3035,622
3036,603
3037,610
3038,581
3039,620
3040,591
3041,612
3042,638
3043,685
3044,642
3045,594
3046,613
3047,612
3048,625
3049,667
3050,642
3051,654
3052,642
3053,622
3054,634
3055,649
3056,614
3057,651
3058,685
3059,679
3060,629
3061,696
3062,671
3063,666
3064,677
3065,662
3066,700
3067,721
3068,706
3069,709
3070,679
3071,695
3072,673
3073,693
3074,686
3075,691
3076,722
3077,691
3078,720
3079,751
3080,725
3081,710
3082,720
3083,766
3084,736
3085,755
3086,684
3087,704
3088,712
3089,741
3090,736
3091,706
3092,770
3093,732
3094,765
3095,729
3096,739
3097,752
3098,809
3099,749
3100,715
3101,770
3102,773
3103,761
3104,780
3105,758
3106,775
3107,785
3108,783
3109,771
3110,806
3111,770
3112,783
3113,859
3114,807
3115,816
3116,793
3117,834
3118,829
3119,820
3120,825
3121,783
3122,800
3123,841
3124,805
3125,870
3126,802
3127,797
3128,877
3129,801
3130,851
3131,865
3132,849
3133,808
3134,859
3135,818
3136,849
3137,870
3138,799
3139,835
3140,861
3141,872
3142,930
3143,851
3144,881
3145,886
3146,897
3147,894
3148,833
3149,866
3150,865
3151,882
3152,870
3153,872
3154,878
3155,925
3156,913
3157,845
3158,907
3159,871
3160,958
3161,904
3162,902
3163,904
3164,932
3165,907
3166,905
3167,904
3168,975
3169,937
3170,921
3171,933
3172,947
3173,916
3174,878
3175,938
3176,937
3177,928
3178,895
3179,940
3180,972
3181,880
3182,978
3183,957
3184,941
3185,982
3186,933
3187,971
3188,915
3189,1023
3190,1013
3191,910
3192,957
3193,1003
3194,966
3195,1018
3196,1035
3197,1060
3198,1027
3199,1018
3200,967
3201,1054
3202,1016
3203,1116
3204,1037
3205,992
3206,1028
3207,1023
3208,1053
3209,1035
3210,994
3211,1016
3212,1012
3213,1016
3214,1112
3215,1061
3216,1061
3217,1075
3218,1065
3219,1098
3220,1054
3221,1082
3222,1002
3223,1112
3224,1018
3225,1116
3226,1050
3227,1172
3228,1075
3229,1033
3230,1072
3231,1079
3232,1079
3233,1127
3234,1143
3235,1058
3236,1114
3237,1121
3238,1113
3239,1088
3240,1158
3241,1103
3242,1142
3243,1146
3244,1168
3245,1145
3246,1130
3247,1131
3248,1108
3249,1213
3250,1154
3251,1140
3252,1129
3253,1187
3254,1164
3255,1067
3256,1129
3257,1182
3258,1221
3259,1239
3260,1136
3261,1118
3262,1197
3263,1153
3264,1187
3265,1130
3266,1194
3267,1141
3268,1206
3269,1199
3270,1200
3271,1180
3272,1220
3273,1219
3274,1203
3275,1189
3276,1260
3277,1269
3278,1251
3279,1261
3280,1245
3281,1133
3282,1246
3283,1202
3284,1173
3285,1249
3286,1214
3287,1247
3288,1182
3289,1225
3290,1232
3291,1286
3292,1314
3293,1227
3294,1209
3295,1228
3296,1229
3297,1313
3298,1232
3299,1255
3300,1233
3301,1275
3302,1309
3303,1237
3304,1272
3305,1276
3306,1306
3307,1350
3308,1330
3309,1333
3310,1355
3311,1337
3312,1332
3313,1305
3314,1335
3315,1292
3316,1287
3317,1268
3318,1325
3319,1346
3320,1364
3321,1328
3322,1330
3323,1357
3324,1317
3325,1347
3326,1302
3327,1395
3328,1344
3329,1315
3330,1324
3331,1387
3332,1349
3333,1344
3334,1366
3335,1370
3336,1413
3337,1352
3338,1278
3339,1379
3340,1367
3341,1454
3342,1443
3343,1417
3344,1401
3345,1392
3346,1462
3347,1437
3348,1374
3349,1448
3350,1438
3351,1417
3352,1422
3353,1465
3354,1459
3355,1455
3356,1407
3357,1476
3358,1468
3359,1416
3360,1469
3361,1381
3362,1423
3363,1438
3364,1440
3365,1462
3366,1465
3367,1496
3368,1531
3369,1439
3370,1499
3371,1474
3372,1501
3373,1479
3374,1461
3375,1437
3376,1499
3377,1497
3378,1584
3379,1506
3380,1513
3381,1515
3382,1506
3383,1512
3384,1443
3385,1513
3386,1490
3387,1538
3388,1459
3389,1507
3390,1485
3391,1578
3392,1562
3393,1608
3394,1513
3395,1435
3396,1572
3397,1476
3398,1549
3399,1550
3400,1444
3401,1623
3402,1502
3403,1538
3404,1578
3405,1584
3406,1525
3407,1530
3408,1615
3409,1622
3410,1581
3411,1590
3412,1566
3413,1553
3414,1632
3415,1607
3416,1628
3417,1575
3418,1653
3419,1552
3420,1588
3421,1581
3422,1584
3423,1605
3424,1660
3425,1701
3426,1604
3427,1581
3428,1646
3429,1587
3430,1642
3431,1626
3432,1551
3433,1597
3434,1638
3435,1627
3436,1590
3437,1661
3438,1613
3439,1624
3440,1643
3441,1670
3442,1625
3443,1655
3444,1676
3445,1655
3446,1693
3447,1759
3448,1618
3449,1636
3450,1684
3451,1735
3452,1689
3453,1706
3454,1674
3455,1718
3456,1759
3457,1671
3458,1733
3459,1795
3460,1691
3461,1778
3462,1733
3463,1694
3464,1725
3465,1651
3466,1667
3467,1764
3468,1658
3469,1743
3470,1653
3471,1789
3472,1779
3473,1749
3474,1707
3475,1796
3476,1803
3477,1893
3478,1857
3479,1789
3480,1690
3481,1719
3482,1815
3483,1752
3484,1782
3485,1717
3486,1775
3487,1861
3488,1870
3489,1775
3490,1815
3491,1767
3492,1722
3493,1739
3494,1842
3495,1812
3496,1842
3497,1776
3498,1709
3499,1787
3500,1851
3501,1858
3502,1821
3503,1839
3504,1822
3505,1827
3506,1860
3507,1916
3508,1806
3509,1801
3510,1915
3511,1784
3512,1843
3513,1787
3514,1883
3515,1920
3516,1869
3517,1939
3518,1897
3519,1854
3520,1896
3521,1834
3522,1911
3523,1888
3524,1854
3525,1915
3526,1852
3527,1845
3528,1921
3529,1839
3530,1907
3531,1923
3532,1937
3533,1782
3534,1863
3535,1870
3536,1864
3537,1903
3538,1942
3539,1870
3540,2005
3541,1939
3542,1874
3543,1944
3544,1947
3545,1948
3546,2009
3547,1901
3548,1918
3549,1890
3550,1924
3551,1923
3552,1916
3553,1923
3554,1974
3555,1867
3556,1971
3557,1974
3558,1940
3559,1955
3560,1916
3561,1943
3562,1926
3563,1969
3564,1950
3565,1966
3566,2007
3567,2039
3568,1987
3569,1988
3570,1964
3571,2015
3572,1979
3573,2041
3574,2059
3575,2035
3576,1998
3577,1979
3578,2023
3579,2005
3580,2032
3581,2020
3582,2022
3583,2011
3584,1955
3585,2094
3586,2048
3587,1969
3588,2053
3589,2026
3590,2040
3591,2041
3592,2077
3593,2039
3594,2023
3595,2045
3596,2016
3597,2076
3598,2068
3599,2092
3600,2106
3601,2084
3602,2061
3603,2075
3604,2088
3605,2114
3606,2142
3607,2119
3608,2075
3609,2062
3610,2001
3611,2079
3612,2100
3613,2098
3614,2074
3615,2036
3616,2068
3617,2075
3618,2126
3619,2164
3620,2131
3621,2094
3622,2054
3623,2152
3624,2071
3625,2074
3626,2134
3627,2111
3628,2140
3629,2080
3630,2190
3631,2138
3632,2183
3633,2199
3634,2203
3635,2103
3636,2193
3637,2124
3638,2172
3639,2155
3640,2181
3641,2196
3642,2145
3643,2183
3644,2117
3645,2227
3646,2170
3647,2215
3648,2117
3649,2245
3650,2277
3651,2271
3652,2243
3653,2182
3654,2160
3655,2199
3656,2173
3657,2153
3658,2274
3659,2209
3660,2217
3661,2254
3662,2294
3663,2133
3664,2219
3665,2254
3666,2231
3667,2268
3668,2210
3669,2276
3670,2265
3671,2241
3672,2299
3673,2272
3674,2225
3675,2334
3676,2172
3677,2210
3678,2203
3679,2285
3680,2266
3681,2243
3682,2241
3683,2336
3684,2293
3685,2269
3686,2280
3687,2366
3688,2315
3689,2271
3690,2267
3691,2343
3692,2356
3693,2224
3694,2342
3695,2307
3696,2293
3697,2307
3698,2210
3699,2294
3700,2223
3701,2337
3702,2366
3703,2275
3704,2268
3705,2357
3706,2295
3707,2361
3708,2265
3709,2411
3710,2376
3711,2351
3712,2335
3713,2302
3714,2356
3715,2266
3716,2368
3717,2322
3718,2395
3719,2366
3720,2431
3721,2421
3722,2438
3723,2395
3724,2234
3725,2353
3726,2407
3727,2345
3728,2356
3729,2391
3730,2436
3731,2424
3732,2362
3733,2361
3734,2359
3735,2441
3736,2411
3737,2450
3738,2364
3739,2354
3740,2402
3741,2410
3742,2411
3743,2488
3744,2465
3745,2459
3746,2409
3747,2541
3748,2427
3749,2492
3750,2437
3751,2337
3752,2432
3753,2480
3754,2392
3755,2466
3756,2460
3757,2490
3758,2420
3759,2410
3760,2422
3761,2491
3762,2480
3763,2514
3764,2468
3765,2535
3766,2474
3767,2477
3768,2474
3769,2523
3770,2556
3771,2504
3772,2429
3773,2503
3774,2442
3775,2520
3776,2355
3777,2484
3778,2455
3779,2544
3780,2622
3781,2497
3782,2398
3783,2588
3784,2474
3785,2499
3786,2537
3787,2468
3788,2515
3789,2548
3790,2530
3791,2577
3792,2565
3793,2568
3794,2586
3795,2522
3796,2560
3797,2549
3798,2669
3799,2476
3800,2561
3801,2592
3802,2595
3803,2595
3804,2585
3805,2621
3806,2560
3807,2551
3808,2604
3809,2526
3810,2491
3811,2544
3812,2591
3813,2498
3814,2594
3815,2589
3816,2620
3817,2649
3818,2561
3819,2546
3820,2664
3821,2566
3822,2735
3823,2554
3824,2590
3825,2551
3826,2549
3827,2673
3828,2652
3829,2578
3830,2584
3831,2592
3832,2593
3833,2675
3834,2573
3835,2624
3836,2689
3837,2590
3838,2722
3839,2620
3840,2713
3841,2769
3842,2580
3843,2659
3844,2710
3845,2652
3846,2646
3847,2639
3848,2713
3849,2628
3850,2569
3851,2763
3852,2699
3853,2651
3854,2626
3855,2635
3856,2735
3857,2775
3858,2679
3859,2728
3860,2773
3861,2667
3862,2728
3863,2685
3864,2639
3865,2681
3866,2838
3867,2714
3868,2754
3869,2748
3870,2619
3871,2728
3872,2801
3873,2806
3874,2832
3875,2701
3876,2726
3877,2753
3878,2754
3879,2735
3880,2676
3881,2668
3882,2792
3883,2764
3884,2750
3885,2774
3886,2791
3887,2879
3888,2828
3889,2744
3890,2771
3891,2757
3892,2779
3893,2789
3894,2844
3895,2763
3896,2827
3897,2738
3898,2755
3899,2807
3900,2691
3901,2757
3902,2815
3903,2770
3904,2792
3905,2739
3906,2807
3907,2815
3908,2848
3909,2774
3910,2871
3911,2814
3912,2953
3913,2925
3914,2891
3915,2815
3916,2871
3917,2866
3918,2845
3919,2841
3920,2840
3921,2877
3922,2862
3923,2856
3924,2903
3925,2950
3926,2862
3927,2843
3928,2940
3929,2866
3930,2870
3931,2882
3932,2894
3933,2901
3934,2877
3935,2946
3936,3024
3937,2917
3938,2894
3939,2918
3940,2915
3941,2913
3942,2952
3943,2906
3944,2865
3945,2944
3946,2949
3947,2913
3948,2913
3949,2936
3950,2971
3951,2860
3952,3059
3953,2894
3954,2933
3955,2985
3956,2955
3957,2886
3958,2921
3959,2989
3960,2917
3961,3050
3962,2900
3963,2920
3964,2938
3965,2939
3966,2961
3967,2948
3968,2976
3969,2958
3970,3023
3971,2960
3972,3051
3973,2933
3974,2973
3975,3002
3976,3029
3977,2988
3978,3065
3979,3016
3980,2974
3981,2964
3982,3019
3983,2964
3984,2961
3985,2998
3986,3061
3987,3021
3988,3111
3989,3048
3990,2995
3991,2980
3992,3065
3993,2988
3994,3039
3995,3062
3996,3081
3997,3140
3998,3002
3999,3070
4000,3004
4001,3093
4002,3106
4003,3081
4004,2927
4005,3032
4006,3035
4007,3036
4008,3048
4009,3073
4010,2973
4011,3100
4012,2936
4013,3258
4014,2966
4015,3109
4016,3076
4017,3106
4018,3144
4019,3097
4020,3029
4021,3180
4022,3072
4023,3236
4024,3069
4025,3149
4026,3221
4027,3060
4028,3169
4029,3178
4030,3107
4031,3099
4032,3143
4033,3113
4034,3179
4035,3062
4036,3098
4037,3248
4038,3098
4039,3129
4040,3130
4041,3195
4042,3125
4043,3194
4044,3138
4045,3231
4046,3169
4047,3080
4048,3115
4049,3214
4050,3250
4051,3194
4052,3202
4053,3223
4054,3176
4055,3135
4056,3106
4057,3261
4058,3230
4059,3098
4060,3263
4061,3223
4062,3156
4063,3311
4064,3317
4065,3257
4066,3253
4067,3199
4068,3271
4069,3224
4070,3266
4071,3277
4072,3235
4073,3284
4074,3289
4075,3178
4076,3291
4077,3323
4078,3245
4079,3267
4080,3290
4081,3344
4082,3244
4083,3296
4084,3305
4085,3306
4086,3312
4087,3276
4088,3263
4089,3183
4090,3247
4091,3165
4092,3234
4093,3389
4094,3311
4095,3263
4096,3227
4097,3267
4098,3376
4099,3412
4100,3358
4101,3341
4102,3244
4103,3337
4104,3381
4105,3427
4106,3298
4107,3285
4108,3311
4109,3303
4110,3277
4111,3347
4112,3339
4113,3385
4114,3360
4115,3401
4116,3364
4117,3347
4118,3398
4119,3463
4120,3331
4121,3318
4122,3502
4123,3416
4124,3397
4125,3412
4126,3388
4127,3449
4128,3320
4129,3346
4130,3317
4131,3433
4132,3398
4133,3411
4134,3393
4135,3394
4136,3423
4137,3329
4138,3563
4139,3333
4140,3352
4141,3468
4142,3435
4143,3360
4144,3468
4145,3373
4146,3469
4147,3441
4148,3382
4149,3392
4150,3397
4151,3449
4152,3407
4153,3360
4154,3524
4155,3486
4156,3523
4157,3487
4158,3429
4159,3575
4160,3411
4161,3597
4162,3531
4163,3462
4164,3535
4165,3528
4166,3466
4167,3551
4168,3607
4169,3571
4170,3349
4171,3589
4172,3519
4173,3586
4174,3553
4175,3486
4176,3327
4177,3449
4178,3483
4179,3471
4180,3627
4181,3542
4182,3473
4183,3639
4184,3528
4185,3514
4186,3503
4187,3600
4188,3535
4189,3528
4190,3632
4191,3582
4192,3434
4193,3514
4194,3640
4195,3624
4196,3544
4197,3670
4198,3648
4199,3692
4200,3600
4201,3661
4202,3570
4203,3627
4204,3622
4205,3713
4206,3579
4207,3586
4208,3594
4209,3638
4210,3490
4211,3566
4212,3604
4213,3622
4214,3616
4215,3706
4216,3741
4217,3691
4218,3636
4219,3639
4220,3649
4221,3658
4222,3660
4223,3665
4224,3698
4225,3715
4226,3736
4227,3634
4228,3684
4229,3694
4230,3723
4231,3631
4232,3749
4233,3662
4234,3726
4235,3658
4236,3775
4237,3630
4238,3675
4239,3654
4240,3777
4241,3670
4242,3722
4243,3722
4244,3729
4245,3765
4246,3812
4247,3719
4248,3634
4249,3633
4250,3753
4251,3661
4252,3723
4253,3714
4254,3705
4255,3797
4256,3794
4257,3763
4258,3771
4259,3864
4260,3687
4261,3690
4262,3730
4263,3810
4264,3769
4265,3822
4266,3793
4267,3695
4268,3827
4269,3742
4270,3871
4271,3697
4272,3752
4273,3840
4274,3757
4275,3743
4276,3860
4277,3829
4278,3713
4279,3841
4280,3831
4281,3734
4282,3915
4283,3696
4284,3749
4285,3784
4286,3819
4287,3805
4288,3904
4289,3749
4290,3960
4291,3923
4292,3937
4293,3932
4294,3793
4295,3880
4296,3898
4297,3842
4298,3835
4299,3911
4300,3786
4301,3924
4302,3915
4303,3820
4304,3861
4305,3927
4306,3920
4307,3890
4308,3844
4309,3938
4310,3924
4311,3901
4312,3837
4313,3943
4314,3952
4315,3939
4316,3871
4317,4035
4318,3978
4319,3843
4320,4038
4321,3927
4322,4079
4323,4013
4324,3952
4325,4034
4326,3987
4327,3953
4328,3906
4329,4024
4330,4135
4331,3918
4332,4028
4333,3936
4334,3892
4335,4033
4336,3870
4337,4015
4338,3902
4339,4003
4340,4008
4341,3991
4342,4064
4343,3878
4344,3960
4345,4119
4346,3975
4347,4006
4348,4031
4349,4030
4350,3967
4351,4083
4352,4031
4353,4029
4354,4140
4355,4065
4356,4150
4357,4089
4358,4029
4359,3970
4360,4121
4361,4002
4362,4007
4363,4085
4364,4058
4365,4077
4366,4000
4367,4041
4368,4118
4369,4052
4370,4090
4371,4124
4372,4132
4373,4065
4374,3960
4375,4124
4376,4032
4377,4114
4378,4097
4379,4108
4380,4064
4381,4165
4382,4118
4383,4122
4384,4245
4385,4158
4386,4194
4387,4111
4388,4170
4389,4103
4390,4154
4391,4055
4392,4243
4393,4124
4394,4210
4395,4258
4396,4177
4397,4236
4398,4161
4399,4202
4400,4138
4401,4073
4402,4259
4403,4170
4404,4168
4405,4094
4406,4062
4407,4183
4408,4118
4409,4190
4410,4242
4411,4126
4412,4255
4413,4321
4414,4160
4415,4208
4416,4154
4417,4079
4418,4277
4419,4222
4420,4348
4421,4239
4422,4288
4423,4217
4424,4136
4425,4232
4426,4237
4427,4252
4428,4224
4429,4255
4430,4239
4431,4274
4432,4306
4433,4269
4434,4236
4435,4311
4436,4314
4437,4295
4438,4351
4439,4296
4440,4264
4441,4420
4442,4212
4443,4238
4444,4303
4445,4344
4446,4375
4447,4306
4448,4299
4449,4275
4450,4353
4451,4371
4452,4258
4453,4342
4454,4434
4455,4295
4456,4320
4457,4242
4458,4193
4459,4463
4460,4365
4461,4353
4462,4371
4463,4425
4464,4268
4465,4281
4466,4368
4467,4347
4468,4452
4469,4323
4470,4479
4471,4266
4472,4438
4473,4465
4474,4357
4475,4416
4476,4316
4477,4319
4478,4449
4479,4501
4480,4468
4481,4426
4482,4318
4483,4252
4484,4453
4485,4358
4486,4490
4487,4444
4488,4367
4489,4395
4490,4295
4491,4349
4492,4417
4493,4322
4494,4422
4495,4268
4496,4390
4497,4458
4498,4291
4499,4411
4500,4435
4501,4393
4502,4461
4503,4476
4504,4470
4505,4501
4506,4553
4507,4486
4508,4433
4509,4391
4510,4592
4511,4459
4512,4446
4513,4523
4514,4530
4515,4467
4516,4538
4517,4484
4518,4438
4519,4499
4520,4557
4521,4540
4522,4510
4523,4517
4524,4573
4525,4497
4526,4576
4527,4537
4528,4603
4529,4541
4530,4460
4531,4481
4532,4424
4533,4546
4534,4533
4535,4590
4536,4635
4537,4553
4538,4567
4539,4680
4540,4546
4541,4469
4542,4641
4543,4464
4544,4603
4545,4624
4546,4549
4547,4656
4548,4529
4549,4520
4550,4495
4551,4548
4552,4647
4553,4623
4554,4631
4555,4596
4556,4641
4557,4571
4558,4518
4559,4627
4560,4615
4561,4660
4562,4596
4563,4657
4564,4710
4565,4632
4566,4669
4567,4690
4568,4713
4569,4651
4570,4644
4571,4554
4572,4629
4573,4840
4574,4748
4575,4764
4576,4681
4577,4645
4578,4535
4579,4741
4580,4641
4581,4703
4582,4631
4583,4743
4584,4644
4585,4706
4586,4627
4587,4702
4588,4636
4589,4730
4590,4777
4591,4783
4592,4650
4593,4752
4594,4759
4595,4699
4596,4629
4597,4640
4598,4801
4599,4775
4600,4672
4601,4798
4602,4677
4603,4704
4604,4685
4605,4604
4606,4753
4607,4765
4608,4751
4609,4701
4610,4771
4611,4638
4612,4815
4613,4721
4614,4672
4615,4658
4616,4695
4617,4603
4618,4768
4619,4801
4620,4842
4621,4820
4622,4688
4623,4772
4624,4746
4625,4768
4626,4896
4627,4762
4628,4913
4629,4854
4630,4779
4631,4788
4632,4806
4633,4771
4634,4862
4635,4942
4636,4675
4637,4854
4638,4895
4639,4882
4640,4829
4641,4831
4642,4870
4643,4670
4644,4820
4645,4803
4646,4825
4647,4788
4648,4869
4649,4728
4650,4999
4651,4956
4652,4715
4653,4820
4654,4897
4655,4923
4656,4885
4657,4900
4658,5012
4659,4846
4660,4963
4661,4804
4662,4923
4663,4964
4664,4732
4665,4867
4666,4723
4667,4740
4668,4832
4669,4992
4670,4886
4671,4958
4672,4844
4673,4954
4674,4796
4675,4798
4676,4948
4677,4864
4678,4922
4679,4839
4680,4863
4681,4984
4682,4916
4683,4853
4684,4851
4685,4935
4686,4992
4687,4833
4688,4841
4689,4910
4690,4938
4691,4957
4692,4970
4693,5000
4694,4942
4695,4885
4696,4825
4697,4834
4698,4921
4699,5011
4700,4932
4701,4973
4702,4884
4703,4900
4704,4874
4705,4952
4706,4945
4707,4880
4708,4859
4709,4863
4710,4922
4711,5025
4712,4901
4713,4991
4714,4841
4715,4992
4716,4851
4717,5015
4718,4928
4719,4944
4720,4954
4721,5023
4722,4942
4723,4990
4724,4966
4725,5017
4726,4989
4727,4866
4728,5001
4729,4984
4730,4946
4731,5064
4732,4958
4733,5013
4734,4963
4735,5095
4736,5000
4737,5062
4738,4984
4739,5053
4740,5009
4741,4948
4742,4940
4743,5031
4744,4976
4745,5077
4746,5008
4747,4898
4748,4987
4749,5039
4750,5042
4751,5103
4752,5157
4753,5057
4754,5084
4755,4947
4756,5000
4757,5157
4758,4933
4759,4995
4760,5158
4761,4972
4762,5178
4763,5057
4764,5031
4765,4909
4766,5184
4767,5142
4768,5111
4769,4999
4770,5062
4771,5039
4772,5061
4773,5013
4774,5107
4775,5069
4776,5126
4777,5056
4778,5214
4779,5054
4780,5118
4781,5191
4782,4964
4783,5207
4784,5026
4785,5156
4786,5197
4787,5036
4788,5069
4789,5213
4790,5128
4791,5181
4792,5104
4793,5049
4794,5172
4795,5178
4796,5065
4797,4998
4798,5083
4799,5191
4800,5190
4801,5138
4802,5159
4803,5167
4804,5204
4805,5157
4806,5120
4807,4990
4808,5172
4809,5180
4810,5160
4811,5066
4812,4962
4813,5011
4814,5204
4815,5027
4816,5095
4817,5130
4818,5165
4819,5126
4820,5150
4821,5058
4822,5188
4823,5054
4824,5171
4825,5104
4826,5087
4827,5175
4828,5117
4829,5191
4830,5139
4831,5208
4832,5125
4833,5250
4834,5109
4835,5153
4836,5300
4837,5134
4838,5102
4839,4989
4840,5342
4841,5140
4842,5222
4843,5214
4844,5137
4845,5047
4846,5064
4847,5225
4848,5117
4849,5192
4850,5136
4851,5054
4852,5157
4853,5178
4854,5281
4855,5316
4856,5104
4857,5245
4858,5183
4859,5249
4860,5072
4861,5240
4862,5249
4863,5246
4864,5108
4865,5038
4866,5315
4867,5092
4868,5178
4869,5192
4870,5231
4871,5254
4872,5276
4873,5141
4874,5275
4875,5175
4876,5215
4877,5184
4878,5256
4879,5237
4880,5296
4881,5125
4882,5062
4883,5230
4884,5241
4885,5135
4886,5176
4887,5178
4888,5273
4889,5241
4890,5225
4891,5219
4892,5227
4893,5066
4894,5258
4895,5246
4896,5193
4897,5271
4898,5205
4899,5213
4900,5224
4901,5054
4902,5226
4903,5204
4904,5214
4905,5144
4906,5205
4907,5242
4908,5125
4909,5247
4910,5257
4911,5286
4912,5110
4913,5263
4914,5271
4915,5054
4916,5082
4917,5235
4918,5195
4919,5229
4920,5210
4921,5209
4922,5279
4923,5104
4924,5240
4925,5294
4926,5174
4927,5176
4928,5253
4929,5151
4930,5250
4931,5300
4932,5333
4933,5168
4934,5354
4935,5223
4936,5309
4937,5160
4938,5266
4939,5232
4940,5202
4941,5154
4942,5177
4943,5193
4944,5124
4945,5229
4946,5144
4947,5257
4948,5234
4949,5126
4950,5183
4951,5261
4952,5181
4953,5168
4954,5261
4955,5266
4956,5174
4957,5222
4958,5170
4959,5166
4960,5244
4961,5317
4962,5237
4963,5222
4964,5357
4965,5220
4966,5259
4967,5279
4968,5245
4969,5318
4970,5070
4971,5273
4972,5142
4973,5188
4974,5272
4975,5367
4976,5363
4977,5190
4978,5179
4979,5308
4980,5187
4981,5249
4982,5138
4983,5281
4984,5252
4985,5249
4986,5268
4987,5162
4988,5213
4989,5291
4990,5203
4991,5274
4992,5340
4993,5223
4994,5305
4995,5302
4996,5329
4997,5298
4998,5333
4999,5337
5000,5332
5001,5246
5002,5285
5003,5275
5004,5325
5005,5348
5006,5297
5007,5334
5008,5328
5009,5332
5010,5316
5011,5189
5012,5115
5013,5209
5014,5252
5015,5304
5016,5301
5017,5165
5018,5191
5019,5264
5020,5290
5021,5288
5022,5265
5023,5139
5024,5249
5025,5328
5026,5366
5027,5260
5028,5215
5029,5223
5030,5270
5031,5192
5032,5335
5033,5320
5034,5251
5035,5304
5036,5253
5037,5116
5038,5372
5039,5248
5040,5298
5041,5268
5042,5273
5043,5159
5044,5237
5045,5103
5046,5229
5047,5288
5048,5208
5049,5303
5050,5220
5051,5296
5052,5312
5053,5194
5054,5230
5055,5168
5056,5165
5057,5146
5058,5289
5059,5249
5060,5346
5061,5179
5062,5370
5063,5305
5064,5348
5065,5231
5066,5239
5067,5197
5068,5325
5069,5257
5070,5416
5071,5342
5072,5158
5073,5266
5074,5328
5075,5323
5076,5267
5077,5314
5078,5234
5079,5309
5080,5128
5081,5259
5082,5256
5083,5212
5084,5324
5085,5092
5086,5139
5087,5329
5088,5305
5089,5052
5090,5261
5091,5178
5092,5166
5093,5184
5094,5146
5095,5245
5096,5210
5097,5276
5098,5223
5099,5191
5100,5205
5101,5241
5102,5129
5103,5298
5104,5251
5105,5195
5106,5179
5107,5287
5108,5239
5109,5391
5110,5412
5111,5198
5112,5103
5113,5332
5114,5208
5115,5280
5116,5241
5117,5204
5118,5395
5119,5261
5120,5156
5121,5168
5122,5044
5123,5246
5124,5320
5125,5172
5126,5264
5127,5221
5128,5186
5129,5283
5130,5052
5131,5262
5132,5343
5133,5173
5134,5264
5135,5190
5136,5260
5137,5152
5138,5249
5139,5115
5140,5225
5141,5165
5142,5218
5143,5327
5144,5085
5145,5392
5146,5230
5147,5067
5148,5125
5149,5157
5150,5034
5151,5200
5152,5203
5153,5286
5154,5130
5155,5216
5156,5251
5157,5154
5158,5306
5159,5042
5160,5208
5161,5207
5162,5148
5163,5136
5164,5168
5165,5133
5166,5135
5167,5107
5168,5122
5169,5138
5170,5237
5171,5299
5172,5154
5173,5169
5174,5163
5175,5107
5176,5090
5177,5233
5178,5214
5179,5116
5180,5096
5181,5157
5182,5197
5183,5117
5184,5185
5185,5154
5186,5039
5187,5238
5188,4964
5189,5255
5190,4997
5191,5148
5192,5189
5193,5153
5194,5123
5195,5115
5196,5109
5197,5235
5198,5145
5199,5041
5200,5016
5201,5052
5202,4986
5203,4984
5204,5087
5205,5257
5206,5168
5207,5133
5208,5110
5209,5091
5210,5022
5211,5130
5212,4989
5213,5015
5214,5071
5215,5217
5216,5095
5217,4994
5218,5159
5219,5081
5220,5096
5221,5133
5222,5061
5223,5060
5224,5133
5225,5075
5226,5178
5227,5051
5228,5076
5229,5096
5230,5091
5231,4979
5232,5049
5233,4944
5234,5030
5235,5047
5236,5018
5237,5066
5238,4972
5239,5099
5240,5022
5241,5097
5242,4975
5243,4973
5244,4992
5245,5107
5246,4968
5247,5067
5248,5181
5249,4940
5250,5045
5251,4967
5252,4969
5253,5135
5254,5015
5255,5033
5256,4972
5257,5049
5258,5023
5259,5047
5260,5003
5261,5006
5262,5031
5263,5146
5264,5019
5265,4914
5266,4944
5267,5031
5268,5003
5269,4938
5270,5032
5271,4850
5272,5007
5273,5091
5274,4976
5275,4988
5276,5015
5277,4977
5278,5128
5279,5130
5280,4850
5281,4978
5282,5076
5283,5008
5284,5029
5285,4977
5286,4987
5287,5030
5288,5063
5289,4865
5290,5039
5291,4815
5292,5010
5293,4953
5294,4905
5295,4936
5296,4890
5297,4997
5298,4927
5299,4968
5300,4931
5301,4969
5302,4946
5303,4967
5304,4905
5305,4882
5306,5042
5307,4915
5308,4989
5309,4870
5310,4966
5311,4995
5312,4852
5313,4960
5314,4972
5315,4997
5316,4789
5317,4824
5318,4951
5319,4834
5320,4871
5321,4959
5322,4900
5323,4966
5324,4895
5325,4870
5326,4911
5327,4873
5328,4898
5329,4867
5330,4927
5331,4977
5332,4889
5333,4812
5334,4817
5335,4967
5336,4876
5337,4887
5338,4895
5339,4815
5340,4855
5341,4891
5342,4684
5343,4873
5344,4760
5345,4688
5346,4832
5347,4861
5348,4878
5349,4811
5350,4927
5351,4785
5352,4820
5353,4841
5354,4784
5355,4787
5356,4829
5357,4805
5358,4767
5359,4718
5360,4861
5361,4966
5362,4761
5363,4867
5364,4774
5365,4802
5366,4762
5367,4891
5368,4773
5369,4887
5370,4835
5371,4760
5372,4814
5373,4795
5374,4809
5375,4763
5376,4707
5377,4833
5378,4798
5379,4837
5380,4762
5381,4667
5382,4899
5383,4837
5384,4697
5385,4737
5386,4818
5387,4741
5388,4775
5389,4811
5390,4789
5391,4841
5392,4778
5393,4685
5394,4725
5395,4656
5396,4736
5397,4626
5398,4687
5399,4673
5400,4613
5401,4892
5402,4675
5403,4732
5404,4630
5405,4616
5406,4719
5407,4772
5408,4688
5409,4610
5410,4735
5411,4694
5412,4751
5413,4793
5414,4727
5415,4721
5416,4633
5417,4593
5418,4604
5419,4645
5420,4643
5421,4700
5422,4590
5423,4667
5424,4679
5425,4592
5426,4645
5427,4734
5428,4622
5429,4703
5430,4682
5431,4666
5432,4605
5433,4744
5434,4667
5435,4557
5436,4586
5437,4636
5438,4627
5439,4618
5440,4601
5441,4630
5442,4659
5443,4632
5444,4652
5445,4632
5446,4610
5447,4562
5448,4433
5449,4603
5450,4430
5451,4505
5452,4610
5453,4518
5454,4559
5455,4615
5456,4537
5457,4621
5458,4637
5459,4522
5460,4481
5461,4461
5462,4511
5463,4632
5464,4515
5465,4626
5466,4600
5467,4611
5468,4512
5469,4445
5470,4469
5471,4491
5472,4509
5473,4634
5474,4454
5475,4469
5476,4565
5477,4650
5478,4637
5479,4471
5480,4468
5481,4578
5482,4458
5483,4528
5484,4409
5485,4501
5486,4562
5487,4496
5488,4546
5489,4415
5490,4490
5491,4401
5492,4363
5493,4383
5494,4371
5495,4500
5496,4436
5497,4562
5498,4382
5499,4498
5500,4462
5501,4418
5502,4353
5503,4479
5504,4415
5505,4347
5506,4392
5507,4475
5508,4349
5509,4535
5510,4402
5511,4438
5512,4434
5513,4350
5514,4434
5515,4395
5516,4433
5517,4332
5518,4565
5519,4373
5520,4437
5521,4374
5522,4337
5523,4367
5524,4338
5525,4356
5526,4369
5527,4373
5528,4443
5529,4354
5530,4356
5531,4239
5532,4396
5533,4352
5534,4366
5535,4335
5536,4295
5537,4308
5538,4348
5539,4349
5540,4288
5541,4384
5542,4256
5543,4442
5544,4290
5545,4290
5546,4380
5547,4258
5548,4352
5549,4345
5550,4228
5551,4175
5552,4205
5553,4299
5554,4405
5555,4318
5556,4363
5557,4310
5558,4431
5559,4232
5560,4200
5561,4261
5562,4313
5563,4293
5564,4311
5565,4299
5566,4297
5567,4213
5568,4320
5569,4275
5570,4245
5571,4274
5572,4298
5573,4308
5574,4309
5575,4235
5576,4216
5577,4235
5578,4213
5579,4272
5580,4213
5581,4319
5582,4276
5583,4167
5584,4192
5585,4231
5586,4209
5587,4267
5588,4290
5589,4112
5590,4252
5591,4127
5592,4273
5593,4284
5594,4214
5595,4148
5596,4203
5597,4210
5598,4193
5599,4210
5600,4233
5601,4152
5602,4123
5603,4136
5604,4175
5605,4106
5606,4221
5607,4150
5608,4228
5609,4199
5610,4216
5611,4211
5612,4165
5613,4117
5614,4082
5615,4203
5616,4031
5617,4066
5618,4139
5619,4134
5620,4072
5621,4237
5622,4119
5623,3989
5624,4149
5625,4066
5626,4120
5627,4121
5628,4130
5629,4177
5630,4155
5631,3936
5632,3975
5633,4026
5634,4147
5635,4099
5636,4049
5637,4023
5638,4065
5639,3998
5640,4061
5641,4108
5642,4040
5643,4164
5644,4120
5645,4131
5646,3975
5647,3962
5648,3994
5649,3988
5650,4005
5651,4047
5652,4060
5653,4039
5654,3966
5655,3972
5656,4008
5657,4047
5658,3778
5659,3946
5660,3956
5661,4031
5662,3908
5663,3961
5664,3942
5665,3962
5666,3913
5667,3983
5668,3904
5669,4068
5670,3978
5671,3878
5672,3976
5673,3999
5674,3894
5675,3920
5676,3984
5677,3967
5678,3950
5679,3968
5680,4016
5681,3877
5682,4036
5683,3935
5684,3972
5685,3943
5686,4027
5687,3943
5688,3811
5689,3780
5690,3823
5691,3927
5692,3814
5693,3925
5694,3996
5695,3934
5696,3943
5697,3935
5698,3911
5699,3977
5700,3911
5701,3880
5702,3889
5703,3961
5704,3764
5705,3891
5706,3789
5707,3841
5708,3938
5709,3915
5710,3851
5711,3840
5712,3822
5713,3864
5714,3964
5715,3897
5716,3953
5717,3916
5718,3874
5719,3808
5720,3892
5721,3833
5722,3827
5723,3914
5724,3704
5725,3782
5726,3895
5727,3838
5728,3814
5729,3799
5730,3871
5731,3802
5732,3736
5733,3788
5734,3841
5735,3782
5736,3755
5737,3758
5738,3680
5739,3810
5740,3594
5741,3660
5742,3758
5743,3826
5744,3743
5745,3810
5746,3833
5747,3835
5748,3790
5749,3753
5750,3654
5751,3670
5752,3806
5753,3733
5754,3722
5755,3674
5756,3717
5757,3553
5758,3743
5759,3616
5760,3660
5761,3656
5762,3714
5763,3600
5764,3695
5765,3669
5766,3712
5767,3639
5768,3725
5769,3692
5770,3605
5771,3641
5772,3682
5773,3691
5774,3705
5775,3635
5776,3664
5777,3651
5778,3719
5779,3645
5780,3535
5781,3759
5782,3659
5783,3612
5784,3699
5785,3510
5786,3637
5787,3793
5788,3606
5789,3583
5790,3655
5791,3756
5792,3704
5793,3624
5794,3592
5795,3631
5796,3700
5797,3497
5798,3588
5799,3601
5800,3569
5801,3570
5802,3628
5803,3575
5804,3590
5805,3561
5806,3581
5807,3682
5808,3525
5809,3581
5810,3515
5811,3590
5812,3592
5813,3534
5814,3615
5815,3609
5816,3566
5817,3632
5818,3571
5819,3530
5820,3526
5821,3615
5822,3551
5823,3450
5824,3510
5825,3481
5826,3599
5827,3438
5828,3522
5829,3608
5830,3555
5831,3525
5832,3562
5833,3473
5834,3423
5835,3427
5836,3469
5837,3417
5838,3516
5839,3481
5840,3491
5841,3515
5842,3565
5843,3506
5844,3431
5845,3453
5846,3482
5847,3448
5848,3483
5849,3535
5850,3441
5851,3504
5852,3416
5853,3451
5854,3501
5855,3357
5856,3365
5857,3337
5858,3421
5859,3307
5860,3444
5861,3519
5862,3330
5863,3507
5864,3513
5865,3460
5866,3370
5867,3408
5868,3400
5869,3455
5870,3460
5871,3454
5872,3391
5873,3359
5874,3284
5875,3367
5876,3353
5877,3373
5878,3313
5879,3344
5880,3372
5881,3386
5882,3350
5883,3358
5884,3378
5885,3360
5886,3385
5887,3332
5888,3352
5889,3389
5890,3332
5891,3414
5892,3379
5893,3366
5894,3286
5895,3310
5896,3333
5897,3297
5898,3268
5899,3280
5900,3430
5901,3241
5902,3303
5903,3379
5904,3330
5905,3319
5906,3239
5907,3305
5908,3181
5909,3216
5910,3319
5911,3225
5912,3300
5913,3426
5914,3347
5915,3331
5916,3201
5917,3261
5918,3224
5919,3297
5920,3211
5921,3135
5922,3289
5923,3271
5924,3271
5925,3288
5926,3261
5927,3319
5928,3121
5929,3273
5930,3247
5931,3277
5932,3240
5933,3238
5934,3283
5935,3265
5936,3233
5937,3246
5938,3223
5939,3212
5940,3284
5941,3175
5942,3167
5943,3165
5944,3271
5945,3352
5946,3260
5947,3245
5948,3198
5949,3192
5950,3225
5951,3182
5952,3182
5953,3266
5954,3110
5955,3160
5956,3195
5957,3174
5958,3119
5959,3171
5960,3314
5961,3139
5962,3228
5963,3183
5964,3208
5965,3116
5966,3221
5967,3168
5968,3033
5969,3089
5970,3207
5971,3088
5972,3111
5973,3162
5974,3125
5975,3097
5976,3090
5977,3279
5978,3094
5979,3182
5980,2989
5981,3068
5982,3040
5983,3097
5984,3171
5985,3143
5986,3061
5987,2993
5988,3161
5989,3087
5990,2941
5991,3064
5992,3099
5993,3071
5994,3066
5995,3126
5996,3021
5997,3095
5998,3081
5999,3030
6000,3040
6001,3084
6002,3088
6003,3115
6004,3079
6005,3105
6006,3098
6007,3111
6008,3075
6009,3183
6010,3114
6011,2926
6012,3035
6013,3015
6014,3126
6015,2933
6016,2939
6017,3018
6018,2969
6019,3049
6020,2950
6021,3012
6022,2973
6023,2982
6024,2959
6025,3024
6026,3046
6027,3030
6028,2976
6029,3041
6030,2983
6031,2948
6032,2986
6033,3043
6034,2962
6035,2939
6036,3020
6037,2943
6038,2953
6039,2932
6040,2914
6041,2882
6042,2927
6043,2924
6044,2860
6045,2925
6046,3036
6047,2864
6048,2866
6049,2955
6050,2962
6051,2901
6052,3027
6053,3008
6054,2857
6055,2886
6056,2891
6057,2911
6058,2877
6059,2893
6060,2923
6061,2894
6062,2933
6063,2751
6064,2868
6065,2930
6066,2882
6067,2838
6068,2927
6069,2909
6070,2860
6071,2881
6072,2973
6073,2864
6074,2856
6075,2828
6076,2814
6077,2825
6078,2927
6079,2971
6080,2873
6081,2819
6082,2897
6083,2842
6084,2685
6085,2892
6086,2791
6087,2843
6088,2818
6089,2815
6090,2676
6091,2801
6092,2863
6093,2787
6094,2872
6095,2749
6096,2775
6097,2831
6098,2865
6099,2783
6100,2741
6101,2803
6102,2784
6103,2872
6104,2788
6105,2727
6106,2716
6107,2690
6108,2833
6109,2812
6110,2774
6111,2770
6112,2827
6113,2871
6114,2658
6115,2762
6116,2693
6117,2729
6118,2766
6119,2768
6120,2782
6121,2792
6122,2689
6123,2726
6124,2791
6125,2772
6126,2683
6127,2726
6128,2741
6129,2805
6130,2660
6131,2758
6132,2668
6133,2660
6134,2655
6135,2659
6136,2817
6137,2687
6138,2690
6139,2720
6140,2605
6141,2718
6142,2607
6143,2656
6144,2643
6145,2714
6146,2718
6147,2602
6148,2665
6149,2655
6150,2661
6151,2735
6152,2725
6153,2737
6154,2644
6155,2661
6156,2655
6157,2782
6158,2631
6159,2674
6160,2737
6161,2684
6162,2704
6163,2619
6164,2647
6165,2674
6166,2632
6167,2671
6168,2685
6169,2647
6170,2657
6171,2633
6172,2596
6173,2725
6174,2589
6175,2633
6176,2554
6177,2571
6178,2589
6179,2520
6180,2680
6181,2527
6182,2598
6183,2601
6184,2510
6185,2655
6186,2508
6187,2528
6188,2590
6189,2514
6190,2684
6191,2540
6192,2560
6193,2608
6194,2578
6195,2661
6196,2571
6197,2521
6198,2554
6199,2528
6200,2617
6201,2488
6202,2536
6203,2475
6204,2583
6205,2614
6206,2557
6207,2451
6208,2494
6209,2534
6210,2480
6211,2605
6212,2601
6213,2562
6214,2571
6215,2554
6216,2506
6217,2507
6218,2461
6219,2393
6220,2504
6221,2495
6222,2445
6223,2519
6224,2494
6225,2527
6226,2512
6227,2585
6228,2527
6229,2446
6230,2399
6231,2471
6232,2539
6233,2491
6234,2444
6235,2464
6236,2413
6237,2397
6238,2520
6239,2426
6240,2515
6241,2442
6242,2387
6243,2348
6244,2496
6245,2407
6246,2417
6247,2588
6248,2489
6249,2502
6250,2421
6251,2413
6252,2372
6253,2494
6254,2411
6255,2462
6256,2474
6257,2415
6258,2532
6259,2360
6260,2389
6261,2387
6262,2469
6263,2424
6264,2444
6265,2394
6266,2381
6267,2405
6268,2351
6269,2353
6270,2358
6271,2490
6272,2417
6273,2368
6274,2342
6275,2381
6276,2381
6277,2331
6278,2381
6279,2402
6280,2404
6281,2401
6282,2331
6283,2367
6284,2283
6285,2325
6286,2316
6287,2345
6288,2360
6289,2270
6290,2276
6291,2383
6292,2311
6293,2326
6294,2337
6295,2248
6296,2289
6297,2341
6298,2315
6299,2313
6300,2331
6301,2397
6302,2391
6303,2284
6304,2400
6305,2304
6306,2277
6307,2324
6308,2230
6309,2314
6310,2353
6311,2239
6312,2315
6313,2242
6314,2330
6315,2314
6316,2296
6317,2205
6318,2185
6319,2363
6320,2226
6321,2253
6322,2231
6323,2310
6324,2223
6325,2235
6326,2293
6327,2263
6328,2230
6329,2271
6330,2251
6331,2251
6332,2195
6333,2165
6334,2164
6335,2311
6336,2201
6337,2157
6338,2158
6339,2119
6340,2149
6341,2194
6342,2188
6343,2306
6344,2183
6345,2110
6346,2165
6347,2231
6348,2115
6349,2218
6350,2163
6351,2174
6352,2218
6353,2093
6354,2164
6355,2210
6356,2135
6357,2133
6358,2094
6359,2164
6360,2200
6361,2090
6362,2223
6363,2119
6364,2192
6365,2137
6366,2155
6367,2074
6368,2091
6369,2030
6370,2138
6371,2132
6372,2203
6373,2192
6374,2146
6375,2096
6376,2176
6377,2134
6378,2129
6379,2156
6380,2147
6381,2217
6382,2053
6383,2035
6384,2157
6385,2037
6386,2115
6387,2044
6388,2083
6389,2120
6390,2131
6391,2062
6392,2155
6393,1975
6394,2095
6395,2112
6396,2062
6397,2032
6398,2075
6399,2125
6400,2104
6401,2020
6402,2112
6403,2117
6404,1974
6405,2049
6406,2030
6407,2138
6408,2064
6409,2003
6410,2046
6411,1988
6412,2041
6413,1989
6414,2005
6415,2058
6416,2009
6417,1971
6418,2085
6419,2061
6420,2063
6421,2054
6422,1961
6423,2007
6424,1978
6425,1950
6426,1972
6427,1996
6428,1946
6429,1953
6430,1999
6431,2037
6432,2007
6433,2002
6434,1909
6435,1974
6436,1984
6437,1986
6438,1973
6439,2003
6440,1925
6441,1923
6442,2033
6443,1980
6444,1939
6445,1943
6446,1957
6447,1975
6448,1966
6449,1975
6450,1940
6451,1970
6452,1902
6453,1961
6454,1940
6455,1976
6456,1958
6457,2022
6458,2009
6459,1932
6460,1912
6461,1864
6462,1948
6463,1959
6464,1916
6465,1929
6466,1978
6467,1992
6468,1945
6469,1868
6470,1910
6471,1861
6472,1929
6473,1884
6474,1856
6475,1887
6476,1756
6477,1850
6478,1891
6479,1904
6480,1825
6481,1846
6482,1869
6483,1816
6484,1829
6485,1800
6486,1845
6487,1795
6488,1864
6489,1877
6490,1851
6491,1913
6492,1856
6493,1788
6494,1805
6495,1864
6496,1856
6497,1804
6498,1776
6499,1904
6500,1832
6501,1797
6502,1851
6503,1793
6504,1835
6505,1829
6506,1848
6507,1721
6508,1818
6509,1730
6510,1784
6511,1785
6512,1796
6513,1841
6514,1784
6515,1792
6516,1760
6517,1753
6518,1688
6519,1740
6520,1746
6521,1830
6522,1781
6523,1748
6524,1774
6525,1705
6526,1714
6527,1789
6528,1780
6529,1752
6530,1816
6531,1724
6532,1720
6533,1676
6534,1717
6535,1750
6536,1713
6537,1749
6538,1731
6539,1742
6540,1694
6541,1727
6542,1689
6543,1705
6544,1674
6545,1716
6546,1658
6547,1623
6548,1663
6549,1669
6550,1700
6551,1610
6552,1746
6553,1671
6554,1713
6555,1666
6556,1666
6557,1651
6558,1633
6559,1673
6560,1671
6561,1653
6562,1619
6563,1621
6564,1613
6565,1602
6566,1638
6567,1663
6568,1629
6569,1702
6570,1636
6571,1717
6572,1687
6573,1658
6574,1562
6575,1627
6576,1569
6577,1592
6578,1579
6579,1589
6580,1552
6581,1596
6582,1643
6583,1626
6584,1559
6585,1623
6586,1662
6587,1636
6588,1578
6589,1621
6590,1602
6591,1483
6592,1548
6593,1546
6594,1580
6595,1647
6596,1630
6597,1594
6598,1569
6599,1547
6600,1498
6601,1575
6602,1563
6603,1532
6604,1471
6605,1499
6606,1470
6607,1535
6608,1522
6609,1506
6610,1467
6611,1538
6612,1533
6613,1534
6614,1482
6615,1580
6616,1542
6617,1474
6618,1537
6619,1545
6620,1538
6621,1524
6622,1476
6623,1489
6624,1500
6625,1506
6626,1468
6627,1481
6628,1490
6629,1451
6630,1504
6631,1455
6632,1409
6633,1469
6634,1422
6635,1473
6636,1472
6637,1470
6638,1443
6639,1419
6640,1480
6641,1375
6642,1466
6643,1396
6644,1430
6645,1488
6646,1473
6647,1428
6648,1411
6649,1405
6650,1434
6651,1416
6652,1363
6653,1339
6654,1390
6655,1392
6656,1398
6657,1351
6658,1412
6659,1392
6660,1386
6661,1355
6662,1418
6663,1388
6664,1407
6665,1327
6666,1270
6667,1379
6668,1443
6669,1334
6670,1377
6671,1340
6672,1375
6673,1361
6674,1394
6675,1351
6676,1326
6677,1349
6678,1333
6679,1330
6680,1301
6681,1338
6682,1318
6683,1367
6684,1302
6685,1280
6686,1301
6687,1314
6688,1313
6689,1344
6690,1292
6691,1345
6692,1302
6693,1297
6694,1277
6695,1273
6696,1316
6697,1317
6698,1245
6699,1297
6700,1246
6701,1215
6702,1327
6703,1286
6704,1325
6705,1235
6706,1286
6707,1199
6708,1277
6709,1293
6710,1244
6711,1301
6712,1267
6713,1210
6714,1200
6715,1239
6716,1265
6717,1187
6718,1253
6719,1233
6720,1244
6721,1275
6722,1186
6723,1226
6724,1256
6725,1215
6726,1259
6727,1214
6728,1208
6729,1241
6730,1115
6731,1268
6732,1134
6733,1147
6734,1156
6735,1164
6736,1157
6737,1130
6738,1171
6739,1177
6740,1205
6741,1160
6742,1207
6743,1189
6744,1163
6745,1160
6746,1127
6747,1164
6748,1154
6749,1136
6750,1129
6751,1122
6752,1165
6753,1123
6754,1131
6755,1143
6756,1156
6757,1148
6758,1117
6759,1142
6760,1088
6761,1094
6762,1108
6763,1080
6764,1119
6765,1030
6766,1158
6767,1109
6768,1092
6769,1079
6770,1144
6771,1089
6772,1053
6773,1117
6774,1092
6775,1079
6776,1000
6777,1007
6778,1094
6779,1085
6780,1069
6781,1069
6782,1052
6783,1078
6784,1026
6785,1058
6786,1035
6787,1072
6788,1007
6789,1017
6790,971
6791,1040
6792,986
6793,1012
6794,1049
6795,1090
6796,1001
6797,1001
6798,986
6799,1019
6800,983
6801,938
6802,977
6803,1006
6804,1033
6805,994
6806,999
6807,976
6808,965
6809,968
6810,932
6811,938
6812,942
6813,975
6814,922
6815,971
6816,1010
6817,954
6818,994
6819,937
6820,971
6821,1040
6822,958
6823,921
6824,982
6825,942
6826,927
6827,920
6828,951
6829,921
6830,906
6831,903
6832,959
6833,901
6834,893
6835,947
6836,903
6837,925
6838,956
6839,910
6840,925
6841,904
6842,884
6843,922
6844,917
6845,917
6846,886
6847,924
6848,938
6849,831
6850,907
6851,868
6852,869
6853,919
6854,905
6855,898
6856,886
6857,853
6858,828
6859,841
6860,816
6861,845
6862,926
6863,860
6864,835
6865,871
6866,839
6867,836
6868,815
6869,805
6870,795
6871,808
6872,888
6873,795
6874,794
6875,887
6876,755
6877,803
6878,805
6879,830
6880,815
6881,825
6882,758
6883,777
6884,787
6885,849
6886,758
6887,760
6888,793
6889,823
6890,816
6891,769
6892,773
6893,720
6894,784
6895,744
6896,770
6897,739
6898,819
6899,766
6900,757
6901,764
6902,741
6903,731
6904,744
6905,734
6906,725
6907,708
6908,745
6909,722
6910,750
6911,684
6912,695
6913,710
6914,711
6915,641
6916,701
6917,721
6918,706
6919,747
6920,658
6921,725
6922,695
6923,679
6924,667
6925,660
6926,643
6927,721
6928,696
6929,671
6930,684
6931,717
6932,625
6933,701
6934,655
6935,708
6936,687
6937,617
6938,668
6939,698
6940,662
6941,667
6942,622
6943,668
6944,672
6945,617
6946,641
6947,643
6948,605
6949,640
6950,625
6951,681
6952,659
6953,658
6954,605
6955,643
6956,656
6957,630
6958,609
6959,599
6960,650
6961,600
6962,630
6963,627
6964,583
6965,634
6966,602
6967,661
6968,608
6969,569
6970,624
6971,587
6972,601
6973,580
6974,615
6975,545
6976,556
6977,571
6978,595
6979,556
6980,602
6981,607
6982,550
6983,572
6984,568
6985,549
6986,572
6987,559
6988,551
6989,588
6990,563
6991,535
6992,555
6993,567
6994,546
6995,570
6996,548
6997,538
6998,532
6999,530
7000,510
7001,509
7002,516
7003,537
7004,531
7005,464
7006,512
7007,497
7008,528
7009,542
7010,508
7011,522
7012,522
7013,527
7014,484
7015,520
7016,496
7017,534
7018,521
7019,501
7020,511
7021,456
7022,481
7023,491
7024,538
7025,477
7026,451
7027,509
7028,469
7029,450
7030,439
7031,456
7032,491
7033,449
7034,426
7035,430
7036,439
7037,458
7038,447
7039,424
7040,457
7041,483
7042,484
7043,443
7044,460
7045,440
7046,427
7047,457
7048,410
7049,438
7050,432
7051,454
7052,400
7053,450
7054,429
7055,417
7056,404
7057,368
7058,438
7059,381
7060,416
7061,423
7062,408
7063,442
7064,439
7065,409
7066,413
7067,362
7068,411
7069,420
7070,393
7071,404
7072,406
7073,402
7074,380
7075,390
7076,386
7077,405
7078,378
7079,376
7080,396
7081,368
7082,423
7083,375
7084,353
7085,388
7086,360
7087,362
7088,395
7089,372
7090,362
7091,339
7092,372
7093,328
7094,330
7095,354
7096,365
7097,358
7098,300
7099,373
7100,333
7101,327
7102,395
7103,356
7104,318
7105,354
7106,334
7107,327
7108,351
7109,330
7110,346
7111,321
7112,308
7113,322
7114,318
7115,340
7116,287
7117,327
7118,308
7119,308
7120,303
7121,313
7122,293
7123,289
7124,312
7125,296
7126,290
7127,304
7128,273
7129,277
7130,291
7131,291
7132,279
7133,286
7134,264
7135,269
7136,280
7137,276
7138,279
7139,299
7140,249
7141,278
7142,258
7143,285
7144,264
7145,284
7146,278
7147,281
7148,263
7149,275
7150,248
7151,268
7152,254
7153,247
7154,284
7155,200
7156,264
7157,261
7158,253
7159,245
7160,253
7161,232
7162,268
7163,247
7164,246
7165,252
7166,226
7167,208
7168,240
7169,208
7170,225
7171,223
7172,231
7173,234
7174,235
7175,240
7176,238
7177,222
7178,223
7179,253
7180,218
7181,206
7182,230
7183,221
7184,239
7185,216
7186,247
7187,211
7188,201
7189,203
7190,242
7191,193
7192,218
7193,191
7194,196
7195,192
7196,178
7197,202
7198,228
7199,208
7200,165
7201,217
7202,195
7203,196
7204,195
7205,210
7206,179
7207,182
7208,184
7209,178
7210,189
7211,203
7212,184
7213,164
7214,166
7215,183
7216,178
7217,172
7218,173
7219,167
7220,178
7221,189
7222,190
7223,162
7224,160
7225,202
7226,167
7227,169
7228,165
7229,149
7230,162
7231,181
7232,154
7233,148
7234,169
7235,161
7236,161
7237,157
7238,143
7239,143
7240,167
7241,163
7242,164
7243,161
7244,143
7245,155
7246,140
7247,155
7248,150
7249,165
7250,140
7251,134
7252,148
7253,142
7254,148
7255,146
7256,154
7257,149
7258,144
7259,159
7260,142
7261,154
7262,146
7263,140
7264,120
7265,147
7266,116
7267,132
7268,118
7269,145
7270,117
7271,120
7272,113
7273,125
7274,140
7275,127
7276,121
7277,126
7278,137
7279,102
7280,115
7281,116
7282,107
7283,100
7284,113
7285,112
7286,129
7287,130
7288,125
7289,96
7290,105
7291,123
7292,92
7293,107
7294,114
7295,89
7296,120
7297,94
7298,105
7299,97
7300,111
7301,113
7302,113
7303,84
7304,100
7305,103
7306,118
7307,103
7308,89
7309,94
7310,111
7311,80
7312,100
7313,84
7314,89
7315,76
7316,87
7317,103
7318,87
7319,81
7320,79
7321,96
7322,87
7323,75
7324,79
7325,72
7326,86
7327,72
7328,80
7329,98
7330,89
7331,92
7332,62
7333,76
7334,90
7335,89
7336,77
7337,79
7338,79
7339,80
7340,85
7341,84
7342,84
7343,63
7344,73
7345,83
7346,82
7347,74
7348,83
7349,66
7350,62
7351,76
7352,69
7353,61
7354,69
7355,72
7356,82
7357,69
7358,67
7359,58
7360,56
7361,86
7362,56
7363,50
7364,60
7365,61
7366,66
7367,59
7368,55
7369,67
7370,57
7371,58
7372,59
7373,75
7374,53
7375,60
7376,70
7377,49
7378,60
7379,54
7380,51
7381,52
7382,48
7383,49
7384,41
7385,50
7386,49
7387,48
7388,57
7389,39
7390,43
7391,42
7392,56
7393,41
7394,40
7395,42
7396,42
7397,40
7398,50
7399,49
7400,45
7401,53
7402,41
7403,45
7404,45
7405,41
7406,41
7407,51
7408,36
7409,42
7410,45
7411,48
7412,39
7413,41
7414,48
7415,43
7416,48
7417,40
7418,29
7419,35
7420,29
7421,46
7422,47
7423,25
7424,44
7425,41
7426,39
7427,49
7428,45
7429,32
7430,41
7431,40
7432,44
7433,26
7434,31
7435,33
7436,33
7437,28
7438,20
7439,21
7440,44
7441,17
7442,29
7443,35
7444,34
7445,27
7446,31
7447,36
7448,30
7449,22
7450,32
7451,29
7452,30
7453,25
7454,29
7455,24
7456,24
7457,13
7458,30
7459,32
7460,31
7461,23
7462,24
7463,26
7464,19
7465,22
7466,26
7467,17
7468,34
7469,25
7470,34
7471,22
7472,23
7473,25
7474,17
7475,26
7476,21
7477,20
7478,20
7479,23
7480,22
7481,23
7482,21
7483,27
7484,17
7485,17
7486,21
7487,11
7488,20
7489,19
7490,13
7491,12
7492,21
7493,21
7494,15
7495,10
7496,21
7497,19
7498,13
7499,15
7500,23
7501,20
7502,11
7503,17
7504,22
7505,25
7506,22
7507,13
7508,19
7509,19
7510,11
7511,10
7512,18
7513,8
7514,18
7515,14
7516,17
7517,16
7518,5
7519,16
7520,14
7521,16
7522,10
7523,18
7524,8
7525,12
7526,10
7527,15
7528,18
7529,11
7530,13
7531,8
7532,11
7533,14
7534,12
7535,12
7536,12
7537,12
7538,12
7539,17
7540,7
7541,12
7542,10
7543,18
7544,15
7545,8
7546,13
7547,14
7548,9
7549,5
7550,9
7551,16
7552,6
7553,9
7554,10
7555,8
7556,6
7557,13
7558,15
7559,4
7560,4
7561,11
7562,12
7563,7
7564,10
7565,6
7566,8
7567,9
7568,7
7569,8
7570,11
7571,8
7572,5
7573,11
7574,11
7575,12
7576,5
7577,6
7578,11
7579,5
7580,6
7581,6
7582,10
7583,9
7584,2
7585,8
7586,8
7587,6
7588,6
7589,2
7590,5
7591,6
7592,8
7593,4
7594,5
7595,5
7596,6
7597,8
7598,3
7599,8
7600,8
7601,5
7602,6
7603,4
7604,6
7605,2
7606,3
7607,13
7608,3
7609,4
7610,4
7611,6
7612,6
7613,8
7614,4
7615,5
7616,4
7617,7
7618,5
7619,4
7620,3
7621,3
7622,4
7623,5
7624,1
7625,5
7626,9
7627,6
7628,2
7629,3
7630,2
7631,6
7632,6
7633,4
7634,4
7635,1
7637,3
7638,4
7639,3
7640,3
7641,4
7643,4
7644,4
7645,4
7646,3
7647,2
7648,4
7649,1
7650,7
7651,4
7652,5
7653,3
7656,2
7657,3
7658,4
7659,3
7660,2
7661,3
7662,1
7663,3
7664,1
7665,2
7666,1
7667,3
7668,1
7669,5
7670,1
7671,1
7672,6
7673,3
7674,3
7675,5
7676,2
7677,1
7678,1
7679,8
7680,3
7681,2
7682,2
7683,1
7685,3
7687,2
7688,2
7689,1
7690,3
7691,2
7692,1
7693,2
7694,2
7695,2
7696,1
7698,2
7699,2
7700,1
7701,1
7702,1
7704,1
7706,1
7708,1
7709,2
7710,1
7711,1
7712,2
7713,2
7714,3
7717,1
7719,3
7720,2
7721,1
7722,1
7723,1
7724,3
7726,2
7727,4
7728,1
7729,1
7731,2
7732,1
7734,1
7735,2
7736,1
7737,2
7739,1
7744,1
7745,1
7748,1
7750,1
7753,1
7754,2
7757,1
7758,3
7760,1
7761,1
7762,1
7763,1
7765,1
7771,1
7773,1
7774,2
7781,1
7784,1
7789,1
7790,1
7791,1
7793,1
7797,1
7805,1
7809,2
7813,1
7819,1
7821,1
7823,1
7824,1
7829,1
7849,1
7861,1
7866,1
7874,1
7876,1
7877,1
7929,1
7983,1
8001,1
