1281,1
1290,1
1301,1
1307,1
1310,1
1312,1
1322,2
1326,2
1328,1
1330,1
1331,1
1333,1
1338,4
1339,1
1340,1
1341,1
1342,1
1343,1
1345,4
1346,1
1349,1
1351,2
1352,3
1354,1
1355,3
1356,5
1357,6
1358,2
1359,2
1360,1
1361,1
1362,1
1363,4
1364,1
1365,5
1366,4
1367,3
1368,1
1369,1
1370,2
1371,1
1372,2
1373,4
1374,1
1375,2
1376,8
1377,5
1378,8
1379,2
1380,4
1381,4
1382,5
1383,3
1384,7
1385,3
1386,10
1387,7
1388,5
1389,9
1390,3
1391,5
1392,9
1393,7
1394,7
1395,9
1396,11
1397,10
1398,10
1399,7
1400,11
1401,9
1402,16
1403,15
1404,9
1405,11
1406,18
1407,14
1408,10
1409,13
1410,18
1411,19
1412,14
1413,19
1414,13
1415,25
1416,18
1417,25
1418,20
1419,20
1420,23
1421,24
1422,23
1423,25
1424,24
1425,15
1426,32
1427,26
1428,37
1429,35
1430,30
1431,37
1432,34
1433,47
1434,32
1435,48
1436,30
1437,42
1438,35
1439,57
1440,43
1441,36
1442,53
1443,58
1444,53
1445,41
1446,59
1447,73
1448,54
1449,63
1450,51
1451,71
1452,58
1453,78
1454,72
1455,67
1456,77
1457,63
1458,91
1459,84
1460,74
1461,92
1462,108
1463,80
1464,86
1465,92
1466,95
1467,114
1468,99
1469,106
1470,121
1471,114
1472,127
1473,128
1474,125
1475,146
1476,141
1477,119
1478,131
1479,157
1480,145
1481,163
1482,164
1483,177
1484,156
1485,180
1486,190
1487,198
1488,180
1489,197
1490,208
1491,206
1492,238
1493,233
1494,222
1495,223
1496,248
1497,239
1498,296
1499,291
1500,263
1501,264
1502,271
1503,331
1504,311
1505,324
1506,303
1507,317
1508,338
1509,351
1510,365
1511,353
1512,332
1513,348
1514,358
1515,408
1516,408
1517,454
1518,460
1519,442
1520,455
1521,470
1522,473
1523,493
1524,483
1525,501
1526,509
1527,535
1528,552
1529,562
1530,627
1531,572
1532,596
1533,610
1534,673
1535,607
1536,695
1537,652
1538,709
1539,687
1540,694
1541,756
1542,748
1543,741
1544,803
1545,803
1546,798
1547,840
1548,859
1549,865
1550,894
1551,956
1552,856
1553,926
1554,969
1555,1007
1556,1051
1557,1019
1558,1019
1559,1039
1560,1093
1561,1133
1562,1040
1563,1193
1564,1179
1565,1187
1566,1182
1567,1217
1568,1275
1569,1320
1570,1333
1571,1324
1572,1403
1573,1343
1574,1501
1575,1542
1576,1424
1577,1549
1578,1485
1579,1563
1580,1552
1581,1631
1582,1692
1583,1734
1584,1713
1585,1752
1586,1720
1587,1728
1588,1837
1589,1999
1590,1960
1591,1984
1592,1991
1593,2091
1594,2024
1595,1981
1596,2020
1597,2222
1598,2145
1599,2167
1600,2248
1601,2303
1602,2233
1603,2405
1604,2327
1605,2544
1606,2453
1607,2502
1608,2529
1609,2606
1610,2587
1611,2658
1612,2771
1613,2802
1614,2819
1615,2793
1616,2812
1617,2958
1618,3016
1619,3173
1620,3149
1621,3098
1622,3055
1623,3154
1624,3251
1625,3341
1626,3369
1627,3400
1628,3440
1629,3520
1630,3579
1631,3649
1632,3519
1633,3643
1634,3760
1635,3663
1636,3905
1637,3871
1638,3949
1639,3904
1640,4127
1641,4066
1642,4202
1643,4211
1644,4343
1645,4309
1646,4295
1647,4410
1648,4377
1649,4437
1650,4486
1651,4748
1652,4773
1653,4827
1654,4784
1655,4780
1656,4832
1657,4967
1658,5038
1659,5167
1660,5186
1661,5134
1662,5280
1663,5304
1664,5379
1665,5394
1666,5613
1667,5512
1668,5588
1669,5613
1670,5716
1671,5836
1672,5943
1673,5960
1674,6094
1675,6078
1676,6095
1677,6194
1678,6252
1679,6296
1680,6430
1681,6395
1682,6551
1683,6438
1684,6656
1685,6767
1686,6750
1687,6865
1688,6972
1689,6950
1690,6910
1691,7146
1692,7071
1693,7096
1694,7118
1695,7477
1696,7443
1697,7400
1698,7542
1699,7477
1700,7737
1701,7747
1702,7835
1703,7674
1704,8047
1705,7985
1706,7973
1707,8175
1708,8160
1709,8192
1710,8376
1711,8553
1712,8569
1713,8565
1714,8565
1715,8562
1716,8804
1717,8875
1718,8725
1719,8933
1720,9077
1721,9055
1722,9156
1723,9259
1724,9326
1725,9264
1726,9465
1727,9616
1728,9562
1729,9528
1730,9649
1731,9843
1732,9831
1733,9924
1734,9932
1735,9951
1736,9917
1737,10218
1738,10169
1739,10307
1740,10313
1741,10525
1742,10434
1743,10591
1744,10623
1745,10569
1746,10694
1747,10845
1748,10617
1749,10839
1750,10940
1751,11088
1752,11018
1753,11100
1754,11305
1755,11129
1756,11268
1757,11282
1758,11456
1759,11556
1760,11653
1761,11645
1762,11785
1763,11806
1764,11805
1765,11944
1766,11890
1767,11950
1768,12157
1769,12044
1770,12325
1771,12227
1772,12573
1773,12253
1774,12333
1775,12394
1776,12263
1777,12490
1778,12652
1779,12613
1780,12776
1781,12737
1782,12931
1783,12921
1784,12849
1785,12872
1786,12786
1787,12990
1788,12987
1789,13057
1790,13337
1791,13299
1792,13041
1793,13296
1794,13137
1795,13495
1796,13544
1797,13473
1798,13456
1799,13647
1800,13806
1801,13659
1802,13738
1803,13823
1804,13888
1805,13780
1806,13763
1807,13967
1808,13845
1809,13792
1810,14001
1811,14087
1812,13980
1813,13957
1814,14184
1815,14063
1816,14091
1817,14275
1818,14218
1819,14213
1820,14286
1821,14513
1822,14314
1823,14437
1824,14417
1825,14671
1826,14521
1827,14464
1828,14159
1829,14437
1830,14498
1831,14884
1832,14479
1833,14575
1834,14601
1835,14539
1836,14647
1837,14808
1838,14851
1839,14729
1840,14641
1841,14971
1842,14687
1843,14610
1844,15038
1845,14885
1846,14658
1847,14775
1848,14860
1849,15010
1850,14778
1851,14919
1852,14934
1853,14797
1854,15019
1855,15014
1856,14945
1857,14914
1858,14843
1859,15073
1860,14867
1861,14962
1862,14999
1863,15155
1864,14914
1865,15061
1866,14760
1867,15215
1868,15109
1869,14941
1870,14995
1871,14717
1872,14862
1873,14729
1874,15070
1875,15178
1876,15012
1877,15045
1878,14975
1879,14988
1880,14770
1881,14892
1882,14958
1883,14784
1884,15165
1885,14967
1886,15067
1887,15013
1888,15069
1889,14670
1890,14999
1891,14678
1892,14962
1893,14774
1894,14870
1895,14978
1896,14737
1897,14845
1898,14710
1899,14587
1900,14714
1901,14618
1902,14578
1903,14781
1904,14588
1905,14722
1906,14678
1907,14387
1908,14584
1909,14681
1910,14307
1911,14465
1912,14305
1913,14434
1914,14362
1915,14384
1916,14445
1917,14314
1918,14294
1919,14161
1920,14005
1921,14260
1922,14114
1923,14406
1924,14023
1925,14144
1926,14082
1927,13967
1928,14218
1929,13768
1930,13864
1931,13686
1932,13553
1933,13763
1934,13813
1935,13832
1936,13784
1937,13905
1938,13779
1939,13694
1940,13412
1941,13465
1942,13584
1943,13339
1944,13442
1945,13508
1946,13376
1947,13309
1948,13618
1949,13266
1950,13336
1951,13187
1952,13174
1953,12985
1954,13110
1955,12988
1956,12791
1957,12711
1958,13028
1959,12882
1960,13190
1961,13010
1962,12921
1963,12693
1964,12795
1965,12580
1966,12446
1967,12596
1968,12650
1969,12306
1970,12322
1971,12464
1972,12436
1973,12276
1974,12362
1975,12238
1976,12256
1977,12009
1978,12000
1979,11971
1980,11972
1981,12153
1982,12026
1983,11826
1984,11947
1985,11773
1986,12101
1987,11716
1988,11845
1989,11759
1990,11609
1991,11732
1992,11381
1993,11380
1994,11273
1995,11422
1996,11322
1997,11107
1998,11321
1999,11250
2000,11092
2001,11112
2002,10949
2003,11037
2004,10957
2005,10962
2006,10849
2007,11046
2008,10848
2009,10672
2010,10837
2011,10654
2012,10366
2013,10452
2014,10673
2015,10401
2016,10495
2017,10470
2018,10250
2019,10302
2020,10278
2021,10314
2022,10002
2023,10188
2024,9905
2025,10135
2026,10151
2027,9821
2028,9880
2029,9897
2030,9874
2031,9780
2032,9612
2033,9650
2034,9732
2035,9705
2036,9562
2037,9524
2038,9334
2039,9280
2040,9301
2041,9323
2042,9256
2043,9340
2044,9096
2045,8967
2046,9203
2047,9080
2048,9020
2049,8891
2050,8794
2051,8803
2052,8900
2053,8592
2054,8634
2055,8715
2056,8577
2057,8533
2058,8545
2059,8478
2060,8384
2061,8425
2062,8296
2063,8348
2064,8169
2065,8248
2066,8105
2067,8056
2068,8046
2069,7745
2070,8002
2071,8019
2072,7954
2073,7953
2074,7847
2075,7895
2076,7672
2077,7584
2078,7663
2079,7576
2080,7463
2081,7387
2082,7456
2083,7411
2084,7297
2085,7187
2086,7269
2087,7116
2088,7108
2089,7143
2090,7168
2091,6983
2092,6947
2093,6990
2094,6836
2095,6800
2096,7053
2097,6784
2098,6614
2099,6669
2100,6860
2101,6650
2102,6643
2103,6581
2104,6531
2105,6381
2106,6382
2107,6419
2108,6235
2109,6260
2110,6217
2111,6248
2112,6153
2113,6043
2114,6119
2115,6139
2116,6077
2117,6038
2118,5922
2119,6045
2120,5912
2121,5809
2122,5983
2123,5765
2124,5839
2125,5636
2126,5596
2127,5687
2128,5484
2129,5649
2130,5581
2131,5457
2132,5438
2133,5356
2134,5345
2135,5353
2136,5327
2137,5268
2138,5263
2139,5083
2140,5061
2141,5089
2142,5125
2143,4989
2144,4942
2145,5072
2146,4857
2147,4845
2148,4841
2149,4809
2150,4810
2151,4694
2152,4682
2153,4833
2154,4676
2155,4589
2156,4468
2157,4538
2158,4471
2159,4398
2160,4350
2161,4432
2162,4320
2163,4388
2164,4355
2165,4375
2166,4267
2167,4209
2168,4231
2169,4251
2170,4288
2171,3950
2172,4156
2173,4125
2174,4094
2175,3980
2176,3982
2177,3979
2178,3791
2179,3837
2180,3860
2181,3722
2182,3700
2183,3822
2184,3789
2185,3636
2186,3628
2187,3760
2188,3620
2189,3509
2190,3450
2191,3515
2192,3695
2193,3435
2194,3367
2195,3523
2196,3408
2197,3438
2198,3410
2199,3377
2200,3365
2201,3171
2202,3345
2203,3263
2204,3212
2205,3208
2206,3124
2207,3145
2208,3145
2209,3059
2210,3213
2211,2992
2212,3010
2213,3144
2214,2905
2215,2884
2216,2894
2217,2759
2218,2805
2219,2830
2220,2817
2221,2762
2222,2835
2223,2815
2224,2794
2225,2741
2226,2652
2227,2584
2228,2734
2229,2688
2230,2596
2231,2468
2232,2580
2233,2570
2234,2568
2235,2542
2236,2443
2237,2455
2238,2421
2239,2461
2240,2419
2241,2363
2242,2375
2243,2383
2244,2307
2245,2231
2246,2330
2247,2283
2248,2305
2249,2259
2250,2277
2251,2227
2252,2211
2253,2178
2254,2202
2255,2107
2256,2219
2257,2123
2258,2120
2259,2149
2260,2118
2261,2024
2262,2097
2263,1959
2264,2014
2265,1962
2266,1987
2267,1924
2268,1843
2269,1967
2270,1922
2271,1850
2272,1932
2273,1850
2274,1854
2275,1833
2276,1777
2277,1757
2278,1775
2279,1746
2280,1798
2281,1678
2282,1721
2283,1762
2284,1673
2285,1685
2286,1716
2287,1706
2288,1655
2289,1633
2290,1539
2291,1520
2292,1649
2293,1619
2294,1547
2295,1568
2296,1525
2297,1506
2298,1549
2299,1586
2300,1522
2301,1441
2302,1492
2303,1564
2304,1449
2305,1450
2306,1422
2307,1362
2308,1437
2309,1436
2310,1346
2311,1416
2312,1340
2313,1290
2314,1355
2315,1308
2316,1367
2317,1354
2318,1286
2319,1262
2320,1291
2321,1262
2322,1252
2323,1294
2324,1280
2325,1168
2326,1201
2327,1264
2328,1231
2329,1216
2330,1162
2331,1168
2332,1091
2333,1193
2334,1171
2335,1117
2336,1149
2337,1092
2338,1083
2339,1046
2340,1089
2341,1049
2342,1059
2343,1060
2344,1057
2345,1064
2346,1042
2347,1065
2348,978
2349,986
2350,938
2351,1028
2352,980
2353,1000
2354,963
2355,969
2356,1019
2357,942
2358,870
2359,1010
2360,941
2361,959
2362,895
2363,875
2364,911
2365,870
2366,898
2367,897
2368,866
2369,817
2370,830
2371,836
2372,830
2373,860
2374,830
2375,814
2376,824
2377,827
2378,784
2379,809
2380,798
2381,773
2382,837
2383,823
2384,759
2385,791
2386,787
2387,728
2388,725
2389,769
2390,744
2391,669
2392,707
2393,690
2394,721
2395,712
2396,663
2397,698
2398,670
2399,650
2400,684
2401,690
2402,631
2403,649
2404,637
2405,643
2406,620
2407,641
2408,643
2409,631
2410,601
2411,596
2412,575
2413,591
2414,563
2415,585
2416,566
2417,565
2418,596
2419,568
2420,571
2421,536
2422,538
2423,564
2424,593
2425,547
2426,536
2427,538
2428,532
2429,537
2430,503
2431,499
2432,481
2433,515
2434,490
2435,511
2436,528
2437,490
2438,477
2439,509
2440,493
2441,503
2442,455
2443,473
2444,473
2445,486
2446,450
2447,482
2448,440
2449,472
2450,453
2451,460
2452,460
2453,418
2454,422
2455,450
2456,407
2457,452
2458,406
2459,427
2460,439
2461,464
2462,417
2463,379
2464,395
2465,385
2466,379
2467,398
2468,391
2469,414
2470,361
2471,406
2472,360
2473,366
2474,349
2475,378
2476,365
2477,362
2478,371
2479,380
2480,363
2481,360
2482,320
2483,334
2484,337
2485,332
2486,318
2487,329
2488,350
2489,329
2490,326
2491,327
2492,310
2493,334
2494,313
2495,327
2496,292
2497,319
2498,294
2499,344
2500,289
2501,296
2502,311
2503,302
2504,268
2505,305
2506,297
2507,315
2508,310
2509,291
2510,299
2511,303
2512,269
2513,279
2514,257
2515,280
2516,296
2517,259
2518,272
2519,254
2520,271
2521,253
2522,258
2523,233
2524,269
2525,238
2526,253
2527,194
2528,230
2529,225
2530,206
2531,253
2532,232
2533,223
2534,245
2535,211
2536,190
2537,221
2538,221
2539,219
2540,191
2541,214
2542,204
2543,207
2544,205
2545,202
2546,197
2547,215
2548,205
2549,186
2550,204
2551,214
2552,200
2553,194
2554,205
2555,201
2556,195
2557,203
2558,190
2559,168
2560,177
2561,177
2562,179
2563,170
2564,192
2565,197
2566,172
2567,171
2568,173
2569,184
2570,180
2571,171
2572,143
2573,175
2574,161
2575,158
2576,154
2577,154
2578,142
2579,171
2580,164
2581,140
2582,153
2583,152
2584,148
2585,167
2586,169
2587,136
2588,142
2589,141
2590,138
2591,130
2592,131
2593,137
2594,128
2595,126
2596,146
2597,121
2598,135
2599,130
2600,134
2601,141
2602,120
2603,118
2604,129
2605,122
2606,127
2607,144
2608,120
2609,117
2610,117
2611,123
2612,115
2613,96
2614,119
2615,116
2616,112
2617,130
2618,119
2619,134
2620,112
2621,113
2622,117
2623,107
2624,110
2625,111
2626,113
2627,81
2628,108
2629,107
2630,102
2631,78
2632,99
2633,94
2634,102
2635,103
2636,105
2637,84
2638,87
2639,96
2640,95
2641,73
2642,85
2643,91
2644,88
2645,88
2646,91
2647,87
2648,71
2649,98
2650,97
2651,76
2652,88
2653,71
2654,95
2655,79
2656,99
2657,61
2658,61
2659,64
2660,66
2661,82
2662,80
2663,68
2664,68
2665,78
2666,86
2667,73
2668,85
2669,64
2670,67
2671,55
2672,79
2673,75
2674,63
2675,52
2676,69
2677,56
2678,83
2679,66
2680,58
2681,80
2682,60
2683,55
2684,79
2685,61
2686,54
2687,60
2688,78
2689,53
2690,67
2691,58
2692,57
2693,51
2694,62
2695,66
2696,51
2697,59
2698,68
2699,52
2700,57
2701,61
2702,66
2703,71
2704,60
2705,46
2706,43
2707,56
2708,77
2709,47
2710,59
2711,63
2712,53
2713,47
2714,60
2715,52
2716,76
2717,53
2718,51
2719,66
2720,47
2721,40
2722,56
2723,48
2724,54
2725,46
2726,38
2727,40
2728,51
2729,55
2730,58
2731,42
2732,56
2733,53
2734,51
2735,49
2736,48
2737,50
2738,51
2739,58
2740,56
2741,53
2742,48
2743,49
2744,46
2745,51
2746,43
2747,42
2748,43
2749,57
2750,58
2751,47
2752,52
2753,44
2754,42
2755,43
2756,42
2757,50
2758,47
2759,35
2760,43
2761,41
2762,56
2763,54
2764,45
2765,38
2766,34
2767,40
2768,36
2769,63
2770,34
2771,44
2772,40
2773,46
2774,40
2775,34
2776,56
2777,38
2778,53
2779,52
2780,50
2781,46
2782,46
2783,38
2784,45
2785,42
2786,47
2787,35
2788,37
2789,38
2790,35
2791,32
2792,42
2793,36
2794,40
2795,37
2796,41
2797,36
2798,47
2799,47
2800,50
2801,47
2802,51
2803,39
2804,49
2805,38
2806,51
2807,31
2808,47
2809,46
2810,38
2811,38
2812,51
2813,43
2814,43
2815,35
2816,38
2817,48
2818,39
2819,44
2820,36
2821,44
2822,46
2823,40
2824,54
2825,44
2826,48
2827,42
2828,45
2829,36
2830,46
2831,35
2832,28
2833,39
2834,31
2835,34
2836,34
2837,34
2838,43
2839,32
2840,27
2841,40
2842,38
2843,31
2844,31
2845,39
2846,34
2847,30
2848,31
2849,32
2850,45
2851,44
2852,33
2853,35
2854,39
2855,41
2856,35
2857,39
2858,37
2859,32
2860,39
2861,34
2862,35
2863,31
2864,36
2865,37
2866,33
2867,28
2868,39
2869,26
2870,36
2871,35
2872,44
2873,31
2874,34
2875,33
2876,28
2877,20
2878,26
2879,27
2880,38
2881,42
2882,29
2883,26
2884,25
2885,32
2886,33
2887,23
2888,34
2889,25
2890,19
2891,27
2892,25
2893,37
2894,29
2895,21
2896,28
2897,28
2898,33
2899,27
2900,31
2901,26
2902,17
2903,30
2904,33
2905,25
2906,24
2907,27
2908,25
2909,23
2910,27
2911,21
2912,26
2913,21
2914,34
2915,26
2916,26
2917,26
2918,28
2919,28
2920,25
2921,19
2922,23
2923,24
2924,15
2925,26
2926,21
2927,18
2928,25
2929,24
2930,18
2931,24
2932,21
2933,24
2934,31
2935,25
2936,27
2937,22
2938,22
2939,19
2940,18
2941,21
2942,24
2943,19
2944,20
2945,25
2946,27
2947,19
2948,22
2949,21
2950,22
2951,19
2952,18
2953,16
2954,19
2955,24
2956,19
2957,19
2958,16
2959,21
2960,23
2961,36
2962,16
2963,26
2964,24
2965,20
2966,15
2967,14
2968,17
2969,23
2970,15
2971,19
2972,15
2973,25
2974,18
2975,25
2976,18
2977,21
2978,13
2979,27
2980,26
2981,13
2982,22
2983,20
2984,14
2985,20
2986,26
2987,25
2988,22
2989,18
2990,15
2991,25
2992,16
2993,21
2994,21
2995,21
2996,21
2997,22
2998,14
2999,15
3000,11
3001,24
3002,17
3003,13
3004,22
3005,18
3006,19
3007,21
3008,28
3009,17
3010,20
3011,16
3012,28
3013,16
3014,13
3015,21
3016,17
3017,20
3018,22
3019,13
3020,23
3021,13
3022,21
3023,16
3024,14
3025,13
3026,20
3027,25
3028,19
3029,18
3030,20
3031,28
3032,25
3033,23
3034,20
3035,20
3036,15
3037,12
3038,14
3039,22
3040,20
3041,20
3042,16
3043,21
3044,21
3045,19
3046,22
3047,24
3048,23
3049,13
3050,18
3051,21
3052,17
3053,18
3054,18
3055,21
3056,20
3057,18
3058,21
3059,22
3060,17
3061,18
3062,18
3063,18
3064,17
3065,19
3066,16
3067,24
3068,35
3069,22
3070,21
3071,11
3072,24
3073,19
3074,16
3075,20
3076,24
3077,20
3078,18
3079,25
3080,23
3081,20
3082,14
3083,26
3084,29
3085,21
3086,18
3087,22
3088,24
3089,20
3090,21
3091,22
3092,15
3093,26
3094,19
3095,22
3096,28
3097,18
3098,23
3099,30
3100,29
3101,35
3102,25
3103,23
3104,26
3105,28
3106,18
3107,19
3108,26
3109,22
3110,29
3111,23
3112,23
3113,24
3114,24
3115,30
3116,24
3117,28
3118,25
3119,27
3120,23
3121,22
3122,30
3123,22
3124,16
3125,34
3126,18
3127,27
3128,23
3129,23
3130,26
3131,37
3132,27
3133,26
3134,23
3135,15
3136,19
3137,25
3138,22
3139,18
3140,25
3141,32
3142,21
3143,18
3144,35
3145,27
3146,24
3147,14
3148,21
3149,24
3150,25
3151,21
3152,24
3153,34
3154,20
3155,21
3156,25
3157,24
3158,21
3159,23
3160,27
3161,27
3162,27
3163,20
3164,25
3165,36
3166,26
3167,27
3168,25
3169,24
3170,26
3171,18
3172,27
3173,21
3174,22
3175,22
3176,30
3177,29
3178,27
3179,14
3180,24
3181,24
3182,25
3183,28
3184,26
3185,20
3186,18
3187,22
3188,16
3189,21
3190,19
3191,26
3192,24
3193,22
3194,30
3195,23
3196,23
3197,22
3198,17
3199,28
3200,29
3201,26
3202,22
3203,28
3204,28
3205,16
3206,19
3207,19
3208,12
3209,25
3210,32
3211,19
3212,18
3213,21
3214,23
3215,18
3216,27
3217,24
3218,12
3219,30
3220,13
3221,26
3222,25
3223,25
3224,18
3225,22
3226,20
3227,20
3228,22
3229,18
3230,25
3231,23
3232,29
3233,24
3234,22
3235,21
3236,18
3237,21
3238,21
3239,20
3240,25
3241,21
3242,19
3243,21
3244,17
3245,25
3246,20
3247,14
3248,18
3249,16
3250,15
3251,24
3252,13
3253,23
3254,16
3255,21
3256,18
3257,25
3258,20
3259,22
3260,17
3261,15
3262,20
3263,15
3264,13
3265,17
3266,26
3267,22
3268,11
3269,24
3270,22
3271,19
3272,17
3273,17
3274,20
3275,27
3276,16
3277,9
3278,23
3279,17
3280,17
3281,12
3282,12
3283,10
3284,18
3285,11
3286,12
3287,12
3288,2
3289,11
3290,20
3291,8
3292,16
3293,18
3294,13
3295,8
3296,14
3297,16
3298,12
3299,19
3300,10
3301,17
3302,16
3303,19
3304,9
3305,10
3306,14
3307,8
3308,15
3309,8
3310,11
3311,17
3312,7
3313,15
3314,12
3315,11
3316,12
3317,10
3318,11
3319,6
3320,6
3321,11
3322,8
3323,18
3324,14
3325,16
3326,13
3327,8
3328,11
3329,8
3330,13
3331,12
3332,11
3333,15
3334,7
3335,12
3336,12
3337,9
3338,8
3339,7
3340,6
3341,9
3342,12
3343,14
3344,6
3345,12
3346,9
3347,12
3348,9
3349,9
3350,9
3351,11
3352,1
3353,10
3354,13
3355,3
3356,4
3357,7
3358,8
3359,15
3360,8
3361,8
3362,5
3363,7
3364,9
3365,1
3366,8
3367,1
3368,3
3369,7
3370,9
3371,10
3372,7
3373,3
3374,4
3375,11
3376,5
3377,6
3378,3
3379,4
3380,4
3381,8
3382,4
3383,4
3384,6
3385,11
3386,2
3387,7
3388,6
3389,4
3390,5
3391,3
3392,11
3393,4
3394,5
3395,3
3396,6
3397,5
3398,3
3399,3
3400,6
3401,1
3402,4
3403,7
3404,3
3406,4
3407,4
3408,9
3409,2
3410,3
3411,3
3412,7
3413,2
3414,5
3415,1
3416,5
3417,2
3418,5
3420,2
3421,4
3422,5
3423,3
3424,2
3425,4
3426,5
3427,1
3428,4
3429,5
3430,3
3431,3
3432,3
3433,2
3434,2
3435,3
3436,2
3437,2
3438,5
3439,4
3440,4
3441,1
3442,3
3444,3
3445,1
3446,2
3447,3
3449,7
3450,3
3452,1
3453,4
3454,2
3455,2
3456,1
3457,4
3458,4
3459,3
3460,2
3461,2
3462,3
3463,1
3464,2
3465,1
3466,1
3467,3
3468,3
3469,1
3470,2
3471,2
3472,2
3475,3
3478,2
3479,1
3480,2
3481,3
3482,2
3483,1
3484,3
3486,3
3487,5
3488,2
3489,2
3490,1
3495,2
3496,1
3497,3
3498,2
3499,2
3500,2
3501,2
3502,2
3503,2
3505,3
3506,2
3509,1
3510,4
3511,2
3512,2
3513,1
3514,2
3518,3
3519,3
3520,1
3522,1
3523,3
3527,2
3528,1
3530,3
3532,1
3533,1
3539,1
3540,1
3541,1
3543,2
3545,1
3549,1
3550,1
3551,1
3553,1
3555,1
3556,1
3559,1
3561,1
3563,1
3564,1
3570,1
3571,1
3577,2
3581,1
3582,1
3584,1
3589,2
3592,1
3593,1
3595,1
3596,1
3599,2
3602,1
3605,1
3607,1
3609,1
3611,2
3614,1
3618,2
3621,1
3625,2
3626,2
3632,1
3634,1
3644,1
3656,1
3669,1
3670,1
3677,1
3678,1
3683,1
3695,1
3697,1
3702,1
3711,2
3723,1
3738,1
3747,1
3758,1
3763,1
3764,1
3788,1
3789,1
3792,1
3798,1
3801,1
3807,1
3855,1
3887,1
3917,1
3921,1
3997,1
4005,1
4008,1
4023,1
4092,1
4096,1
4109,1
4112,1
4113,1
4116,1
4134,1
4141,2
4143,1
4147,1
4150,1
4153,1
4155,2
4160,2
4179,1
4182,1
4187,1
4188,1
4190,4
4192,2
4197,1
4202,1
4209,2
4211,1
4212,2
4213,1
4214,1
4215,3
4216,1
4217,4
4219,2
4220,2
4222,1
4223,1
4227,2
4228,1
4229,1
4230,2
4231,1
4234,2
4236,2
4237,1
4238,1
4239,3
4240,2
4241,1
4242,1
4243,2
4244,2
4245,1
4247,1
4248,1
4249,2
4250,1
4252,4
4253,5
4254,1
4255,1
4256,1
4258,3
4259,4
4260,1
4261,3
4262,2
4263,3
4264,1
4266,1
4267,3
4269,3
4270,1
4271,1
4272,4
4273,3
4274,2
4275,3
4276,3
4277,4
4278,1
4279,2
4280,4
4282,3
4283,3
4284,4
4285,2
4286,2
4287,4
4288,1
4289,6
4290,1
4291,3
4292,1
4293,2
4294,3
4295,3
4296,3
4297,6
4298,6
4299,2
4300,2
4301,2
4302,3
4303,4
4304,5
4305,4
4306,1
4307,2
4308,2
4309,6
4310,9
4311,3
4312,7
4313,10
4314,3
4315,4
4316,6
4317,6
4318,8
4319,9
4320,6
4321,2
4322,4
4323,4
4324,6
4325,6
4326,8
4327,2
4328,4
4329,8
4330,3
4331,7
4332,3
4333,4
4334,5
4335,4
4336,3
4337,6
4338,6
4339,7
4340,11
4341,9
4342,9
4343,3
4344,2
4345,6
4346,2
4347,6
4348,6
4349,5
4350,2
4351,7
4352,6
4353,5
4354,4
4355,9
4356,12
4357,7
4358,7
4359,12
4360,9
4361,5
4362,6
4363,5
4364,5
4365,9
4366,8
4367,8
4368,7
4369,4
4370,5
4371,8
4372,7
4373,11
4374,7
4375,6
4376,15
4377,8
4378,5
4379,8
4380,8
4381,9
4382,15
4383,9
4384,4
4385,6
4386,7
4387,7
4388,6
4389,9
4390,12
4391,14
4392,10
4393,6
4394,8
4395,9
4396,7
4397,13
4398,6
4399,7
4400,10
4401,13
4402,13
4403,17
4404,10
4405,10
4406,12
4407,11
4408,10
4409,5
4410,13
4411,12
4412,10
4413,16
4414,10
4415,7
4416,8
4417,6
4418,10
4419,10
4420,9
4421,12
4422,8
4423,11
4424,9
4425,15
4426,5
4427,11
4428,16
4429,11
4430,6
4431,9
4432,7
4433,15
4434,13
4435,11
4436,11
4437,16
4438,9
4439,11
4440,9
4441,9
4442,11
4443,13
4444,9
4445,9
4446,9
4447,14
4448,11
4449,9
4450,9
4451,13
4452,9
4453,8
4454,12
4455,20
4456,11
4457,7
4458,11
4459,7
4460,6
4461,10
4462,5
4463,6
4464,14
4465,9
4466,6
4467,7
4468,8
4469,13
4470,8
4471,11
4472,9
4473,7
4474,8
4475,11
4476,7
4477,10
4478,6
4479,10
4480,10
4481,4
4482,13
4483,8
4484,6
4485,12
4486,4
4487,6
4488,6
4489,3
4490,9
4491,5
4492,12
4493,5
4494,12
4495,8
4496,9
4497,10
4498,9
4499,10
4500,1
4501,11
4502,6
4503,5
4504,6
4505,8
4506,8
4507,9
4508,15
4509,6
4510,6
4511,8
4512,6
4513,8
4514,12
4515,5
4516,7
4517,8
4518,5
4519,7
4520,8
4521,9
4522,10
4523,4
4524,2
4525,4
4526,9
4527,4
4528,11
4529,5
4530,9
4531,5
4532,10
4533,6
4534,5
4535,4
4536,3
4537,5
4538,6
4539,8
4540,14
4541,6
4542,5
4543,4
4544,5
4545,3
4546,5
4547,6
4548,4
4549,4
4550,2
4551,2
4552,3
4553,5
4554,5
4555,4
4556,3
4557,4
4558,4
4559,3
4560,6
4561,2
4562,1
4563,3
4564,2
4565,4
4566,6
4567,2
4568,7
4569,6
4570,4
4571,4
4572,4
4573,6
4574,5
4575,1
4576,4
4577,3
4578,3
4579,3
4580,2
4581,3
4582,2
4583,6
4584,2
4585,5
4587,5
4588,4
4589,5
4590,1
4591,4
4592,4
4593,8
4594,1
4595,8
4596,2
4597,2
4598,3
4599,4
4600,2
4601,4
4602,2
4603,3
4604,4
4605,1
4606,3
4607,3
4608,3
4609,1
4610,5
4612,3
4613,2
4614,1
4615,5
4616,3
4617,3
4618,3
4619,2
4620,3
4621,1
4623,4
4625,3
4626,1
4628,1
4629,2
4630,4
4631,2
4632,4
4633,2
4634,6
4636,1
4638,1
4639,2
4640,1
4641,1
4642,2
4643,1
4645,1
4647,1
4648,3
4649,1
4652,1
4653,4
4655,1
4656,3
4657,2
4665,1
4666,2
4667,1
4670,2
4672,1
4673,1
4678,1
4679,1
4680,2
4682,1
4683,1
4686,1
4692,1
4693,2
4695,2
4700,1
4702,1
4703,1
4705,1
4706,1
4707,4
4710,1
4712,1
4714,2
4715,3
4717,1
4720,1
4724,1
4727,1
4729,1
4730,1
4732,1
4738,1
4739,1
4744,1
4746,2
4761,1
4762,1
4765,1
4770,1
4772,1
4773,1
4783,1
4788,1
4789,2
4795,1
4797,1
4800,1
4805,1
4819,1
4822,1
4838,1
4848,1
4859,1
4860,1
4862,1
4869,1
4881,1
4893,1
4931,1
4958,1
4963,1
5021,1
5065,1
5109,1
5129,1
5150,1
5156,1
5163,1
5170,1
5173,1
5181,1
5186,1
5192,2
5193,1
5197,1
5202,1
5206,1
5209,1
5211,1
5212,1
5215,1
5219,1
5225,1
5229,1
5233,1
5235,1
5240,2
5241,2
5246,1
5248,2
5250,1
5251,1
5252,1
5257,1
5262,1
5265,1
5266,1
5267,1
5281,1
5283,1
5284,1
5285,1
5287,1
5290,1
5292,1
5293,2
5294,2
5296,1
5297,1
5301,1
5304,1
5305,1
5306,2
5307,1
5308,3
5309,2
5314,1
5315,1
5316,1
5317,2
5320,2
5322,1
5323,1
5324,2
5326,3
5327,1
5332,2
5334,2
5335,2
5336,2
5337,1
5338,1
5340,1
5342,2
5343,1
5344,1
5345,3
5346,1
5348,2
5351,2
5353,2
5354,3
5355,1
5356,5
5357,1
5358,1
5359,1
5360,2
5361,4
5362,1
5363,5
5364,1
5365,4
5366,3
5367,2
5369,5
5371,1
5373,2
5375,1
5376,2
5377,2
5378,1
5379,3
5380,2
5381,3
5383,1
5385,2
5386,5
5387,5
5388,3
5389,2
5390,3
5392,4
5393,1
5395,1
5396,1
5397,4
5398,4
5399,1
5400,6
5401,3
5402,3
5403,6
5404,3
5405,4
5406,2
5407,1
5408,4
5409,1
5411,2
5412,2
5413,1
5414,3
5415,1
5416,3
5417,5
5418,2
5419,4
5420,2
5421,5
5422,2
5423,5
5424,3
5425,5
5426,3
5427,5
5428,1
5429,5
5430,6
5431,5
5432,2
5433,6
5434,2
5435,4
5436,2
5437,5
5438,7
5439,3
5440,4
5441,7
5442,3
5443,2
5445,7
5446,6
5447,5
5448,4
5449,7
5450,3
5451,7
5452,6
5453,9
5454,7
5455,4
5456,7
5457,2
5458,6
5459,7
5460,4
5461,6
5462,10
5463,9
5464,9
5465,5
5466,8
5467,10
5468,7
5469,10
5470,7
5471,7
5472,7
5473,4
5474,3
5475,7
5476,5
5477,5
5478,3
5479,4
5480,10
5481,4
5482,3
5483,8
5484,10
5485,6
5486,14
5487,7
5488,8
5489,6
5490,10
5491,6
5492,6
5493,7
5494,10
5495,5
5496,12
5497,4
5498,4
5499,6
5500,5
5501,7
5502,6
5503,5
5504,11
5505,4
5506,10
5507,10
5508,5
5509,7
5510,11
5511,9
5512,9
5513,9
5514,10
5515,12
5516,11
5517,1
5518,7
5519,14
5520,15
5521,7
5522,8
5523,9
5524,8
5525,12
5526,8
5527,13
5528,7
5529,7
5530,5
5531,12
5532,9
5533,8
5534,11
5535,9
5536,13
5537,9
5538,8
5539,4
5540,18
5541,9
5542,8
5543,10
5544,12
5545,12
5546,9
5547,11
5548,6
5549,8
5550,9
5551,9
5552,10
5553,11
5554,10
5555,10
5556,8
5557,12
5558,8
5559,11
5560,10
5561,12
5562,14
5563,9
5564,10
5565,11
5566,9
5567,8
5568,12
5569,11
5570,6
5571,10
5572,10
5573,9
5574,5
5575,8
5576,10
5577,5
5578,9
5579,9
5580,14
5581,3
5582,12
5583,8
5584,8
5585,9
5586,8
5587,12
5588,12
5589,11
5590,14
5591,6
5592,10
5593,9
5594,12
5595,9
5596,11
5597,14
5598,12
5599,8
5600,7
5601,4
5602,12
5603,7
5604,7
5605,11
5606,8
5607,14
5608,4
5609,9
5610,4
5611,8
5612,7
5613,4
5614,7
5615,7
5616,13
5617,7
5618,12
5619,10
5620,9
5621,4
5622,13
5623,11
5624,13
5625,6
5626,13
5627,13
5628,2
5629,7
5630,7
5631,10
5632,8
5633,4
5634,9
5635,8
5636,10
5637,12
5638,5
5639,6
5640,6
5641,5
5642,11
5643,7
5644,6
5645,4
5646,8
5647,9
5648,7
5649,5
5650,4
5651,7
5652,5
5653,4
5654,8
5655,10
5656,5
5657,3
5658,7
5659,2
5660,6
5661,11
5662,7
5663,4
5664,6
5665,9
5666,4
5667,6
5668,8
5669,5
5670,3
5671,9
5672,4
5673,7
5674,2
5675,7
5676,4
5677,1
5678,5
5679,5
5680,2
5681,4
5682,4
5683,2
5684,5
5685,6
5687,3
5688,2
5689,1
5690,3
5691,4
5692,4
5693,5
5694,2
5695,5
5696,3
5697,3
5698,2
5699,8
5700,4
5701,1
5702,4
5703,3
5704,4
5705,2
5706,1
5707,3
5708,4
5709,5
5710,3
5711,3
5712,2
5713,2
5714,4
5715,4
5716,1
5717,3
5718,4
5719,3
5720,3
5721,3
5723,2
5724,4
5725,2
5726,3
5727,1
5728,1
5729,1
5731,3
5732,3
5733,4
5735,3
5736,2
5737,3
5738,4
5739,1
5740,1
5741,2
5742,1
5744,2
5749,2
5750,2
5752,2
5754,2
5755,1
5756,3
5757,3
5758,1
5759,1
5761,4
5763,1
5764,2
5765,1
5766,2
5768,3
5769,2
5770,1
5771,1
5772,2
5774,1
5777,1
5778,3
5781,2
5782,2
5783,1
5784,1
5785,2
5788,2
5789,2
5793,1
5794,1
5795,1
5798,2
5800,1
5801,1
5805,1
5807,1
5808,1
5811,1
5814,1
5815,1
5816,2
5817,2
5818,1
5820,1
5821,1
5822,1
5823,1
5824,2
5826,1
5837,1
5838,1
5842,1
5844,1
5846,1
5848,2
5858,2
5860,2
5863,1
5868,1
5878,1
5898,1
5920,2
5942,1
6111,1
6115,1
6163,1
6169,2
6172,1
6177,1
6206,1
6216,1
6226,1
6233,1
6237,1
6243,1
6247,1
6250,1
6269,1
6271,1
6276,1
6278,1
6284,1
6288,1
6299,1
6304,1
6323,1
6325,1
6335,1
6338,1
6347,1
6350,1
6358,1
6363,1
6368,2
6369,1
6372,1
6375,1
6378,1
6381,2
6384,1
6386,1
6388,1
6395,2
6396,1
6399,2
6402,1
6404,1
6408,1
6409,2
6411,3
6413,1
6418,1
6421,1
6422,1
6425,1
6426,1
6431,2
6432,3
6440,3
6445,1
6446,1
6447,1
6448,1
6449,1
6451,1
6453,2
6456,2
6457,2
6458,1
6462,2
6463,1
6464,1
6466,1
6467,2
6468,1
6469,1
6472,1
6473,1
6474,4
6476,3
6477,1
6478,3
6479,2
6482,2
6483,2
6484,1
6485,2
6486,2
6487,3
6489,2
6490,1
6491,1
6492,1
6493,2
6495,1
6496,2
6499,2
6500,2
6501,1
6502,1
6503,2
6504,1
6506,1
6508,2
6509,2
6513,1
6515,4
6516,3
6517,2
6518,2
6520,2
6521,3
6522,5
6524,3
6525,4
6526,5
6527,2
6528,1
6529,6
6530,3
6532,1
6533,2
6534,2
6535,2
6536,2
6537,1
6538,2
6539,3
6540,2
6541,1
6542,3
6544,3
6545,2
6546,1
6548,3
6549,1
6551,2
6552,2
6553,3
6554,4
6555,4
6556,3
6557,3
6558,3
6559,3
6560,3
6561,2
6562,6
6563,1
6564,3
6565,4
6566,3
6567,1
6568,5
6569,5
6570,1
6571,6
6572,4
6573,2
6574,7
6575,7
6576,6
6577,3
6578,1
6579,2
6580,5
6582,5
6583,8
6584,3
6585,6
6586,3
6587,11
6588,2
6589,5
6590,2
6591,1
6592,5
6593,3
6594,3
6595,4
6596,6
6597,3
6598,8
6599,3
6600,6
6601,9
6602,4
6603,5
6604,7
6605,7
6606,5
6607,5
6608,3
6609,1
6610,6
6611,7
6612,6
6613,7
6614,4
6615,5
6616,2
6617,3
6618,5
6619,6
6620,9
6621,2
6622,3
6623,6
6624,7
6625,4
6626,5
6627,5
6628,10
6629,2
6630,9
6631,10
6632,6
6633,10
6634,4
6635,5
6636,9
6637,7
6638,5
6639,11
6640,9
6641,8
6642,11
6643,7
6644,10
6645,12
6646,5
6647,7
6648,9
6649,3
6650,6
6651,8
6652,7
6653,8
6654,11
6655,6
6656,11
6657,10
6658,6
6659,10
6660,8
6661,9
6662,7
6663,8
6664,7
6665,8
6666,12
6667,2
6668,6
6669,6
6670,11
6671,14
6672,6
6673,5
6674,16
6675,8
6676,9
6677,9
6678,14
6679,13
6680,6
6681,13
6682,11
6683,6
6684,20
6685,15
6686,14
6687,8
6688,14
6689,10
6690,6
6691,12
6692,11
6693,11
6694,13
6695,10
6696,8
6697,10
6698,21
6699,11
6700,11
6701,17
6702,12
6703,12
6704,10
6705,12
6706,17
6707,17
6708,14
6709,18
6710,21
6711,14
6712,8
6713,20
6714,13
6715,10
6716,13
6717,18
6718,16
6719,17
6720,10
6721,12
6722,12
6723,18
6724,16
6725,20
6726,16
6727,24
6728,18
6729,17
6730,21
6731,20
6732,15
6733,20
6734,14
6735,27
6736,16
6737,19
6738,22
6739,20
6740,19
6741,13
6742,20
6743,14
6744,20
6745,22
6746,21
6747,17
6748,17
6749,23
6750,11
6751,13
6752,26
6753,26
6754,20
6755,15
6756,16
6757,11
6758,27
6759,20
6760,27
6761,26
6762,18
6763,20
6764,23
6765,17
6766,24
6767,17
6768,20
6769,12
6770,19
6771,19
6772,19
6773,17
6774,23
6775,27
6776,16
6777,22
6778,22
6779,20
6780,25
6781,15
6782,26
6783,23
6784,22
6785,25
6786,24
6787,18
6788,14
6789,28
6790,15
6791,23
6792,26
6793,21
6794,28
6795,24
6796,24
6797,24
6798,25
6799,23
6800,21
6801,24
6802,20
6803,27
6804,23
6805,33
6806,22
6807,19
6808,18
6809,15
6810,38
6811,26
6812,30
6813,25
6814,30
6815,25
6816,26
6817,18
6818,31
6819,34
6820,22
6821,28
6822,28
6823,26
6824,19
6825,15
6826,30
6827,28
6828,20
6829,28
6830,27
6831,21
6832,28
6833,25
6834,26
6835,23
6836,23
6837,31
6838,21
6839,29
6840,27
6841,25
6842,22
6843,16
6844,27
6845,26
6846,25
6847,19
6848,22
6849,20
6850,13
6851,31
6852,16
6853,22
6854,27
6855,24
6856,29
6857,22
6858,29
6859,16
6860,27
6861,23
6862,23
6863,23
6864,30
6865,28
6866,16
6867,20
6868,32
6869,21
6870,24
6871,26
6872,29
6873,25
6874,24
6875,22
6876,23
6877,14
6878,21
6879,25
6880,31
6881,24
6882,19
6883,25
6884,25
6885,19
6886,23
6887,36
6888,27
6889,25
6890,23
6891,26
6892,21
6893,24
6894,19
6895,14
6896,16
6897,30
6898,29
6899,33
6900,25
6901,18
6902,18
6903,27
6904,22
6905,19
6906,19
6907,27
6908,19
6909,18
6910,20
6911,25
6912,22
6913,20
6914,23
6915,25
6916,14
6917,23
6918,20
6919,26
6920,14
6921,19
6922,17
6923,24
6924,11
6925,20
6926,18
6927,21
6928,23
6929,20
6930,21
6931,21
6932,23
6933,20
6934,20
6935,20
6936,20
6937,15
6938,15
6939,17
6940,19
6941,21
6942,15
6943,26
6944,28
6945,27
6946,18
6947,18
6948,29
6949,17
6950,14
6951,23
6952,21
6953,38
6954,23
6955,22
6956,19
6957,24
6958,25
6959,20
6960,21
6961,18
6962,18
6963,16
6964,15
6965,18
6966,21
6967,22
6968,24
6969,20
6970,19
6971,19
6972,21
6973,16
6974,23
6975,19
6976,13
6977,22
6978,23
6979,13
6980,15
6981,29
6982,20
6983,18
6984,16
6985,14
6986,29
6987,19
6988,19
6989,21
6990,21
6991,22
6992,17
6993,15
6994,14
6995,19
6996,17
6997,11
6998,26
6999,23
7000,20
7001,22
7002,15
7003,18
7004,14
7005,22
7006,20
7007,23
7008,20
7009,17
7010,18
7011,17
7012,19
7013,21
7014,20
7015,18
7016,21
7017,34
7018,20
7019,17
7020,13
7021,14
7022,24
7023,21
7024,21
7025,30
7026,14
7027,26
7028,21
7029,25
7030,11
7031,21
7032,21
7033,27
7034,28
7035,20
7036,17
7037,24
7038,12
7039,16
7040,16
7041,25
7042,12
7043,20
7044,19
7045,22
7046,20
7047,17
7048,19
7049,23
7050,23
7051,18
7052,22
7053,17
7054,22
7055,21
7056,28
7057,17
7058,23
7059,25
7060,27
7061,19
7062,18
7063,22
7064,15
7065,25
7066,21
7067,24
7068,30
7069,20
7070,31
7071,29
7072,29
7073,15
7074,18
7075,22
7076,17
7077,15
7078,25
7079,30
7080,32
7081,24
7082,25
7083,25
7084,24
7085,25
7086,26
7087,20
7088,23
7089,16
7090,19
7091,30
7092,34
7093,26
7094,29
7095,31
7096,34
7097,22
7098,23
7099,27
7100,24
7101,28
7102,13
7103,32
7104,29
7105,29
7106,17
7107,24
7108,24
7109,26
7110,27
7111,25
7112,24
7113,20
7114,35
7115,30
7116,28
7117,35
7118,27
7119,36
7120,25
7121,33
7122,26
7123,31
7124,48
7125,40
7126,26
7127,33
7128,34
7129,30
7130,32
7131,27
7132,36
7133,35
7134,29
7135,40
7136,35
7137,31
7138,31
7139,38
7140,33
7141,23
7142,43
7143,35
7144,28
7145,33
7146,36
7147,44
7148,34
7149,29
7150,38
7151,41
7152,34
7153,33
7154,44
7155,36
7156,37
7157,44
7158,31
7159,34
7160,25
7161,39
7162,45
7163,42
7164,46
7165,39
7166,38
7167,32
7168,27
7169,33
7170,41
7171,31
7172,44
7173,33
7174,37
7175,33
7176,38
7177,43
7178,24
7179,44
7180,30
7181,36
7182,43
7183,40
7184,40
7185,43
7186,44
7187,44
7188,32
7189,47
7190,43
7191,42
7192,40
7193,45
7194,42
7195,37
7196,43
7197,45
7198,51
7199,41
7200,43
7201,46
7202,32
7203,43
7204,47
7205,48
7206,42
7207,47
7208,50
7209,38
7210,41
7211,47
7212,46
7213,53
7214,31
7215,38
7216,37
7217,44
7218,54
7219,48
7220,46
7221,49
7222,48
7223,45
7224,40
7225,48
7226,44
7227,52
7228,31
7229,37
7230,51
7231,37
7232,45
7233,45
7234,43
7235,43
7236,46
7237,37
7238,44
7239,36
7240,34
7241,50
7242,57
7243,41
7244,37
7245,59
7246,49
7247,42
7248,59
7249,47
7250,48
7251,45
7252,46
7253,50
7254,56
7255,59
7256,43
7257,58
7258,48
7259,44
7260,46
7261,57
7262,55
7263,61
7264,47
7265,47
7266,57
7267,55
7268,38
7269,50
7270,44
7271,67
7272,56
7273,50
7274,63
7275,45
7276,42
7277,47
7278,64
7279,54
7280,57
7281,55
7282,43
7283,57
7284,57
7285,63
7286,43
7287,54
7288,48
7289,70
7290,52
7291,53
7292,62
7293,58
7294,63
7295,70
7296,55
7297,65
7298,52
7299,66
7300,63
7301,60
7302,53
7303,47
7304,56
7305,65
7306,66
7307,71
7308,56
7309,67
7310,49
7311,66
7312,53
7313,73
7314,77
7315,71
7316,62
7317,62
7318,58
7319,67
7320,60
7321,67
7322,59
7323,54
7324,63
7325,67
7326,86
7327,67
7328,75
7329,62
7330,81
7331,76
7332,67
7333,77
7334,70
7335,65
7336,78
7337,64
7338,71
7339,88
7340,84
7341,61
7342,70
7343,85
7344,84
7345,71
7346,72
7347,84
7348,83
7349,70
7350,85
7351,64
7352,75
7353,81
7354,89
7355,92
7356,84
7357,71
7358,78
7359,89
7360,93
7361,98
7362,109
7363,112
7364,99
7365,102
7366,95
7367,91
7368,91
7369,100
7370,95
7371,108
7372,113
7373,115
7374,87
7375,102
7376,101
7377,128
7378,101
7379,137
7380,90
7381,109
7382,138
7383,109
7384,115
7385,125
7386,99
7387,104
7388,116
7389,108
7390,118
7391,104
7392,125
7393,141
7394,131
7395,116
7396,132
7397,115
7398,119
7399,138
7400,115
7401,134
7402,137
7403,126
7404,127
7405,121
7406,124
7407,149
7408,142
7409,162
7410,123
7411,133
7412,174
7413,129
7414,144
7415,169
7416,161
7417,182
7418,133
7419,159
7420,126
7421,160
7422,166
7423,152
7424,173
7425,147
7426,167
7427,148
7428,158
7429,178
7430,140
7431,160
7432,156
7433,189
7434,180
7435,147
7436,170
7437,161
7438,177
7439,183
7440,194
7441,183
7442,211
7443,182
7444,176
7445,205
7446,213
7447,197
7448,197
7449,178
7450,226
7451,185
7452,199
7453,182
7454,181
7455,200
7456,242
7457,214
7458,212
7459,208
7460,229
7461,238
7462,218
7463,218
7464,210
7465,212
7466,256
7467,243
7468,243
7469,245
7470,249
7471,271
7472,245
7473,261
7474,253
7475,238
7476,247
7477,274
7478,250
7479,253
7480,245
7481,289
7482,244
7483,239
7484,247
7485,280
7486,281
7487,270
7488,278
7489,269
7490,291
7491,295
7492,268
7493,253
7494,279
7495,294
7496,270
7497,297
7498,315
7499,281
7500,335
7501,274
7502,337
7503,302
7504,317
7505,325
7506,297
7507,291
7508,317
7509,292
7510,334
7511,352
7512,322
7513,315
7514,343
7515,343
7516,327
7517,360
7518,332
7519,338
7520,348
7521,354
7522,375
7523,343
7524,359
7525,342
7526,376
7527,376
7528,369
7529,388
7530,377
7531,367
7532,368
7533,400
7534,394
7535,404
7536,390
7537,403
7538,450
7539,422
7540,433
7541,432
7542,463
7543,420
7544,420
7545,399
7546,447
7547,433
7548,427
7549,408
7550,497
7551,410
7552,481
7553,451
7554,489
7555,443
7556,452
7557,469
7558,449
7559,511
7560,507
7561,454
7562,546
7563,506
7564,548
7565,514
7566,511
7567,510
7568,500
7569,545
7570,535
7571,527
7572,518
7573,555
7574,527
7575,514
7576,523
7577,549
7578,569
7579,582
7580,610
7581,562
7582,595
7583,572
7584,580
7585,607
7586,602
7587,587
7588,630
7589,671
7590,585
7591,649
7592,641
7593,653
7594,643
7595,665
7596,664
7597,659
7598,635
7599,668
7600,726
7601,668
7602,679
7603,751
7604,722
7605,700
7606,666
7607,693
7608,687
7609,741
7610,726
7611,700
7612,742
7613,699
7614,761
7615,734
7616,758
7617,758
7618,762
7619,752
7620,814
7621,849
7622,777
7623,856
7624,816
7625,799
7626,795
7627,858
7628,876
7629,841
7630,854
7631,879
7632,852
7633,845
7634,911
7635,881
7636,880
7637,905
7638,878
7639,938
7640,896
7641,887
7642,958
7643,929
7644,959
7645,949
7646,961
7647,1029
7648,971
7649,960
7650,1007
7651,1024
7652,1010
7653,995
7654,1015
7655,1074
7656,1104
7657,1074
7658,1034
7659,1144
7660,1096
7661,1074
7662,1105
7663,1068
7664,1093
7665,1118
7666,1199
7667,1170
7668,1186
7669,1174
7670,1207
7671,1227
7672,1218
7673,1246
7674,1209
7675,1196
7676,1235
7677,1280
7678,1252
7679,1314
7680,1318
7681,1311
7682,1365
7683,1314
7684,1303
7685,1391
7686,1309
7687,1324
7688,1376
7689,1374
7690,1392
7691,1329
7692,1403
7693,1409
7694,1383
7695,1443
7696,1541
7697,1468
7698,1455
7699,1469
7700,1471
7701,1505
7702,1493
7703,1599
7704,1544
7705,1550
7706,1606
7707,1591
7708,1561
7709,1657
7710,1649
7711,1661
7712,1576
7713,1659
7714,1690
7715,1707
7716,1697
7717,1725
7718,1783
7719,1828
7720,1740
7721,1772
7722,1780
7723,1769
7724,1846
7725,1930
7726,1850
7727,1822
7728,1821
7729,1915
7730,1915
7731,1867
7732,1890
7733,2022
7734,2031
7735,1968
7736,2047
7737,2085
7738,2034
7739,2025
7740,2169
7741,2093
7742,2065
7743,2104
7744,2165
7745,2138
7746,2095
7747,2167
7748,2263
7749,2140
7750,2235
7751,2159
7752,2234
7753,2226
7754,2199
7755,2366
7756,2301
7757,2366
7758,2441
7759,2443
7760,2474
7761,2456
7762,2514
7763,2449
7764,2510
7765,2503
7766,2534
7767,2600
7768,2586
7769,2606
7770,2609
7771,2604
7772,2606
7773,2668
7774,2737
7775,2773
7776,2733
7777,2741
7778,2760
7779,2825
7780,2829
7781,2947
7782,2845
7783,2964
7784,3015
7785,2931
7786,2942
7787,2971
7788,3111
7789,2979
7790,3071
7791,3035
7792,3068
7793,3086
7794,3120
7795,3175
7796,3078
7797,3313
7798,3351
7799,3339
7800,3263
7801,3386
7802,3424
7803,3452
7804,3413
7805,3449
7806,3468
7807,3528
7808,3446
7809,3576
7810,3485
7811,3629
7812,3764
7813,3660
7814,3659
7815,3654
7816,3644
7817,3664
7818,3811
7819,3784
7820,3898
7821,3941
7822,3839
7823,3940
7824,3795
7825,3997
7826,3936
7827,4096
7828,4073
7829,4139
7830,4104
7831,4145
7832,4059
7833,4262
7834,4195
7835,4224
7836,4273
7837,4325
7838,4351
7839,4346
7840,4517
7841,4476
7842,4514
7843,4448
7844,4618
7845,4719
7846,4709
7847,4694
7848,4575
7849,4852
7850,4768
7851,4756
7852,4861
7853,4952
7854,5051
7855,4791
7856,4933
7857,5009
7858,5089
7859,5222
7860,5050
7861,5187
7862,5178
7863,5215
7864,5335
7865,5404
7866,5398
7867,5343
7868,5378
7869,5555
7870,5343
7871,5677
7872,5525
7873,5512
7874,5660
7875,5673
7876,5765
7877,5834
7878,5775
7879,5673
7880,5949
7881,6003
7882,5908
7883,6010
7884,5985
7885,5960
7886,6158
7887,6106
7888,6163
7889,6196
7890,6260
7891,6379
7892,6304
7893,6307
7894,6498
7895,6425
7896,6618
7897,6443
7898,6605
7899,6643
7900,6649
7901,6660
7902,6880
7903,6929
7904,6805
7905,6841
7906,6982
7907,6920
7908,6871
7909,6868
7910,7088
7911,7168
7912,7187
7913,7197
7914,7347
7915,7253
7916,7382
7917,7434
7918,7594
7919,7534
7920,7425
7921,7495
7922,7777
7923,7645
7924,7773
7925,7694
7926,7831
7927,7725
7928,7839
7929,7961
7930,7981
7931,8094
7932,7943
7933,8072
7934,8126
7935,8335
7936,8343
7937,8262
7938,8328
7939,8356
7940,8530
7941,8376
7942,8395
7943,8642
7944,8909
7945,8595
7946,8680
7947,8884
7948,8734
7949,8863
7950,8813
7951,8946
7952,8834
7953,8983
7954,9090
7955,9124
7956,9292
7957,9228
7958,9175
7959,9186
7960,9113
7961,9411
7962,9396
7963,9417
7964,9603
7965,9708
7966,9592
7967,9635
7968,9558
7969,9716
7970,9849
7971,9866
7972,9916
7973,9723
7974,9922
7975,9940
7976,9978
7977,10296
7978,10041
7979,10068
7980,10332
7981,10378
7982,10304
7983,10541
7984,10359
7985,10472
7986,10633
7987,10555
7988,10581
7989,10867
7990,10691
7991,10719
7992,10738
7993,10905
7994,10918
7995,11121
7996,11065
7997,11111
7998,11104
7999,11312
8000,11165
8001,11430
8002,11180
8003,11280
8004,11338
8005,11310
8006,11338
8007,11568
8008,11418
8009,11783
8010,11668
8011,11590
8012,11726
8013,11757
8014,11818
8015,12021
8016,11850
8017,12002
8018,12106
8019,12148
8020,12041
8021,12070
8022,12240
8023,12122
8024,12291
8025,12257
8026,11997
8027,12479
8028,12378
8029,12619
8030,12627
8031,12654
8032,12521
8033,12375
8034,12609
8035,12533
8036,12702
8037,12771
8038,12938
8039,13037
8040,12825
8041,12922
8042,13104
8043,12995
8044,12979
8045,13116
8046,13233
8047,13155
8048,13120
8049,13272
8050,13250
8051,13427
8052,13300
8053,13548
8054,13486
8055,13449
8056,13526
8057,13274
8058,13607
8059,13630
8060,13644
8061,13709
8062,13637
8063,13608
8064,13683
8065,13924
8066,13813
8067,13989
8068,13996
8069,14083
8070,13940
8071,13981
8072,14014
8073,14074
8074,14163
8075,14171
8076,13978
8077,13909
8078,14208
8079,14101
8080,14337
8081,14291
8082,14281
8083,14113
8084,14296
8085,14216
8086,14359
8087,14450
8088,14423
8089,14266
8090,14528
8091,14651
8092,14313
8093,14576
8094,14543
8095,14526
8096,14878
8097,14620
8098,14569
8099,14870
8100,14640
8101,14757
8102,14519
8103,14590
8104,14545
8105,14445
8106,14900
8107,14793
8108,14762
8109,14779
8110,14849
8111,14816
8112,14970
8113,14643
8114,14917
8115,14850
8116,14826
8117,15193
8118,14796
8119,14963
8120,14864
8121,15013
8122,15073
8123,14970
8124,15036
8125,14961
8126,15045
8127,14922
8128,14984
8129,15125
8130,15200
8131,14993
8132,15048
8133,14823
8134,14870
8135,14800
8136,14989
8137,15076
8138,15007
8139,15004
8140,14789
8141,14961
8142,14935
8143,14944
8144,14911
8145,14807
8146,14903
8147,14804
8148,14995
8149,14787
8150,15092
8151,14966
8152,14821
8153,14910
8154,14950
8155,14927
8156,14700
8157,14759
8158,14848
8159,14687
8160,14972
8161,14909
8162,14659
8163,14773
8164,14661
8165,14653
8166,14740
8167,14581
8168,14464
8169,14539
8170,14591
8171,14247
8172,14431
8173,14466
8174,14328
8175,14529
8176,14518
8177,14526
8178,14435
8179,14119
8180,14292
8181,14076
8182,14231
8183,14209
8184,14209
8185,14157
8186,14176
8187,13996
8188,14138
8189,14040
8190,13842
8191,13915
8192,13811
8193,13914
8194,13778
8195,13823
8196,13859
8197,13640
8198,13483
8199,13832
8200,13568
8201,13732
8202,13469
8203,13423
8204,13322
8205,13577
8206,13365
8207,13194
8208,13001
8209,13288
8210,12977
8211,13106
8212,12983
8213,13156
8214,12962
8215,12823
8216,13034
8217,12722
8218,12680
8219,12703
8220,12992
8221,12716
8222,12504
8223,12504
8224,12521
8225,12519
8226,12085
8227,12325
8228,12456
8229,12280
8230,12007
8231,12055
8232,12023
8233,12039
8234,11784
8235,11866
8236,11818
8237,12069
8238,11740
8239,11454
8240,11499
8241,11557
8242,11458
8243,11362
8244,11291
8245,11427
8246,11246
8247,11230
8248,11139
8249,11123
8250,11052
8251,11105
8252,10671
8253,10546
8254,10821
8255,10492
8256,10600
8257,10506
8258,10488
8259,10356
8260,10423
8261,10220
8262,10302
8263,10164
8264,10181
8265,10037
8266,9974
8267,9822
8268,9823
8269,9768
8270,9840
8271,9581
8272,9665
8273,9513
8274,9434
8275,9374
8276,9307
8277,9212
8278,9181
8279,8998
8280,9144
8281,8782
8282,8895
8283,8941
8284,8776
8285,8649
8286,8546
8287,8531
8288,8640
8289,8428
8290,8299
8291,8290
8292,8206
8293,8219
8294,8039
8295,7976
8296,7955
8297,7863
8298,7694
8299,7640
8300,7748
8301,7536
8302,7636
8303,7466
8304,7366
8305,7364
8306,7231
8307,7236
8308,7138
8309,7107
8310,6978
8311,6941
8312,6649
8313,6976
8314,6818
8315,6794
8316,6591
8317,6722
8318,6630
8319,6459
8320,6326
8321,6222
8322,6412
8323,6168
8324,6068
8325,5980
8326,5887
8327,6033
8328,5789
8329,5878
8330,5729
8331,5631
8332,5548
8333,5620
8334,5379
8335,5527
8336,5504
8337,5251
8338,5221
8339,5115
8340,5186
8341,5098
8342,5168
8343,4993
8344,4907
8345,4838
8346,4828
8347,4757
8348,4649
8349,4416
8350,4457
8351,4657
8352,4464
8353,4408
8354,4291
8355,4453
8356,4250
8357,4223
8358,4194
8359,4064
8360,4063
8361,3967
8362,4023
8363,3801
8364,3782
8365,3885
8366,3723
8367,3669
8368,3750
8369,3560
8370,3501
8371,3433
8372,3517
8373,3439
8374,3292
8375,3281
8376,3181
8377,3179
8378,3248
8379,3043
8380,3055
8381,3032
8382,2942
8383,2890
8384,2926
8385,2884
8386,2816
8387,2753
8388,2672
8389,2632
8390,2638
8391,2608
8392,2539
8393,2559
8394,2431
8395,2413
8396,2437
8397,2302
8398,2236
8399,2241
8400,2276
8401,2218
8402,2220
8403,2113
8404,2120
8405,1985
8406,2073
8407,2057
8408,1975
8409,1960
8410,1954
8411,2020
8412,1786
8413,1808
8414,1793
8415,1739
8416,1755
8417,1732
8418,1681
8419,1599
8420,1624
8421,1584
8422,1551
8423,1459
8424,1457
8425,1409
8426,1440
8427,1479
8428,1413
8429,1397
8430,1303
8431,1250
8432,1301
8433,1257
8434,1261
8435,1195
8436,1217
8437,1200
8438,1111
8439,1062
8440,1118
8441,1065
8442,1021
8443,1044
8444,971
8445,991
8446,1015
8447,909
8448,910
8449,902
8450,901
8451,839
8452,830
8453,839
8454,794
8455,824
8456,744
8457,748
8458,708
8459,747
8460,672
8461,667
8462,683
8463,703
8464,637
8465,603
8466,635
8467,611
8468,616
8469,587
8470,539
8471,576
8472,602
8473,533
8474,531
8475,550
8476,522
8477,501
8478,490
8479,438
8480,475
8481,421
8482,422
8483,441
8484,392
8485,396
8486,395
8487,399
8488,364
8489,389
8490,358
8491,327
8492,296
8493,341
8494,310
8495,322
8496,307
8497,295
8498,286
8499,276
8500,264
8501,254
8502,268
8503,258
8504,250
8505,228
8506,241
8507,229
8508,228
8509,211
8510,203
8511,200
8512,200
8513,208
8514,178
8515,171
8516,173
8517,171
8518,147
8519,155
8520,151
8521,155
8522,142
8523,150
8524,148
8525,140
8526,151
8527,97
8528,127
8529,123
8530,113
8531,92
8532,107
8533,102
8534,135
8535,99
8536,85
8537,85
8538,89
8539,78
8540,95
8541,99
8542,78
8543,78
8544,68
8545,68
8546,74
8547,65
8548,62
8549,66
8550,69
8551,52
8552,72
8553,60
8554,54
8555,50
8556,45
8557,49
8558,62
8559,45
8560,45
8561,53
8562,44
8563,34
8564,47
8565,57
8566,24
8567,33
8568,30
8569,34
8570,23
8571,27
8572,20
8573,27
8574,30
8575,36
8576,24
8577,21
8578,25
8579,15
8580,24
8581,33
8582,24
8583,23
8584,23
8585,20
8586,13
8587,21
8588,13
8589,13
8590,16
8591,15
8592,14
8593,9
8594,15
8595,13
8596,14
8597,11
8598,11
8599,10
8600,17
8601,3
8602,10
8603,6
8604,12
8605,7
8606,9
8607,4
8608,8
8609,13
8610,3
8611,9
8612,4
8613,9
8614,3
8615,5
8616,3
8617,5
8618,7
8619,1
8620,7
8621,3
8622,6
8623,4
8624,3
8625,8
8626,3
8627,4
8628,4
8629,3
8630,2
8631,3
8632,2
8633,1
8635,2
8636,5
8637,2
8638,3
8639,1
8640,2
8641,3
8645,1
8646,2
8647,2
8649,3
8650,3
8651,2
8653,1
8654,1
8655,1
8659,1
8660,1
8661,1
8663,1
8664,2
8666,1
8667,2
8669,3
8670,1
8674,1
8679,1
8681,1
