101,1
108,2
109,1
112,3
113,1
114,3
115,4
116,4
117,4
118,3
119,6
120,3
121,6
122,7
123,9
124,5
125,11
126,15
127,8
128,8
129,14
130,25
131,20
132,26
133,30
134,31
135,41
136,27
137,40
138,44
139,58
140,48
141,66
142,82
143,84
144,78
145,118
146,103
147,125
148,123
149,140
150,169
151,178
152,175
153,231
154,228
155,244
156,279
157,308
158,318
159,330
160,375
161,439
162,446
163,446
164,535
165,578
166,624
167,645
168,727
169,749
170,800
171,866
172,852
173,1038
174,1012
175,1067
176,1157
177,1176
178,1338
179,1348
180,1455
181,1531
182,1604
183,1677
184,1740
185,1913
186,1968
187,1975
188,2191
189,2218
190,2308
191,2442
192,2557
193,2590
194,2865
195,2883
196,3014
197,3134
198,3189
199,3355
200,3647
201,3583
202,3839
203,4000
204,4142
205,4296
206,4289
207,4418
208,4631
209,4881
210,4867
211,5043
212,5148
213,5437
214,5528
215,5849
216,5961
217,6111
218,6305
219,6397
220,6768
221,6725
222,6928
223,7059
224,7240
225,7506
226,7576
227,7982
228,8136
229,8220
230,8423
231,8481
232,8753
233,9176
234,9063
235,9224
236,9520
237,9701
238,9806
239,10206
240,10477
241,10417
242,10883
243,10985
244,11154
245,11486
246,11417
247,11636
248,12025
249,12193
250,12402
251,12523
252,12876
253,12922
254,13066
255,13608
256,13517
257,13886
258,13998
259,14230
260,14443
261,14649
262,14725
263,15261
264,15104
265,15437
266,15571
267,15912
268,15996
269,15965
270,16413
271,16502
272,16935
273,17007
274,17132
275,17281
276,17697
277,17748
278,17919
279,17941
280,18280
281,18366
282,18796
283,18896
284,19081
285,19287
286,19482
287,19793
288,19824
289,19980
290,20364
291,20352
292,20606
293,20768
294,21010
295,21014
296,21385
297,21531
298,21395
299,22109
300,22207
301,22343
302,22532
303,22718
304,22939
305,22895
306,23267
307,23249
308,23582
309,23692
310,23710
311,24333
312,24384
313,24541
314,24549
315,24978
316,24994
317,24939
318,25394
319,25458
320,25706
321,25823
322,25968
323,26062
324,26628
325,26364
326,26314
327,27099
328,26935
329,27043
330,27296
331,27649
332,27581
333,28013
334,28126
335,28285
336,28144
337,28529
338,28610
339,28735
340,28788
341,28925
342,29073
343,29048
344,29148
345,29888
346,29592
347,29751
348,30041
349,30259
350,30529
351,30615
352,30574
353,30838
354,30802
355,30811
356,31242
357,31344
358,31352
359,31552
360,31338
361,31978
362,31863
363,32043
364,32120
365,32413
366,32431
367,32560
368,32552
369,32729
370,32814
371,33104
372,32729
373,33244
374,33408
375,33945
376,33831
377,33885
378,34130
379,34161
380,34115
381,34523
382,34390
383,34764
384,34520
385,34725
386,35114
387,34606
388,34905
389,35157
390,35299
391,35544
392,35557
393,35720
394,35938
395,35795
396,35928
397,36200
398,36362
399,36825
400,36811
401,36506
402,36915
403,37171
404,37282
405,36882
406,37291
407,37330
408,37276
409,37905
410,37711
411,38034
412,37767
413,37830
414,38300
415,37972
416,38383
417,38469
418,38420
419,38296
420,38690
421,38319
422,39171
423,38244
424,38987
425,38875
426,38796
427,38992
428,39149
429,39306
430,39618
431,39393
432,39293
433,39285
434,39574
435,39727
436,39840
437,39390
438,39578
439,39962
440,39617
441,39582
442,39681
443,40247
444,39574
445,39929
446,39683
447,39786
448,40017
449,39871
450,39597
451,39944
452,39600
453,40111
454,39631
455,40048
456,39918
457,40264
458,39988
459,39929
460,40075
461,39522
462,39732
463,39505
464,39663
465,39581
466,39441
467,39124
468,39414
469,39460
470,39466
471,39113
472,39126
473,38923
474,39063
475,38712
476,38444
477,38736
478,38868
479,38522
480,38632
481,38609
482,38878
483,38432
484,37943
485,37961
486,38180
487,38062
488,37997
489,38026
490,37503
491,37606
492,37698
493,37396
494,37284
495,36993
496,37090
497,37014
498,36689
499,36785
500,36702
501,36393
502,36085
503,36099
504,36163
505,35886
506,35727
507,35550
508,35837
509,35578
510,35538
511,35422
512,34938
513,35068
514,34714
515,34738
516,35016
517,34441
518,34617
519,34387
520,33977
521,34026
522,33728
523,33854
524,33728
525,33402
526,33284
527,32966
528,33294
529,32696
530,32710
531,32834
532,32438
533,32482
534,32142
535,32255
536,32040
537,32145
538,31978
539,31858
540,31417
541,31121
542,31533
543,31245
544,30827
545,31035
546,31070
547,30629
548,30729
549,31066
550,30135
551,29906
552,30033
553,29601
554,29730
555,29645
556,29579
557,29187
558,29014
559,29161
560,28926
561,28619
562,28494
563,28699
564,28119
565,28217
566,28090
567,28013
568,27744
569,27462
570,27396
571,27167
572,26906
573,26910
574,26639
575,26767
576,26220
577,26148
578,25862
579,26000
580,25548
581,25092
582,25334
583,25247
584,24891
585,25002
586,24497
587,24280
588,24232
589,24062
590,24032
591,23817
592,23576
593,23567
594,23193
595,23056
596,23002
597,22570
598,22370
599,22593
600,21945
601,21914
602,21802
603,21280
604,21301
605,20963
606,20855
607,20800
608,20420
609,20474
610,20260
611,20021
612,19877
613,19736
614,19481
615,19066
616,19296
617,19018
618,18806
619,18633
620,18327
621,18101
622,17949
623,17829
624,17638
625,17300
626,17181
627,17045
628,16508
629,16269
630,16390
631,15923
632,16183
633,15753
634,15621
635,15429
636,15090
637,15179
638,14728
639,14506
640,14307
641,14031
642,14010
643,13833
644,13592
645,13372
646,13053
647,12948
648,12915
649,12746
650,12466
651,12270
652,11993
653,11721
654,11497
655,11473
656,11299
657,10859
658,10706
659,10618
660,10442
661,10078
662,10123
663,9926
664,9617
665,9415
666,9215
667,9130
668,8848
669,8684
670,8510
671,8231
672,7958
673,7916
674,7628
675,7570
676,7276
677,7214
678,7077
679,6790
680,6568
681,6338
682,6206
683,6116
684,6034
685,5778
686,5753
687,5559
688,5392
689,5122
690,5159
691,4763
692,4590
693,4518
694,4401
695,4296
696,4061
697,3960
698,3719
699,3714
700,3485
701,3379
702,3291
703,3013
704,2963
705,2955
706,2768
707,2704
708,2542
709,2442
710,2312
711,2228
712,2176
713,1996
714,1978
715,1875
716,1737
717,1637
718,1627
719,1568
720,1433
721,1328
722,1289
723,1199
724,1117
725,1108
726,1062
727,978
728,882
729,876
730,819
731,728
732,708
733,695
734,580
735,584
736,504
737,487
738,450
739,416
740,419
741,348
742,333
743,318
744,273
745,244
746,224
747,187
748,198
749,174
750,160
751,133
752,134
753,127
754,101
755,90
756,88
757,88
758,66
759,57
760,50
761,38
762,37
763,51
764,39
765,25
766,25
767,33
768,23
769,14
770,12
771,16
772,9
773,11
774,8
775,8
776,11
777,10
778,5
779,4
780,4
781,2
782,2
783,1
784,4
785,1
786,2
789,1
791,1
