82,1
83,1
84,1
85,4
86,7
87,5
88,3
89,8
90,11
91,4
92,6
93,12
94,12
95,14
96,19
97,18
98,33
99,22
100,26
101,38
102,32
103,51
104,48
105,54
106,76
107,80
108,84
109,86
110,96
111,117
112,96
113,125
114,133
115,155
116,166
117,188
118,200
119,216
120,223
121,279
122,281
123,328
124,370
125,345
126,372
127,384
128,453
129,470
130,510
131,610
132,608
133,667
134,676
135,713
136,756
137,810
138,867
139,948
140,1050
141,1046
142,1120
143,1139
144,1235
145,1300
146,1336
147,1424
148,1540
149,1589
150,1666
151,1683
152,1774
153,1889
154,1899
155,2000
156,2072
157,2209
158,2289
159,2382
160,2393
161,2603
162,2502
163,2672
164,2790
165,2867
166,2942
167,3081
168,3141
169,3180
170,3195
171,3375
172,3359
173,3546
174,3550
175,3774
176,3678
177,3686
178,3962
179,4052
180,4051
181,4115
182,4198
183,4174
184,4222
185,4283
186,4471
187,4397
188,4461
189,4554
190,4681
191,4595
192,4724
193,4796
194,4823
195,4815
196,4883
197,4922
198,4979
199,4993
200,5089
201,5081
202,5035
203,5137
204,5145
205,5186
206,5210
207,5199
208,5286
209,5277
210,5379
211,5350
212,5208
213,5387
214,5439
215,5391
216,5507
217,5401
218,5205
219,5441
220,5467
221,5462
222,5429
223,5489
224,5376
225,5533
226,5521
227,5559
228,5493
229,5328
230,5463
231,5351
232,5351
233,5472
234,5383
235,5563
236,5382
237,5334
238,5369
239,5340
240,5356
241,5325
242,5284
243,5343
244,5439
245,5356
246,5222
247,5278
248,5347
249,5181
250,5217
251,5232
252,5243
253,5116
254,5098
255,5108
256,5205
257,5099
258,5091
259,5020
260,5026
261,5002
262,4929
263,4969
264,4853
265,4802
266,4827
267,4797
268,4693
269,4811
270,4621
271,4706
272,4603
273,4575
274,4450
275,4410
276,4459
277,4392
278,4387
279,4335
280,4480
281,4291
282,4317
283,4259
284,4245
285,4116
286,4135
287,4126
288,3925
289,3903
290,3949
291,3996
292,3902
293,3939
294,3885
295,3804
296,3809
297,3702
298,3698
299,3470
300,3655
301,3595
302,3565
303,3404
304,3413
305,3396
306,3314
307,3433
308,3312
309,3207
310,3245
311,3207
312,3224
313,3203
314,3171
315,3170
316,3124
317,3173
318,3069
319,2969
320,2873
321,3011
322,2941
323,2903
324,2912
325,2975
326,2727
327,2817
328,2796
329,2672
330,2771
331,2692
332,2645
333,2646
334,2640
335,2545
336,2545
337,2646
338,2519
339,2509
340,2472
341,2393
342,2446
343,2524
344,2393
345,2378
346,2251
347,2326
348,2267
349,2159
350,2129
351,2189
352,2128
353,2135
354,2206
355,2159
356,2106
357,2112
358,2029
359,2120
360,2044
361,2021
362,2034
363,1976
364,1948
365,1897
366,1818
367,1860
368,1870
369,1778
370,1843
371,1882
372,1795
373,1703
374,1738
375,1759
376,1713
377,1723
378,1674
379,1700
380,1731
381,1627
382,1628
383,1620
384,1604
385,1642
386,1557
387,1577
388,1650
389,1565
390,1539
391,1508
392,1488
393,1519
394,1525
395,1551
396,1565
397,1496
398,1461
399,1478
400,1440
401,1465
402,1473
403,1455
404,1477
405,1440
406,1458
407,1425
408,1460
409,1428
410,1444
411,1390
412,1494
413,1480
414,1408
415,1428
416,1479
417,1417
418,1458
419,1507
420,1438
421,1468
422,1494
423,1443
424,1468
425,1448
426,1419
427,1506
428,1418
429,1479
430,1394
431,1418
432,1414
433,1508
434,1468
435,1395
436,1476
437,1417
438,1427
439,1417
440,1417
441,1389
442,1444
443,1424
444,1424
445,1356
446,1379
447,1370
448,1354
449,1377
450,1337
451,1427
452,1463
453,1390
454,1389
455,1325
456,1412
457,1369
458,1403
459,1411
460,1397
461,1428
462,1339
463,1445
464,1418
465,1403
466,1443
467,1448
468,1441
469,1383
470,1437
471,1429
472,1424
473,1463
474,1423
475,1454
476,1382
477,1455
478,1398
479,1477
480,1469
481,1426
482,1393
483,1374
484,1488
485,1479
486,1419
487,1420
488,1428
489,1422
490,1423
491,1537
492,1407
493,1404
494,1487
495,1477
496,1500
497,1451
498,1536
499,1445
500,1436
501,1547
502,1418
503,1477
504,1502
505,1492
506,1583
507,1510
508,1492
509,1549
510,1630
511,1604
512,1598
513,1485
514,1594
515,1570
516,1645
517,1615
518,1667
519,1637
520,1598
521,1723
522,1707
523,1689
524,1781
525,1697
526,1789
527,1714
528,1815
529,1887
530,1822
531,1820
532,1864
533,1894
534,1932
535,1880
536,1936
537,1993
538,1964
539,1934
540,2014
541,2046
542,2004
543,2062
544,2044
545,2072
546,2087
547,2162
548,2148
549,2182
550,2245
551,2276
552,2320
553,2323
554,2359
555,2364
556,2383
557,2349
558,2379
559,2473
560,2517
561,2482
562,2554
563,2613
564,2618
565,2611
566,2566
567,2698
568,2639
569,2664
570,2674
571,2777
572,2655
573,2882
574,2817
575,2973
576,2888
577,2823
578,2950
579,2901
580,2978
581,2941
582,3054
583,3045
584,3011
585,3140
586,3180
587,3254
588,3210
589,3252
590,3291
591,3296
592,3370
593,3426
594,3373
595,3418
596,3468
597,3377
598,3519
599,3490
600,3547
601,3623
602,3626
603,3726
604,3860
605,3763
606,3742
607,3750
608,3861
609,3963
610,4001
611,3916
612,4080
613,4024
614,4116
615,4194
616,4186
617,4179
618,4284
619,4340
620,4366
621,4407
622,4385
623,4435
624,4501
625,4627
626,4475
627,4508
628,4603
629,4701
630,4716
631,4737
632,4726
633,4841
634,4795
635,4777
636,4801
637,4937
638,5061
639,4898
640,5112
641,5187
642,5042
643,5046
644,5276
645,5187
646,5176
647,5073
648,5231
649,5283
650,5234
651,5243
652,5314
653,5223
654,5242
655,5376
656,5460
657,5413
658,5353
659,5351
660,5404
661,5454
662,5312
663,5494
664,5412
665,5563
666,5266
667,5547
668,5305
669,5460
670,5496
671,5333
672,5241
673,5376
674,5608
675,5342
676,5323
677,5463
678,5379
679,5389
680,5366
681,5516
682,5553
683,5371
684,5412
685,5425
686,5394
687,5434
688,5345
689,5310
690,5233
691,5233
692,5214
693,5134
694,5204
695,5184
696,5118
697,5123
698,5083
699,5233
700,5084
701,5012
702,5103
703,4915
704,4862
705,4738
706,4890
707,4774
708,4853
709,4665
710,4669
711,4552
712,4483
713,4472
714,4300
715,4256
716,4427
717,4222
718,4199
719,4180
720,4009
721,3972
722,3853
723,3836
724,3742
725,3702
726,3509
727,3457
728,3423
729,3474
730,3313
731,3166
732,3090
733,3070
734,2944
735,2868
736,2713
737,2787
738,2552
739,2587
740,2465
741,2313
742,2239
743,2137
744,2095
745,2006
746,1976
747,1818
748,1747
749,1636
750,1710
751,1584
752,1517
753,1452
754,1356
755,1321
756,1235
757,1204
758,1150
759,1005
760,1002
761,935
762,875
763,810
764,777
765,754
766,728
767,644
768,553
769,584
770,511
771,481
772,481
773,425
774,389
775,347
776,372
777,338
778,268
779,248
780,241
781,224
782,220
783,167
784,160
785,160
786,143
787,128
788,109
789,121
790,107
791,77
792,79
793,73
794,55
795,49
796,55
797,40
798,36
799,44
800,27
801,35
802,20
803,18
804,13
805,17
806,18
807,16
808,6
809,11
810,6
811,6
812,5
814,2
815,4
816,6
817,2
818,3
