84,1
86,1
89,1
91,4
92,1
93,4
94,5
95,3
96,9
97,11
98,25
99,16
100,26
101,21
102,38
103,43
104,53
105,41
106,59
107,73
108,103
109,116
110,119
111,132
112,157
113,196
114,180
115,207
116,273
117,277
118,304
119,334
120,384
121,433
122,527
123,479
124,539
125,564
126,636
127,684
128,769
129,761
130,858
131,939
132,985
133,1053
134,1059
135,1156
136,1244
137,1338
138,1393
139,1473
140,1698
141,1684
142,1800
143,1836
144,1922
145,2063
146,2018
147,2222
148,2287
149,2364
150,2639
151,2648
152,2736
153,2796
154,3012
155,3024
156,3199
157,3315
158,3423
159,3506
160,3550
161,3701
162,3802
163,3856
164,4079
165,4155
166,4287
167,4308
168,4517
169,4596
170,4707
171,4778
172,4718
173,4782
174,4895
175,5101
176,5164
177,5023
178,5229
179,5295
180,5556
181,5516
182,5543
183,5567
184,5668
185,5623
186,5786
187,5673
188,6041
189,5849
190,5933
191,5878
192,5941
193,5959
194,6092
195,6044
196,6141
197,6074
198,6083
199,6148
200,6076
201,6133
202,6267
203,6134
204,6252
205,6184
206,6093
207,6174
208,5988
209,6140
210,6050
211,6192
212,6212
213,5993
214,6048
215,5973
216,6070
217,6107
218,5999
219,5884
220,5976
221,5805
222,5952
223,5765
224,5881
225,5874
226,5857
227,5920
228,5699
229,5715
230,5719
231,5676
232,5708
233,5377
234,5603
235,5445
236,5564
237,5378
238,5381
239,5330
240,5470
241,5235
242,5305
243,5075
244,5146
245,5190
246,5171
247,5002
248,4885
249,4909
250,4841
251,4862
252,4851
253,4792
254,4756
255,4639
256,4576
257,4520
258,4586
259,4350
260,4424
261,4409
262,4291
263,4298
264,4132
265,4026
266,4202
267,3966
268,3982
269,4042
270,3928
271,3792
272,3894
273,3960
274,3766
275,3789
276,3716
277,3658
278,3561
279,3566
280,3621
281,3576
282,3518
283,3518
284,3395
285,3428
286,3353
287,3372
288,3262
289,3230
290,3232
291,3262
292,3165
293,3122
294,3186
295,3007
296,2914
297,3005
298,2970
299,2894
300,2908
301,2971
302,2865
303,2824
304,2755
305,2833
306,2791
307,2754
308,2700
309,2666
310,2581
311,2641
312,2487
313,2585
314,2516
315,2451
316,2414
317,2411
318,2386
319,2391
320,2344
321,2314
322,2274
323,2270
324,2346
325,2201
326,2231
327,2170
328,2110
329,2257
330,2074
331,2084
332,2095
333,2071
334,2073
335,2048
336,1991
337,2072
338,1988
339,1901
340,1964
341,1931
342,2013
343,1957
344,1848
345,1798
346,1916
347,1932
348,1835
349,1880
350,1744
351,1815
352,1778
353,1705
354,1678
355,1831
356,1721
357,1710
358,1706
359,1689
360,1627
361,1642
362,1614
363,1677
364,1625
365,1547
366,1515
367,1565
368,1550
369,1562
370,1471
371,1474
372,1520
373,1449
374,1436
375,1446
376,1462
377,1347
378,1400
379,1364
380,1391
381,1427
382,1440
383,1363
384,1340
385,1372
386,1352
387,1378
388,1325
389,1343
390,1300
391,1340
392,1284
393,1305
394,1228
395,1244
396,1239
397,1291
398,1182
399,1215
400,1159
401,1219
402,1245
403,1155
404,1175
405,1143
406,1143
407,1172
408,1099
409,1148
410,1220
411,1121
412,1136
413,1154
414,1116
415,1138
416,1152
417,1090
418,1080
419,1140
420,1119
421,1065
422,1123
423,1045
424,1070
425,1070
426,1036
427,1061
428,1035
429,1052
430,1066
431,1052
432,1003
433,1006
434,1045
435,963
436,987
437,999
438,936
439,993
440,979
441,945
442,951
443,962
444,943
445,987
446,967
447,939
448,1002
449,936
450,934
451,1002
452,921
453,974
454,928
455,993
456,940
457,899
458,1020
459,978
460,979
461,984
462,1021
463,1010
464,998
465,1061
466,1009
467,1011
468,1001
469,1048
470,996
471,1070
472,994
473,1023
474,1059
475,1050
476,1023
477,1021
478,1077
479,1134
480,1089
481,1107
482,1110
483,1127
484,1087
485,1158
486,1100
487,1108
488,1230
489,1150
490,1158
491,1208
492,1164
493,1217
494,1189
495,1148
496,1141
497,1157
498,1169
499,1182
500,1216
501,1265
502,1245
503,1261
504,1260
505,1315
506,1275
507,1259
508,1292
509,1424
510,1254
511,1295
512,1330
513,1323
514,1382
515,1362
516,1330
517,1403
518,1418
519,1435
520,1310
521,1313
522,1406
523,1440
524,1496
525,1488
526,1503
527,1503
528,1567
529,1432
530,1393
531,1500
532,1536
533,1549
534,1577
535,1604
536,1593
537,1597
538,1612
539,1615
540,1597
541,1665
542,1687
543,1730
544,1745
545,1679
546,1699
547,1808
548,1797
549,1844
550,1832
551,1848
552,1860
553,1788
554,1845
555,1865
556,1859
557,1935
558,1876
559,1948
560,1875
561,2002
562,2017
563,1988
564,1921
565,2076
566,2041
567,2135
568,2014
569,2103
570,2133
571,2224
572,2173
573,2193
574,2246
575,2190
576,2200
577,2214
578,2293
579,2297
580,2373
581,2398
582,2462
583,2407
584,2432
585,2524
586,2375
587,2546
588,2568
589,2541
590,2578
591,2701
592,2607
593,2623
594,2843
595,2782
596,2804
597,2742
598,2700
599,2863
600,2900
601,2983
602,2909
603,3012
604,2918
605,2968
606,3108
607,3134
608,3143
609,3134
610,3250
611,3213
612,3342
613,3251
614,3369
615,3356
616,3462
617,3499
618,3516
619,3635
620,3590
621,3682
622,3628
623,3626
624,3686
625,3734
626,3767
627,3934
628,3763
629,3876
630,4013
631,3947
632,4043
633,3984
634,4148
635,4218
636,4289
637,4420
638,4343
639,4403
640,4475
641,4319
642,4503
643,4515
644,4570
645,4603
646,4592
647,4609
648,4796
649,4863
650,4982
651,4870
652,5084
653,5089
654,5104
655,5133
656,5270
657,5099
658,5333
659,5368
660,5396
661,5391
662,5344
663,5411
664,5596
665,5522
666,5885
667,5610
668,5684
669,5655
670,5685
671,5907
672,5773
673,5847
674,5890
675,5893
676,5940
677,6003
678,5916
679,5869
680,6089
681,5955
682,6156
683,6018
684,6051
685,5986
686,6373
687,6151
688,6184
689,6089
690,6291
691,6256
692,6232
693,6206
694,6360
695,6298
696,6270
697,6253
698,6257
699,6167
700,6284
701,6097
702,6099
703,6090
704,6204
705,6152
706,6069
707,6017
708,5953
709,5827
710,5944
711,5889
712,5971
713,5819
714,5739
715,5608
716,5693
717,5568
718,5634
719,5357
720,5488
721,5232
722,5290
723,5219
724,5184
725,4918
726,4865
727,4764
728,4739
729,4680
730,4549
731,4413
732,4353
733,4287
734,4060
735,4102
736,3940
737,3904
738,3844
739,3728
740,3528
741,3421
742,3378
743,3224
744,3167
745,3052
746,2950
747,2849
748,2717
749,2575
750,2559
751,2348
752,2341
753,2234
754,2138
755,1925
756,1977
757,1843
758,1724
759,1703
760,1599
761,1465
762,1331
763,1303
764,1220
765,1189
766,1117
767,1028
768,923
769,888
770,844
771,764
772,757
773,666
774,656
775,621
776,541
777,507
778,464
779,355
780,378
781,320
782,322
783,272
784,264
785,225
786,203
787,165
788,151
789,134
790,139
791,87
792,92
793,67
794,85
795,56
796,49
797,39
798,36
799,32
800,29
801,19
802,15
803,7
804,13
805,9
806,6
807,1
808,2
809,1
810,1
811,2
812,2
813,1
814,1
