66,3
68,2
69,2
70,2
71,9
72,12
73,18
74,13
75,21
76,30
77,36
78,53
79,54
80,74
81,86
82,97
83,124
84,155
85,173
86,235
87,266
88,300
89,353
90,391
91,474
92,530
93,672
94,757
95,828
96,1016
97,1098
98,1244
99,1356
100,1576
101,1726
102,1892
103,2185
104,2529
105,2736
106,2992
107,3373
108,3638
109,3967
110,4456
111,4892
112,5186
113,5786
114,6277
115,6701
116,7346
117,7725
118,8342
119,9058
120,9619
121,10265
122,11184
123,11892
124,12377
125,13188
126,14198
127,14947
128,15840
129,16633
130,17359
131,18511
132,19174
133,20279
134,21331
135,21927
136,23237
137,23674
138,25125
139,25919
140,27047
141,28018
142,28864
143,29995
144,30639
145,31651
146,32356
147,33814
148,34561
149,35753
150,36918
151,37257
152,38159
153,39314
154,40196
155,40771
156,41347
157,42363
158,42984
159,43279
160,43882
161,44591
162,45387
163,45770
164,46497
165,46923
166,47102
167,48341
168,47808
169,48369
170,48139
171,48854
172,49481
173,49511
174,49435
175,50016
176,49708
177,50080
178,49385
179,49712
180,49836
181,49991
182,49391
183,49756
184,49703
185,49325
186,49487
187,48964
188,48274
189,48544
190,48416
191,47826
192,48333
193,47188
194,47462
195,46914
196,46632
197,46077
198,45771
199,45151
200,44860
201,44756
202,44588
203,43758
204,43572
205,42781
206,42381
207,42680
208,42027
209,41742
210,40695
211,40696
212,39985
213,39806
214,39015
215,39017
216,38409
217,38073
218,37480
219,37124
220,36451
221,35998
222,35784
223,34995
224,34598
225,34523
226,33634
227,33156
228,32441
229,32234
230,31866
231,31089
232,30823
233,30061
234,30137
235,29481
236,28928
237,28419
238,27828
239,27552
240,27098
241,26438
242,26083
243,25819
244,25395
245,24708
246,24392
247,24126
248,23891
249,23282
250,22694
251,22407
252,21778
253,21876
254,21430
255,20808
256,20521
257,20350
258,19668
259,19668
260,18971
261,18708
262,18398
263,18187
264,17887
265,17427
266,17127
267,16713
268,16382
269,16306
270,15919
271,15646
272,15141
273,15162
274,14975
275,14511
276,14417
277,14268
278,13908
279,13546
280,13609
281,13385
282,12911
283,12804
284,12322
285,12292
286,12213
287,11834
288,11858
289,11515
290,11550
291,11348
292,11031
293,10823
294,10724
295,10653
296,10609
297,10551
298,10206
299,10073
300,10026
301,9615
302,9827
303,9396
304,9460
305,9292
306,9123
307,8936
308,8759
309,8799
310,8555
311,8579
312,8160
313,7986
314,8061
315,7942
316,7843
317,7677
318,7463
319,7404
320,7440
321,7191
322,6924
323,6945
324,6779
325,6556
326,6441
327,6492
328,6459
329,6236
330,6190
331,6016
332,5970
333,5666
334,5747
335,5802
336,5490
337,5383
338,5386
339,5351
340,5250
341,5122
342,5156
343,5114
344,4972
345,4941
346,4940
347,4777
348,4701
349,4612
350,4505
351,4467
352,4442
353,4471
354,4465
355,4305
356,4301
357,4299
358,4237
359,4187
360,4087
361,3995
362,4072
363,3962
364,4003
365,3933
366,3969
367,3813
368,3846
369,4003
370,3886
371,3839
372,3767
373,3743
374,3636
375,3714
376,3656
377,3582
378,3633
379,3546
380,3563
381,3483
382,3511
383,3559
384,3404
385,3457
386,3403
387,3384
388,3339
389,3462
390,3400
391,3379
392,3376
393,3382
394,3342
395,3362
396,3374
397,3415
398,3282
399,3211
400,3274
401,3374
402,3323
403,3265
404,3225
405,3275
406,3223
407,3108
408,3183
409,3130
410,3096
411,3152
412,2910
413,3122
414,3039
415,3048
416,2938
417,3105
418,3032
419,2946
420,3000
421,2868
422,2851
423,2810
424,2896
425,2833
426,2882
427,2827
428,2748
429,2777
430,2660
431,2668
432,2659
433,2704
434,2596
435,2542
436,2705
437,2635
438,2589
439,2567
440,2509
441,2504
442,2467
443,2562
444,2512
445,2445
446,2560
447,2491
448,2507
449,2409
450,2492
451,2415
452,2532
453,2520
454,2574
455,2545
456,2506
457,2473
458,2518
459,2492
460,2576
461,2587
462,2598
463,2566
464,2597
465,2610
466,2700
467,2753
468,2634
469,2695
470,2737
471,2750
472,2811
473,2684
474,2838
475,2860
476,2821
477,2855
478,2892
479,2948
480,2967
481,2834
482,3074
483,3117
484,2962
485,3021
486,2993
487,3074
488,3051
489,3169
490,3040
491,3025
492,3103
493,3127
494,3164
495,3147
496,3261
497,3156
498,3266
499,3334
500,3291
501,3387
502,3395
503,3234
504,3264
505,3307
506,3302
507,3402
508,3398
509,3416
510,3422
511,3329
512,3515
513,3383
514,3461
515,3555
516,3543
517,3602
518,3469
519,3675
520,3442
521,3574
522,3674
523,3718
524,3669
525,3687
526,3758
527,3705
528,3692
529,3840
530,3827
531,3892
532,3780
533,3904
534,3851
535,4035
536,3995
537,4130
538,4041
539,4140
540,4096
541,4208
542,4304
543,4250
544,4299
545,4324
546,4391
547,4445
548,4391
549,4552
550,4519
551,4600
552,4659
553,4745
554,4787
555,4792
556,4899
557,5095
558,5037
559,5195
560,5196
561,5327
562,5312
563,5678
564,5709
565,5696
566,5808
567,5955
568,5988
569,5924
570,6129
571,6219
572,6266
573,6409
574,6491
575,6571
576,6656
577,6962
578,7065
579,7057
580,7293
581,7426
582,7598
583,7609
584,7845
585,7998
586,8114
587,8229
588,8393
589,8388
590,8594
591,8694
592,8638
593,8856
594,9093
595,9267
596,9450
597,9661
598,9657
599,9775
600,9886
601,10158
602,10251
603,10385
604,10496
605,10609
606,10703
607,10959
608,11019
609,11176
610,11420
611,11678
612,11771
613,12084
614,12378
615,12168
616,12464
617,12659
618,13178
619,13122
620,13609
621,13610
622,13798
623,14100
624,14361
625,14455
626,14917
627,15070
628,15445
629,15536
630,15947
631,15973
632,16598
633,16904
634,17042
635,17469
636,17885
637,17782
638,18560
639,18725
640,19105
641,19179
642,19825
643,20215
644,20300
645,21021
646,21280
647,21925
648,21966
649,22333
650,22916
651,23257
652,23841
653,23950
654,24578
655,24829
656,25387
657,25860
658,26043
659,26692
660,26981
661,27698
662,28257
663,28203
664,29039
665,29203
666,29699
667,30319
668,30453
669,31517
670,31750
671,32085
672,32670
673,33258
674,33754
675,34346
676,34561
677,35335
678,35520
679,36151
680,36547
681,36921
682,37607
683,38105
684,38355
685,38464
686,39543
687,39714
688,40212
689,40656
690,41078
691,41348
692,41895
693,42239
694,42592
695,43348
696,43312
697,43976
698,44266
699,44695
700,45065
701,45413
702,45847
703,46114
704,46440
705,47181
706,47075
707,47481
708,47980
709,47854
710,48272
711,48341
712,48377
713,48838
714,49077
715,49082
716,49724
717,49939
718,49745
719,49829
720,49598
721,50073
722,50175
723,50029
724,49970
725,49436
726,49507
727,49301
728,48794
729,48816
730,48780
731,48534
732,48049
733,47833
734,47583
735,46637
736,46579
737,45943
738,45787
739,44968
740,44540
741,43339
742,42827
743,42551
744,41463
745,40635
746,39765
747,38878
748,38109
749,37652
750,36387
751,35720
752,34623
753,33912
754,32724
755,31773
756,30783
757,30088
758,28949
759,28183
760,26951
761,25812
762,25265
763,24155
764,23172
765,22184
766,21082
767,20304
768,19120
769,18284
770,17425
771,16450
772,15627
773,14999
774,13934
775,13234
776,12684
777,11622
778,11102
779,10401
780,9537
781,9124
782,8372
783,7928
784,7221
785,6690
786,6321
787,5726
788,5273
789,4778
790,4430
791,4075
792,3753
793,3286
794,2990
795,2787
796,2471
797,2192
798,2005
799,1735
800,1568
801,1373
802,1256
803,1113
804,1007
805,839
806,794
807,660
808,564
809,496
810,377
811,340
812,308
813,260
814,222
815,177
816,155
817,124
818,96
819,86
820,78
821,58
822,47
823,34
824,34
825,21
826,16
827,11
828,16
829,10
830,4
831,3
832,3
834,2
