89,1
91,1
93,1
94,1
96,1
97,1
99,4
100,3
101,5
102,12
103,6
104,9
105,14
106,13
107,15
108,25
109,23
110,27
111,28
112,37
113,45
114,54
115,55
116,88
117,86
118,74
119,114
120,114
121,148
122,151
123,197
124,194
125,240
126,298
127,274
128,332
129,394
130,401
131,489
132,531
133,583
134,685
135,709
136,790
137,857
138,891
139,1007
140,1121
141,1203
142,1237
143,1472
144,1476
145,1634
146,1836
147,1944
148,2113
149,2185
150,2365
151,2489
152,2740
153,2811
154,2933
155,3195
156,3399
157,3534
158,3882
159,4015
160,4346
161,4475
162,4738
163,5009
164,5125
165,5526
166,5834
167,5995
168,6082
169,6487
170,6830
171,6960
172,7317
173,7553
174,7901
175,8288
176,8488
177,8874
178,9087
179,9461
180,9537
181,9980
182,10269
183,10299
184,10884
185,11254
186,11405
187,11887
188,12155
189,12480
190,12730
191,13149
192,13372
193,13639
194,14045
195,14353
196,14630
197,14970
198,15370
199,15598
200,15789
201,16156
202,16271
203,16657
204,17108
205,17510
206,17862
207,17827
208,18087
209,18390
210,18735
211,19093
212,19298
213,19718
214,20025
215,20005
216,19923
217,20589
218,20695
219,20922
220,21267
221,21506
222,21549
223,22156
224,21771
225,22386
226,22398
227,22670
228,23030
229,22981
230,23228
231,23234
232,23553
233,23652
234,24028
235,24212
236,24190
237,24427
238,24403
239,24396
240,24580
241,24895
242,25058
243,25099
244,25192
245,25296
246,25676
247,25548
248,25735
249,25819
250,25946
251,25636
252,25717
253,25944
254,26235
255,26218
256,25932
257,26518
258,26509
259,26238
260,26432
261,26310
262,26477
263,26830
264,26760
265,26375
266,26398
267,26894
268,26480
269,26553
270,26612
271,26522
272,26743
273,26788
274,26516
275,26441
276,26515
277,27112
278,26989
279,27057
280,26385
281,26456
282,26822
283,26479
284,26740
285,26832
286,26567
287,26689
288,26242
289,26189
290,26721
291,26468
292,26412
293,26395
294,26646
295,26171
296,26344
297,26177
298,25776
299,26378
300,26467
301,26065
302,26100
303,25897
304,25970
305,26017
306,26193
307,25713
308,25725
309,25585
310,25733
311,25665
312,25869
313,25240
314,25446
315,25537
316,25096
317,25478
318,25334
319,25469
320,25786
321,24925
322,24943
323,25126
324,25088
325,25278
326,24836
327,25042
328,24622
329,24742
330,24523
331,24465
332,24532
333,24123
334,24393
335,24071
336,24314
337,23976
338,23754
339,23930
340,24105
341,23975
342,23707
343,23667
344,23679
345,23482
346,23291
347,23238
348,23507
349,23173
350,22846
351,23479
352,22745
353,22968
354,22820
355,23100
356,22899
357,22768
358,22944
359,22891
360,22506
361,22338
362,22502
363,22176
364,22261
365,22273
366,22233
367,22017
368,21925
369,22078
370,22000
371,22174
372,21800
373,22163
374,21653
375,21854
376,21794
377,21773
378,21659
379,21507
380,21593
381,21525
382,21654
383,21538
384,21493
385,21166
386,21312
387,21662
388,21567
389,21310
390,21514
391,21347
392,21308
393,21314
394,21237
395,21272
396,20940
397,21420
398,21171
399,21117
400,21105
401,21181
402,21133
403,21368
404,20910
405,21058
406,21116
407,21035
408,20994
409,21152
410,21104
411,20833
412,20904
413,21068
414,20843
415,21027
416,21000
417,20937
418,21007
419,20995
420,20802
421,21037
422,20796
423,20984
424,20887
425,20561
426,21003
427,20895
428,20775
429,20691
430,20799
431,20874
432,20789
433,21028
434,20818
435,21200
436,21249
437,20801
438,20840
439,20823
440,20665
441,20770
442,20833
443,21019
444,20941
445,21020
446,20668
447,20946
448,20988
449,20613
450,21124
451,20668
452,20791
453,20753
454,20839
455,20912
456,20828
457,20865
458,20735
459,20906
460,20925
461,20959
462,20702
463,20669
464,20893
465,20949
466,20787
467,21119
468,20828
469,20581
470,20806
471,20797
472,20870
473,20850
474,20810
475,20863
476,20985
477,20828
478,20900
479,20782
480,20765
481,20937
482,21058
483,20863
484,21151
485,20600
486,21106
487,21065
488,21335
489,21126
490,21268
491,20924
492,20934
493,21373
494,21213
495,21027
496,21098
497,21168
498,21005
499,21130
500,20977
501,21383
502,21339
503,21093
504,21339
505,21188
506,21471
507,21361
508,21445
509,21667
510,21439
511,21524
512,21651
513,21589
514,21419
515,21419
516,21328
517,21623
518,21596
519,21561
520,21716
521,21834
522,21723
523,21612
524,21848
525,21751
526,21764
527,22028
528,21784
529,22053
530,21996
531,22118
532,22085
533,22352
534,22078
535,22306
536,22177
537,22146
538,22457
539,22595
540,22634
541,22460
542,22385
543,22634
544,22932
545,22693
546,22841
547,22858
548,23152
549,22942
550,23207
551,23144
552,23034
553,23671
554,23406
555,23601
556,23727
557,23381
558,23668
559,23990
560,24011
561,23794
562,24114
563,24118
564,24298
565,24104
566,24112
567,24189
568,24403
569,24586
570,24515
571,24661
572,24999
573,24601
574,25029
575,24822
576,24974
577,25104
578,24897
579,25438
580,25481
581,25220
582,25359
583,25229
584,25459
585,25635
586,25273
587,25664
588,25431
589,25897
590,25618
591,25963
592,25981
593,25803
594,25791
595,25808
596,25849
597,26010
598,25965
599,26225
600,26233
601,25963
602,25884
603,26170
604,26269
605,26589
606,26386
607,26476
608,26591
609,26386
610,26633
611,26508
612,26362
613,26220
614,26420
615,26471
616,26683
617,26764
618,26858
619,26535
620,26558
621,26785
622,26497
623,26753
624,26917
625,26643
626,26899
627,26455
628,26979
629,26412
630,26514
631,26707
632,26822
633,26419
634,26340
635,26607
636,26714
637,26567
638,26470
639,26803
640,26564
641,26094
642,26120
643,26162
644,26401
645,26011
646,26012
647,26007
648,25928
649,25753
650,25513
651,25883
652,25572
653,25842
654,25224
655,25420
656,25298
657,25353
658,25281
659,24929
660,24707
661,24608
662,24589
663,24621
664,24315
665,24109
666,23788
667,23837
668,23634
669,23554
670,23485
671,22977
672,22884
673,22596
674,22369
675,22378
676,22041
677,21816
678,21351
679,21594
680,21062
681,21055
682,20676
683,20254
684,20232
685,19754
686,19814
687,19424
688,19323
689,18885
690,18768
691,18408
692,18199
693,17808
694,17428
695,17358
696,16995
697,16696
698,16392
699,16194
700,15894
701,15422
702,15368
703,14856
704,14786
705,14290
706,14062
707,13770
708,13468
709,12853
710,12718
711,12440
712,12046
713,12009
714,11311
715,11219
716,10929
717,10710
718,10324
719,9925
720,9749
721,9410
722,9105
723,8804
724,8548
725,8144
726,7911
727,7673
728,7487
729,7113
730,6766
731,6569
732,6091
733,5805
734,5785
735,5410
736,5189
737,5049
738,4645
739,4600
740,4254
741,3991
742,3741
743,3518
744,3505
745,3230
746,3030
747,2891
748,2620
749,2516
750,2372
751,2161
752,2029
753,1987
754,1756
755,1613
756,1503
757,1445
758,1295
759,1191
760,1094
761,1060
762,945
763,851
764,799
765,714
766,636
767,611
768,551
769,452
770,431
771,397
772,318
773,298
774,280
775,246
776,198
777,225
778,165
779,162
780,111
781,108
782,116
783,80
784,75
785,73
786,57
787,53
788,46
789,33
790,27
791,29
792,23
793,12
794,15
795,11
796,5
797,8
798,8
799,1
800,4
801,5
802,1
803,1
804,2
805,2
