93,1
100,1
104,1
106,1
107,1
108,2
109,1
110,1
111,1
112,2
113,3
114,1
115,2
116,1
117,2
119,1
120,2
121,2
122,2
123,1
124,5
125,7
126,4
127,11
128,7
129,7
130,5
131,12
132,8
133,9
134,12
135,13
136,21
137,7
138,7
139,17
140,24
141,31
142,22
143,28
144,29
145,37
146,34
147,40
148,49
149,42
150,48
151,49
152,65
153,66
154,77
155,69
156,78
157,78
158,77
159,91
160,96
161,95
162,119
163,136
164,156
165,154
166,161
167,184
168,179
169,193
170,212
171,227
172,198
173,250
174,261
175,278
176,299
177,294
178,368
179,340
180,347
181,361
182,381
183,432
184,455
185,448
186,453
187,504
188,534
189,564
190,596
191,593
192,651
193,709
194,675
195,709
196,706
197,793
198,783
199,804
200,898
201,908
202,986
203,919
204,993
205,1008
206,1066
207,1055
208,1130
209,1141
210,1156
211,1182
212,1225
213,1267
214,1369
215,1340
216,1409
217,1419
218,1434
219,1432
220,1485
221,1523
222,1578
223,1555
224,1663
225,1574
226,1656
227,1766
228,1732
229,1794
230,1770
231,1949
232,1936
233,1899
234,1952
235,2023
236,1973
237,2031
238,2005
239,2051
240,2118
241,2109
242,2186
243,2266
244,2279
245,2409
246,2304
247,2352
248,2319
249,2349
250,2468
251,2529
252,2499
253,2613
254,2475
255,2560
256,2559
257,2613
258,2693
259,2603
260,2694
261,2765
262,2799
263,2837
264,2827
265,2844
266,2860
267,2887
268,3037
269,2976
270,2911
271,2960
272,3035
273,3036
274,3141
275,3128
276,3141
277,3133
278,3168
279,3170
280,3248
281,3298
282,3379
283,3316
284,3386
285,3364
286,3398
287,3477
288,3473
289,3507
290,3486
291,3668
292,3656
293,3625
294,3624
295,3740
296,3591
297,3751
298,3726
299,3897
300,3905
301,3869
302,3818
303,3799
304,3896
305,3956
306,3993
307,3962
308,4019
309,4164
310,4011
311,4076
312,4168
313,4021
314,4281
315,4177
316,4200
317,4115
318,4302
319,4156
320,4196
321,4373
322,4383
323,4377
324,4383
325,4338
326,4597
327,4394
328,4479
329,4433
330,4553
331,4533
332,4378
333,4510
334,4503
335,4576
336,4532
337,4600
338,4579
339,4676
340,4438
341,4640
342,4671
343,4741
344,4736
345,4747
346,4694
347,4734
348,4657
349,4829
350,4805
351,4754
352,4751
353,4773
354,4754
355,4800
356,4842
357,4919
358,4842
359,4823
360,4920
361,4917
362,4858
363,4834
364,4779
365,4846
366,4908
367,4892
368,4980
369,4943
370,4999
371,4964
372,5001
373,4885
374,4947
375,5178
376,5117
377,4859
378,5107
379,5053
380,4976
381,5018
382,5095
383,5138
384,5060
385,5158
386,5111
387,5029
388,5066
389,5131
390,5202
391,5143
392,5202
393,5192
394,5279
395,5133
396,5135
397,5164
398,5276
399,5167
400,5068
401,5146
402,5164
403,5182
404,5291
405,5295
406,5274
407,5445
408,5362
409,5301
410,5272
411,5262
412,5345
413,5420
414,5414
415,5345
416,5412
417,5450
418,5515
419,5429
420,5399
421,5560
422,5533
423,5466
424,5528
425,5529
426,5524
427,5559
428,5494
429,5526
430,5679
431,5646
432,5670
433,5624
434,5568
435,5540
436,5621
437,5688
438,5686
439,5741
440,5583
441,5675
442,5639
443,5689
444,5840
445,5666
446,5685
447,5784
448,5653
449,5756
450,5732
451,5655
452,5667
453,5758
454,5760
455,5767
456,5702
457,5755
458,5737
459,5738
460,5599
461,5699
462,5681
463,5725
464,5708
465,5612
466,5606
467,5581
468,5435
469,5771
470,5558
471,5578
472,5597
473,5640
474,5493
475,5479
476,5554
477,5540
478,5408
479,5571
480,5565
481,5488
482,5410
483,5527
484,5439
485,5260
486,5390
487,5298
488,5299
489,5260
490,5349
491,5415
492,5311
493,5277
494,5123
495,5338
496,5286
497,5269
498,5324
499,5246
500,5199
501,5240
502,5111
503,5239
504,5123
505,5123
506,5220
507,5188
508,5222
509,5016
510,5126
511,5122
512,5077
513,5120
514,5194
515,5006
516,5009
517,4993
518,4968
519,5005
520,5058
521,5175
522,5000
523,5001
524,5074
525,4874
526,5101
527,5097
528,4833
529,4811
530,4985
531,4784
532,4850
533,4855
534,4936
535,4894
536,4881
537,4856
538,4849
539,4940
540,4880
541,4782
542,4862
543,4855
544,4810
545,4965
546,4695
547,4943
548,4870
549,4747
550,4822
551,4788
552,4814
553,4653
554,4826
555,4665
556,4791
557,4681
558,4709
559,4646
560,4789
561,4657
562,4555
563,4548
564,4499
565,4475
566,4535
567,4576
568,4528
569,4454
570,4370
571,4435
572,4306
573,4337
574,4484
575,4336
576,4262
577,4312
578,4316
579,4313
580,4380
581,4229
582,4262
583,4167
584,4146
585,4377
586,4167
587,4151
588,4147
589,3998
590,4027
591,4228
592,4030
593,4054
594,3967
595,3937
596,3909
597,3896
598,3879
599,3908
600,3846
601,3744
602,3753
603,3764
604,3752
605,3721
606,3638
607,3652
608,3561
609,3689
610,3596
611,3546
612,3513
613,3483
614,3379
615,3386
616,3490
617,3326
618,3294
619,3330
620,3224
621,3253
622,3198
623,3295
624,3199
625,3079
626,3141
627,3118
628,3084
629,3040
630,3015
631,2983
632,2932
633,2903
634,2753
635,2787
636,2698
637,2757
638,2718
639,2758
640,2660
641,2651
642,2704
643,2695
644,2616
645,2572
646,2549
647,2594
648,2445
649,2478
650,2382
651,2400
652,2382
653,2332
654,2274
655,2312
656,2231
657,2264
658,2178
659,2127
660,2201
661,2113
662,2151
663,2064
664,1982
665,1897
666,1918
667,1898
668,1905
669,1880
670,1840
671,1786
672,1736
673,1806
674,1668
675,1637
676,1602
677,1613
678,1541
679,1565
680,1561
681,1438
682,1438
683,1373
684,1412
685,1375
686,1279
687,1205
688,1286
689,1189
690,1164
691,1130
692,1044
693,1090
694,1052
695,1042
696,967
697,951
698,940
699,893
700,876
701,833
702,804
703,758
704,745
705,734
706,691
707,690
708,646
709,608
710,592
711,566
712,492
713,491
714,498
715,456
716,425
717,429
718,414
719,382
720,379
721,375
722,326
723,297
724,293
725,288
726,257
727,248
728,254
729,233
730,207
731,184
732,178
733,183
734,142
735,148
736,133
737,137
738,136
739,109
740,112
741,95
742,92
743,80
744,76
745,79
746,84
747,71
748,66
749,40
750,53
751,36
752,33
753,39
754,31
755,29
756,32
757,24
758,36
759,21
760,20
761,20
762,13
763,14
764,12
765,10
766,8
767,9
768,13
769,11
770,11
771,7
772,6
773,3
774,8
775,6
776,4
777,7
778,6
779,3
780,1
781,2
782,1
783,1
784,3
786,2
787,1
788,1
789,1
790,1
792,2
795,2
798,1
