65,1
69,1
70,4
71,2
72,3
73,3
74,3
75,10
76,12
77,12
78,12
79,13
80,28
81,37
82,50
83,47
84,50
85,66
86,87
87,105
88,138
89,160
90,175
91,196
92,268
93,328
94,406
95,422
96,490
97,615
98,661
99,717
100,816
101,907
102,1040
103,1226
104,1359
105,1517
106,1774
107,1993
108,2162
109,2378
110,2659
111,3063
112,3219
113,3568
114,3959
115,4349
116,4700
117,5094
118,5611
119,6159
120,6376
121,7081
122,7675
123,8144
124,8733
125,9391
126,10126
127,10785
128,11417
129,12361
130,12869
131,13583
132,14430
133,15236
134,16165
135,17065
136,17674
137,18541
138,19595
139,20483
140,21265
141,22134
142,23016
143,23923
144,24868
145,25669
146,26436
147,27351
148,27960
149,28717
150,29749
151,30453
152,31431
153,32110
154,33035
155,33646
156,34647
157,35171
158,35371
159,36164
160,36539
161,37309
162,38183
163,38565
164,39002
165,39885
166,39815
167,40034
168,40637
169,41361
170,41512
171,41783
172,42387
173,42214
174,42722
175,42874
176,43294
177,43564
178,43199
179,43847
180,44015
181,44070
182,43978
183,44336
184,44320
185,44237
186,43883
187,44315
188,43897
189,43791
190,44134
191,44186
192,43766
193,43947
194,43740
195,43245
196,43255
197,43504
198,43053
199,42347
200,42406
201,42167
202,42038
203,41599
204,41626
205,41268
206,40939
207,40764
208,40127
209,39732
210,39530
211,39156
212,38528
213,38560
214,38143
215,37722
216,37162
217,37063
218,36730
219,36417
220,35805
221,35585
222,35528
223,34610
224,34685
225,34007
226,33742
227,33440
228,32966
229,32436
230,32413
231,31917
232,31639
233,30780
234,30807
235,30573
236,30230
237,29521
238,29391
239,28927
240,28536
241,28382
242,28018
243,27642
244,27044
245,26768
246,26574
247,26237
248,25508
249,25620
250,25356
251,25064
252,24618
253,24098
254,24099
255,23736
256,23705
257,23077
258,23036
259,22461
260,22540
261,22036
262,21701
263,21356
264,21232
265,20797
266,20560
267,20045
268,20189
269,19810
270,19681
271,19382
272,19036
273,18435
274,18526
275,18341
276,17980
277,17839
278,17394
279,17087
280,17087
281,17016
282,16549
283,16337
284,15975
285,15911
286,15774
287,15414
288,15256
289,15179
290,14711
291,14436
292,14442
293,14142
294,14071
295,13825
296,13576
297,13735
298,13305
299,13129
300,12980
301,12629
302,12548
303,12305
304,12280
305,11923
306,11968
307,11704
308,11507
309,11424
310,11353
311,11127
312,11055
313,10844
314,10588
315,10399
316,10811
317,10260
318,10406
319,10111
320,10048
321,9900
322,10013
323,9745
324,9533
325,9594
326,9444
327,9279
328,9267
329,9172
330,8955
331,8990
332,8835
333,8848
334,8596
335,8635
336,8543
337,8547
338,8429
339,8247
340,8132
341,8060
342,8135
343,8160
344,7982
345,7783
346,7741
347,7697
348,7747
349,7632
350,7573
351,7403
352,7292
353,7300
354,7175
355,7100
356,6904
357,7196
358,6872
359,6927
360,6697
361,6726
362,6807
363,6695
364,6649
365,6480
366,6246
367,6218
368,6185
369,6128
370,6221
371,6009
372,5957
373,5843
374,5882
375,5829
376,5663
377,5715
378,5590
379,5625
380,5396
381,5426
382,5443
383,5333
384,5169
385,5196
386,5277
387,5041
388,4958
389,4870
390,4905
391,4876
392,4804
393,4838
394,4729
395,4833
396,4726
397,4550
398,4704
399,4596
400,4465
401,4473
402,4494
403,4461
404,4384
405,4399
406,4327
407,4401
408,4399
409,4317
410,4386
411,4404
412,4274
413,4381
414,4308
415,4304
416,4335
417,4424
418,4414
419,4279
420,4267
421,4398
422,4251
423,4320
424,4362
425,4383
426,4354
427,4387
428,4380
429,4326
430,4416
431,4331
432,4434
433,4419
434,4421
435,4397
436,4408
437,4415
438,4445
439,4334
440,4330
441,4342
442,4412
443,4480
444,4440
445,4390
446,4421
447,4393
448,4325
449,4406
450,4367
451,4419
452,4441
453,4421
454,4441
455,4518
456,4424
457,4479
458,4554
459,4496
460,4295
461,4287
462,4308
463,4427
464,4482
465,4368
466,4300
467,4400
468,4449
469,4249
470,4306
471,4234
472,4370
473,4363
474,4345
475,4342
476,4335
477,4236
478,4429
479,4370
480,4278
481,4366
482,4404
483,4391
484,4411
485,4326
486,4337
487,4296
488,4423
489,4415
490,4337
491,4372
492,4304
493,4388
494,4506
495,4388
496,4428
497,4406
498,4505
499,4499
500,4486
501,4502
502,4601
503,4617
504,4722
505,4534
506,4753
507,4700
508,4802
509,4904
510,4951
511,4859
512,4858
513,5041
514,5281
515,4896
516,5223
517,5276
518,5386
519,5391
520,5459
521,5514
522,5549
523,5799
524,5749
525,5836
526,5716
527,5968
528,5923
529,6164
530,6176
531,6215
532,6205
533,6396
534,6383
535,6518
536,6631
537,6543
538,6592
539,6666
540,6787
541,6851
542,6927
543,7029
544,7145
545,7052
546,7097
547,7333
548,7406
549,7473
550,7543
551,7550
552,7534
553,7808
554,7721
555,7791
556,7906
557,8131
558,7933
559,8167
560,8243
561,8301
562,8430
563,8466
564,8411
565,8602
566,8812
567,8880
568,9039
569,8929
570,9133
571,9313
572,9363
573,9232
574,9381
575,9567
576,9712
577,9893
578,9715
579,9832
580,10110
581,10136
582,10127
583,10291
584,10478
585,10574
586,10819
587,11050
588,10845
589,11376
590,11218
591,11464
592,11663
593,11655
594,11963
595,12137
596,12346
597,12630
598,12480
599,12739
600,13128
601,13357
602,13152
603,13579
604,13599
605,13730
606,14083
607,14005
608,14494
609,14556
610,14737
611,14963
612,15086
613,15527
614,15550
615,15895
616,16001
617,16361
618,16510
619,16841
620,16892
621,16968
622,17390
623,17643
624,17856
625,18171
626,18479
627,18863
628,19027
629,19482
630,19752
631,19912
632,20053
633,20393
634,20682
635,20949
636,21226
637,21456
638,21488
639,21979
640,22283
641,22602
642,22996
643,23248
644,23612
645,23634
646,23991
647,24486
648,24457
649,25082
650,25234
651,25980
652,26199
653,26184
654,26647
655,26984
656,27010
657,27729
658,28004
659,28443
660,28683
661,29203
662,29232
663,29746
664,30105
665,30378
666,30952
667,30921
668,31327
669,31798
670,32324
671,32413
672,32870
673,33538
674,33514
675,34093
676,34267
677,34632
678,35067
679,35722
680,36000
681,36420
682,36259
683,37148
684,37322
685,38023
686,38169
687,38660
688,38869
689,38816
690,39469
691,39817
692,39603
693,40385
694,40667
695,41293
696,41438
697,41733
698,42301
699,42283
700,42234
701,43196
702,43282
703,43347
704,43412
705,43519
706,44289
707,43624
708,43742
709,44313
710,43969
711,44028
712,44132
713,44517
714,43889
715,44227
716,44304
717,44309
718,44610
719,44373
720,44066
721,43871
722,43682
723,43490
724,43204
725,43090
726,42813
727,42438
728,42580
729,41912
730,41391
731,41052
732,41087
733,40210
734,39752
735,39444
736,39225
737,38225
738,37796
739,37277
740,36662
741,36175
742,35446
743,34912
744,33983
745,33728
746,32413
747,31800
748,31265
749,30667
750,29878
751,28731
752,28371
753,27539
754,26273
755,25364
756,24621
757,23460
758,23114
759,22025
760,21181
761,20374
762,19423
763,18446
764,17996
765,16836
766,16043
767,15341
768,14418
769,13771
770,12946
771,12087
772,11449
773,10984
774,10040
775,9380
776,8753
777,8204
778,7666
779,7194
780,6534
781,6047
782,5528
783,5107
784,4755
785,4395
786,3896
787,3547
788,3260
789,2933
790,2726
791,2425
792,2158
793,1875
794,1703
795,1573
796,1374
797,1286
798,1064
799,986
800,866
801,741
802,654
803,552
804,490
805,420
806,350
807,325
808,258
809,212
810,197
811,147
812,121
813,115
814,96
815,87
816,75
817,50
818,46
819,26
820,28
821,20
822,12
823,10
824,8
825,8
826,8
827,7
828,7
829,4
832,1
833,2
836,1
