78,1
81,1
82,1
85,1
86,1
88,2
89,2
90,2
91,3
92,1
93,1
94,1
96,2
97,6
98,4
99,8
100,5
101,6
102,10
103,13
104,17
105,21
106,22
107,19
108,21
109,29
110,31
111,27
112,33
113,39
114,46
115,53
116,69
117,77
118,81
119,92
120,94
121,94
122,111
123,140
124,114
125,143
126,170
127,171
128,191
129,209
130,225
131,243
132,258
133,296
134,315
135,354
136,352
137,389
138,426
139,467
140,497
141,509
142,556
143,596
144,648
145,641
146,688
147,757
148,781
149,896
150,876
151,918
152,990
153,1024
154,1034
155,1094
156,1132
157,1200
158,1304
159,1342
160,1320
161,1400
162,1538
163,1609
164,1635
165,1701
166,1741
167,1779
168,1951
169,1940
170,2058
171,2031
172,2106
173,2074
174,2237
175,2360
176,2455
177,2510
178,2597
179,2485
180,2664
181,2696
182,2806
183,2946
184,2893
185,3021
186,3080
187,3163
188,3258
189,3224
190,3370
191,3366
192,3421
193,3470
194,3547
195,3700
196,3651
197,3713
198,3849
199,3779
200,3959
201,3956
202,3945
203,4051
204,4142
205,4128
206,4305
207,4398
208,4365
209,4361
210,4351
211,4474
212,4287
213,4646
214,4649
215,4628
216,4683
217,4611
218,4666
219,4692
220,4729
221,4845
222,4835
223,4920
224,4926
225,5090
226,4955
227,4968
228,5025
229,4985
230,4914
231,5020
232,5020
233,5028
234,5148
235,5072
236,5116
237,4906
238,5164
239,5134
240,5058
241,5012
242,4949
243,5109
244,4999
245,5040
246,4972
247,4997
248,5102
249,5030
250,5002
251,4946
252,5036
253,5007
254,4907
255,4869
256,4888
257,4890
258,4930
259,4761
260,4856
261,4693
262,4792
263,4919
264,4858
265,4734
266,4716
267,4698
268,4677
269,4478
270,4507
271,4612
272,4684
273,4563
274,4520
275,4494
276,4325
277,4474
278,4321
279,4473
280,4383
281,4413
282,4229
283,4358
284,4347
285,4177
286,4200
287,4244
288,4201
289,4217
290,4059
291,4040
292,4100
293,4111
294,4027
295,3995
296,4004
297,4022
298,3967
299,3950
300,3973
301,3875
302,3920
303,3824
304,3929
305,3753
306,3709
307,3716
308,3695
309,3607
310,3632
311,3684
312,3609
313,3672
314,3561
315,3665
316,3622
317,3482
318,3547
319,3581
320,3492
321,3466
322,3446
323,3413
324,3338
325,3428
326,3433
327,3284
328,3274
329,3261
330,3345
331,3210
332,3244
333,3172
334,3158
335,3177
336,3148
337,3084
338,3124
339,3154
340,3170
341,3075
342,3031
343,3037
344,3040
345,3075
346,3049
347,3056
348,2887
349,2885
350,2845
351,2943
352,2904
353,2884
354,2869
355,2883
356,2741
357,2789
358,2725
359,2755
360,2737
361,2773
362,2795
363,2718
364,2726
365,2675
366,2626
367,2617
368,2589
369,2693
370,2632
371,2623
372,2556
373,2532
374,2552
375,2580
376,2465
377,2482
378,2479
379,2490
380,2469
381,2569
382,2462
383,2438
384,2472
385,2397
386,2483
387,2301
388,2404
389,2323
390,2389
391,2414
392,2325
393,2328
394,2385
395,2366
396,2352
397,2321
398,2268
399,2369
400,2249
401,2276
402,2297
403,2296
404,2237
405,2237
406,2342
407,2260
408,2211
409,2241
410,2238
411,2293
412,2265
413,2215
414,2271
415,2191
416,2215
417,2216
418,2234
419,2193
420,2177
421,2234
422,2103
423,2127
424,2233
425,2210
426,2206
427,2265
428,2181
429,2142
430,2088
431,2145
432,2154
433,2089
434,2166
435,2108
436,2125
437,2191
438,2156
439,2129
440,2182
441,2120
442,2085
443,2033
444,2073
445,2090
446,2086
447,2036
448,2074
449,2200
450,2119
451,2156
452,2123
453,2154
454,2133
455,2101
456,2133
457,2125
458,2180
459,2098
460,2038
461,2159
462,2076
463,2174
464,2114
465,2185
466,2107
467,2105
468,2229
469,2194
470,2169
471,2106
472,2310
473,2202
474,2159
475,2125
476,2171
477,2150
478,2134
479,2196
480,2281
481,2169
482,2278
483,2208
484,2259
485,2267
486,2236
487,2183
488,2157
489,2243
490,2224
491,2253
492,2317
493,2240
494,2288
495,2198
496,2289
497,2320
498,2280
499,2322
500,2265
501,2240
502,2229
503,2288
504,2290
505,2330
506,2353
507,2341
508,2421
509,2447
510,2254
511,2466
512,2429
513,2367
514,2387
515,2414
516,2457
517,2487
518,2466
519,2433
520,2513
521,2468
522,2574
523,2543
524,2488
525,2606
526,2556
527,2619
528,2581
529,2547
530,2688
531,2587
532,2709
533,2714
534,2768
535,2651
536,2683
537,2804
538,2835
539,2683
540,2782
541,2791
542,2820
543,2775
544,2742
545,2896
546,2849
547,2872
548,2898
549,2900
550,3001
551,2898
552,2904
553,2896
554,2902
555,3010
556,3154
557,3014
558,3070
559,3119
560,3061
561,3028
562,3161
563,3166
564,3070
565,3206
566,3197
567,3154
568,3222
569,3239
570,3378
571,3342
572,3246
573,3336
574,3347
575,3442
576,3399
577,3435
578,3351
579,3421
580,3426
581,3539
582,3452
583,3603
584,3598
585,3698
586,3609
587,3665
588,3716
589,3630
590,3703
591,3787
592,3762
593,3729
594,3614
595,3809
596,3745
597,3910
598,3902
599,3828
600,3853
601,3936
602,3925
603,3955
604,3929
605,4020
606,4098
607,4056
608,4119
609,4016
610,4040
611,4161
612,4161
613,4271
614,4185
615,4290
616,4276
617,4387
618,4276
619,4324
620,4416
621,4336
622,4410
623,4345
624,4394
625,4535
626,4374
627,4587
628,4629
629,4589
630,4590
631,4719
632,4634
633,4788
634,4757
635,4763
636,4652
637,4709
638,4732
639,4830
640,4898
641,4894
642,4928
643,4735
644,4866
645,4854
646,4954
647,5051
648,5059
649,4891
650,4961
651,4993
652,5144
653,5031
654,5033
655,5112
656,4944
657,5082
658,4946
659,5188
660,5093
661,5071
662,5027
663,5021
664,5054
665,5144
666,4909
667,5022
668,5034
669,4903
670,5079
671,4951
672,5005
673,4942
674,4909
675,4773
676,4880
677,4764
678,4899
679,4902
680,4813
681,4710
682,4759
683,4731
684,4861
685,4611
686,4537
687,4579
688,4437
689,4434
690,4421
691,4437
692,4383
693,4229
694,4282
695,4160
696,4150
697,4233
698,4176
699,3930
700,3928
701,3850
702,3766
703,3828
704,3820
705,3712
706,3661
707,3567
708,3461
709,3417
710,3454
711,3203
712,3167
713,3128
714,3171
715,2969
716,2994
717,2912
718,2871
719,2699
720,2684
721,2612
722,2519
723,2475
724,2398
725,2328
726,2256
727,2148
728,2097
729,2139
730,1980
731,1909
732,1928
733,1856
734,1733
735,1727
736,1535
737,1554
738,1502
739,1422
740,1425
741,1308
742,1281
743,1221
744,1174
745,1081
746,1096
747,1018
748,923
749,865
750,863
751,819
752,750
753,707
754,708
755,703
756,599
757,615
758,562
759,517
760,493
761,440
762,443
763,402
764,357
765,359
766,299
767,293
768,262
769,259
770,247
771,190
772,192
773,154
774,160
775,141
776,141
777,115
778,119
779,107
780,92
781,82
782,78
783,68
784,61
785,60
786,36
787,35
788,42
789,24
790,30
791,28
792,17
793,21
794,20
795,18
796,16
797,21
798,10
799,5
800,5
801,5
802,6
803,4
804,2
805,5
806,4
807,1
808,4
809,1
810,2
