77,1
78,1
79,1
81,3
82,1
83,2
84,1
85,5
86,3
87,7
88,8
89,7
90,7
91,6
92,12
93,15
94,20
95,18
96,28
97,36
98,45
99,47
100,50
101,56
102,55
103,83
104,98
105,108
106,127
107,135
108,154
109,171
110,206
111,214
112,271
113,318
114,343
115,393
116,395
117,483
118,521
119,560
120,649
121,693
122,784
123,920
124,891
125,1015
126,1132
127,1209
128,1349
129,1414
130,1507
131,1769
132,1794
133,1977
134,2123
135,2291
136,2496
137,2669
138,2928
139,3175
140,3344
141,3400
142,3729
143,4021
144,4250
145,4584
146,4856
147,5159
148,5394
149,5726
150,5987
151,6265
152,6739
153,6974
154,7373
155,7885
156,8161
157,8480
158,8898
159,9312
160,9381
161,9913
162,10527
163,10886
164,11361
165,11832
166,12262
167,12714
168,13062
169,13439
170,14082
171,14309
172,14679
173,15331
174,15811
175,16295
176,16733
177,17215
178,17629
179,17930
180,18289
181,18903
182,19309
183,19658
184,20123
185,20654
186,20879
187,21286
188,21758
189,22281
190,22682
191,22927
192,23088
193,23743
194,24174
195,24267
196,24507
197,25232
198,25772
199,25835
200,26406
201,26300
202,26767
203,27128
204,27523
205,27623
206,27935
207,28363
208,28350
209,28920
210,28618
211,29055
212,29308
213,29631
214,29886
215,30271
216,30206
217,30054
218,30212
219,30520
220,30565
221,30843
222,31037
223,31172
224,31754
225,31582
226,31449
227,31822
228,31700
229,31806
230,31674
231,31826
232,31716
233,31936
234,31957
235,31778
236,31753
237,31778
238,31274
239,31846
240,31625
241,31611
242,31539
243,31426
244,31334
245,31209
246,31296
247,31197
248,31077
249,31154
250,31014
251,30573
252,31180
253,30911
254,30496
255,30395
256,30334
257,30292
258,30043
259,29993
260,30039
261,29403
262,29746
263,29626
264,29460
265,29225
266,29075
267,28792
268,28794
269,28431
270,28431
271,28356
272,28255
273,28155
274,27803
275,27733
276,27584
277,27595
278,27185
279,27324
280,26997
281,26922
282,26675
283,26903
284,26694
285,26123
286,26077
287,26243
288,25790
289,25815
290,25766
291,25547
292,25521
293,25380
294,24935
295,24948
296,24727
297,24710
298,24429
299,24229
300,24464
301,24000
302,24122
303,23717
304,24030
305,23599
306,22960
307,22986
308,23099
309,22866
310,22490
311,22479
312,22258
313,22438
314,21835
315,22205
316,22033
317,21595
318,21466
319,21191
320,21108
321,20989
322,21081
323,20616
324,20636
325,20231
326,20174
327,20238
328,20174
329,19909
330,19652
331,19662
332,19305
333,19248
334,19342
335,19172
336,18942
337,18633
338,18801
339,18748
340,18650
341,18428
342,18104
343,18142
344,17819
345,17689
346,17544
347,17573
348,17474
349,17430
350,17268
351,17161
352,16952
353,16911
354,16588
355,16604
356,16351
357,16374
358,16180
359,15984
360,16161
361,16005
362,15998
363,15765
364,15862
365,15706
366,15631
367,15461
368,15379
369,15341
370,15256
371,15280
372,15004
373,14867
374,14721
375,14945
376,15001
377,14743
378,14616
379,14834
380,14612
381,14878
382,14465
383,14543
384,14629
385,14156
386,14428
387,14324
388,14308
389,14227
390,14128
391,14145
392,14112
393,14038
394,13985
395,13935
396,13978
397,13789
398,13821
399,14026
400,13670
401,13847
402,13807
403,13633
404,13514
405,13408
406,13596
407,13672
408,13504
409,13431
410,13512
411,13564
412,13607
413,13355
414,13513
415,13316
416,13310
417,13452
418,13449
419,13325
420,13157
421,13554
422,13314
423,13148
424,13437
425,13194
426,13395
427,13205
428,13423
429,13368
430,13053
431,13075
432,13002
433,13063
434,13202
435,12974
436,12903
437,13123
438,13019
439,13022
440,13080
441,13116
442,13171
443,13094
444,12997
445,13051
446,13259
447,13124
448,13035
449,13175
450,12887
451,13115
452,13170
453,13340
454,13390
455,13115
456,12825
457,12977
458,13004
459,13224
460,12862
461,13297
462,13065
463,13234
464,13024
465,13245
466,12991
467,13143
468,13304
469,13065
470,13057
471,13203
472,13267
473,13230
474,13106
475,13062
476,13064
477,13071
478,13118
479,13308
480,13503
481,13328
482,13527
483,13315
484,13276
485,13423
486,13391
487,13304
488,13349
489,13387
490,13414
491,13564
492,13803
493,13564
494,13665
495,13339
496,13736
497,13665
498,13852
499,13702
500,13988
501,13825
502,14022
503,13846
504,13699
505,14061
506,13901
507,14034
508,14139
509,14200
510,14216
511,14297
512,14146
513,14228
514,14286
515,14499
516,14236
517,14381
518,14479
519,14528
520,14778
521,14673
522,14741
523,14882
524,14986
525,14857
526,14942
527,15028
528,15368
529,15007
530,15478
531,15346
532,15454
533,15602
534,15787
535,15493
536,15945
537,15877
538,15982
539,15950
540,16184
541,16337
542,16494
543,16456
544,16491
545,16734
546,16957
547,16943
548,16761
549,17119
550,17202
551,17283
552,17403
553,17322
554,17445
555,17809
556,17982
557,18063
558,18083
559,18322
560,18190
561,18495
562,18631
563,18700
564,18828
565,18885
566,19061
567,19145
568,19402
569,19421
570,19920
571,19899
572,20320
573,20124
574,20251
575,20215
576,20795
577,20853
578,20747
579,21120
580,21123
581,21444
582,21231
583,21632
584,21654
585,22269
586,22067
587,22337
588,22435
589,22503
590,22906
591,22960
592,23073
593,23137
594,23214
595,23272
596,23741
597,23822
598,23781
599,23623
600,24173
601,24486
602,24317
603,24759
604,24875
605,25098
606,25050
607,25316
608,25359
609,25563
610,25792
611,25712
612,25877
613,26111
614,26391
615,26420
616,26425
617,26825
618,26770
619,27008
620,27121
621,27054
622,27416
623,27544
624,27716
625,27998
626,27888
627,28203
628,28300
629,28470
630,28551
631,28625
632,28423
633,29074
634,29163
635,29240
636,29182
637,29291
638,29842
639,29784
640,29886
641,29695
642,30129
643,30133
644,30027
645,30221
646,30742
647,30889
648,31038
649,30606
650,30871
651,31331
652,31411
653,31117
654,31433
655,31628
656,31287
657,31569
658,31563
659,31756
660,31693
661,31619
662,31441
663,31823
664,31558
665,31874
666,31938
667,31950
668,31562
669,31717
670,31736
671,31770
672,31998
673,31400
674,31152
675,31223
676,31335
677,31209
678,30972
679,30961
680,30726
681,30659
682,30740
683,30263
684,30489
685,29757
686,29798
687,29690
688,29363
689,29122
690,28984
691,28945
692,28715
693,28161
694,27873
695,27682
696,27303
697,27333
698,26574
699,26354
700,26342
701,25738
702,25596
703,25309
704,24997
705,24259
706,24129
707,23794
708,23274
709,23007
710,22494
711,21975
712,21751
713,21398
714,20930
715,20503
716,20049
717,19653
718,19345
719,18897
720,18439
721,18041
722,17711
723,17100
724,16486
725,16110
726,15769
727,15285
728,14805
729,14430
730,14134
731,13621
732,13034
733,12675
734,12163
735,11775
736,11372
737,10963
738,10488
739,10086
740,9776
741,9340
742,8816
743,8449
744,8123
745,7745
746,7399
747,7141
748,6519
749,6288
750,6113
751,5698
752,5442
753,5186
754,4898
755,4584
756,4218
757,4045
758,3828
759,3489
760,3358
761,3199
762,2872
763,2722
764,2437
765,2337
766,2188
767,2089
768,1797
769,1656
770,1590
771,1357
772,1332
773,1221
774,1146
775,1003
776,944
777,856
778,772
779,678
780,628
781,594
782,537
783,451
784,388
785,384
786,324
787,288
788,271
789,226
790,202
791,194
792,161
793,152
794,117
795,111
796,92
797,78
798,84
799,55
800,53
801,40
802,32
803,27
804,27
805,22
806,14
807,15
808,11
809,9
810,6
811,5
812,6
813,3
814,4
815,1
816,1
817,1
818,2
819,1
820,1
821,1
822,1
825,1
