99,1
104,1
106,1
107,1
108,1
111,2
112,1
114,1
115,3
116,2
117,6
118,4
119,4
120,6
121,6
122,2
123,5
124,7
125,6
126,14
127,14
128,9
129,16
130,21
131,17
132,16
133,33
134,36
135,45
136,29
137,48
138,39
139,42
140,53
141,48
142,68
143,59
144,69
145,79
146,75
147,99
148,124
149,117
150,114
151,118
152,146
153,200
154,190
155,197
156,202
157,214
158,274
159,246
160,277
161,303
162,327
163,376
164,368
165,372
166,451
167,485
168,440
169,526
170,535
171,568
172,637
173,630
174,669
175,719
176,758
177,753
178,854
179,860
180,864
181,1022
182,1072
183,1207
184,1160
185,1211
186,1301
187,1397
188,1469
189,1506
190,1571
191,1704
192,1705
193,1818
194,1884
195,1935
196,2052
197,2139
198,2182
199,2225
200,2404
201,2446
202,2615
203,2710
204,2835
205,2946
206,3043
207,3159
208,3286
209,3450
210,3417
211,3627
212,3783
213,3828
214,3905
215,4261
216,4215
217,4456
218,4592
219,4621
220,4708
221,4838
222,5079
223,5083
224,5267
225,5514
226,5793
227,5802
228,6003
229,6051
230,6211
231,6421
232,6530
233,6608
234,6876
235,7007
236,7242
237,7299
238,7551
239,7897
240,7767
241,8077
242,8283
243,8466
244,8589
245,8645
246,8900
247,9103
248,9232
249,9547
250,9761
251,9797
252,9951
253,10349
254,10397
255,10577
256,10970
257,10927
258,11395
259,11249
260,11581
261,11658
262,12048
263,11837
264,12210
265,12431
266,12576
267,12843
268,13186
269,13212
270,13162
271,13425
272,13685
273,13966
274,14564
275,14415
276,14655
277,14697
278,14986
279,15046
280,15205
281,15592
282,15841
283,15967
284,16002
285,16377
286,16485
287,16775
288,17050
289,17203
290,17193
291,17534
292,17768
293,17866
294,18126
295,18425
296,18486
297,18944
298,19012
299,19085
300,19541
301,19349
302,20058
303,20071
304,20167
305,20749
306,20677
307,20802
308,21111
309,21247
310,21599
311,21799
312,21878
313,22266
314,22428
315,22606
316,22761
317,22983
318,23202
319,23657
320,23617
321,23826
322,24279
323,24486
324,24502
325,24941
326,25167
327,25133
328,25567
329,25934
330,25876
331,26161
332,26658
333,26542
334,26903
335,26631
336,27252
337,27250
338,28076
339,27939
340,28071
341,28462
342,28664
343,28549
344,28948
345,29289
346,29192
347,29617
348,29330
349,30164
350,29938
351,30547
352,30624
353,30932
354,31139
355,31189
356,31413
357,31719
358,32020
359,32208
360,32265
361,32460
362,33054
363,32743
364,33113
365,32963
366,33456
367,33581
368,34121
369,34198
370,34541
371,34903
372,35030
373,35403
374,34643
375,35187
376,35615
377,35652
378,35771
379,36126
380,36232
381,36667
382,36858
383,37036
384,37120
385,37483
386,37765
387,37553
388,38033
389,37959
390,38474
391,38768
392,38950
393,38906
394,39441
395,39304
396,38745
397,39791
398,40103
399,39978
400,40365
401,40347
402,40773
403,40881
404,41187
405,40949
406,41803
407,41452
408,41673
409,42047
410,41916
411,42247
412,42367
413,42543
414,42588
415,42838
416,43299
417,43159
418,43165
419,43354
420,43620
421,43692
422,43875
423,43936
424,44270
425,44122
426,44335
427,44658
428,44727
429,44061
430,44938
431,44741
432,44927
433,45053
434,44991
435,45046
436,45063
437,45014
438,45454
439,45300
440,45625
441,45737
442,45213
443,45387
444,45664
445,45288
446,45163
447,45714
448,45449
449,45770
450,45502
451,45543
452,45424
453,45675
454,45638
455,45687
456,45768
457,45463
458,45265
459,45455
460,45332
461,45479
462,45261
463,45299
464,45403
465,45571
466,44844
467,44925
468,45245
469,44794
470,44345
471,44629
472,44633
473,43976
474,44371
475,43913
476,44144
477,43749
478,44022
479,44101
480,43707
481,43292
482,43170
483,43647
484,43118
485,42795
486,42700
487,42698
488,42376
489,42040
490,42054
491,41696
492,41854
493,41375
494,41400
495,40974
496,41125
497,40964
498,40811
499,40645
500,40212
501,40190
502,40117
503,39640
504,39876
505,39331
506,39088
507,39156
508,38722
509,38644
510,38396
511,38344
512,37777
513,37684
514,37422
515,37484
516,37195
517,36837
518,36682
519,36286
520,36260
521,36213
522,35919
523,35761
524,35582
525,35759
526,35175
527,35214
528,34613
529,34567
530,34611
531,34389
532,33961
533,33732
534,33399
535,33499
536,32931
537,33099
538,32627
539,32381
540,32120
541,31866
542,32052
543,31418
544,31588
545,31171
546,31319
547,30965
548,30379
549,30465
550,30372
551,30249
552,29748
553,29481
554,29299
555,29074
556,28782
557,28497
558,28629
559,28292
560,28171
561,27743
562,27579
563,27361
564,27316
565,26778
566,26718
567,26825
568,26403
569,26241
570,25923
571,26019
572,25264
573,24958
574,25193
575,24658
576,24973
577,24472
578,24176
579,23840
580,23825
581,23519
582,23379
583,22803
584,22608
585,22487
586,22304
587,22074
588,22245
589,22026
590,21550
591,21224
592,20918
593,20890
594,20547
595,20679
596,19894
597,19970
598,19645
599,19462
600,19361
601,19159
602,18927
603,18574
604,18618
605,18437
606,18073
607,18252
608,17738
609,17538
610,17222
611,17138
612,16963
613,16916
614,16594
615,16431
616,16005
617,16012
618,15817
619,15599
620,15503
621,15175
622,15161
623,14752
624,14543
625,14296
626,14459
627,13880
628,13643
629,13507
630,13524
631,13369
632,12864
633,12802
634,12743
635,12400
636,12315
637,12253
638,11813
639,11866
640,11502
641,11322
642,11213
643,11020
644,10910
645,10812
646,10339
647,10260
648,10032
649,9877
650,9719
651,9407
652,9329
653,9165
654,9044
655,8476
656,8654
657,8397
658,8167
659,7957
660,7783
661,7771
662,7736
663,7472
664,7251
665,7082
666,6789
667,6637
668,6639
669,6196
670,6340
671,6011
672,6015
673,5674
674,5716
675,5376
676,5346
677,5202
678,5025
679,5009
680,4812
681,4659
682,4644
683,4435
684,4177
685,4083
686,3906
687,3910
688,3773
689,3508
690,3344
691,3476
692,3331
693,3188
694,3086
695,2919
696,2864
697,2762
698,2600
699,2541
700,2505
701,2313
702,2220
703,2063
704,2040
705,2041
706,1811
707,1784
708,1735
709,1621
710,1578
711,1467
712,1475
713,1372
714,1293
715,1214
716,1178
717,1051
718,1092
719,1040
720,992
721,921
722,866
723,831
724,766
725,751
726,692
727,655
728,606
729,620
730,533
731,516
732,445
733,464
734,425
735,380
736,424
737,364
738,318
739,297
740,262
741,231
742,229
743,220
744,196
745,178
746,174
747,171
748,160
749,124
750,149
751,109
752,98
753,102
754,87
755,92
756,76
757,63
758,54
759,50
760,62
761,37
762,43
763,36
764,34
765,31
766,18
767,17
768,27
769,15
770,8
771,19
772,11
773,13
774,13
775,7
776,5
777,8
778,5
779,5
780,8
781,5
782,7
783,7
784,3
785,6
787,1
790,2
793,1
795,2
796,1
799,1
804,1
806,1
