137,1
143,1
148,1
149,2
151,1
154,4
155,2
156,3
157,1
158,1
159,3
160,2
161,8
162,5
163,5
164,6
165,7
166,11
167,5
168,8
169,13
170,14
171,17
172,14
173,23
174,22
175,33
176,15
177,23
178,26
179,34
180,33
181,37
182,39
183,37
184,50
185,50
186,57
187,68
188,66
189,75
190,69
191,80
192,97
193,99
194,107
195,103
196,120
197,131
198,155
199,148
200,173
201,156
202,197
203,189
204,216
205,246
206,257
207,271
208,281
209,312
210,308
211,345
212,368
213,406
214,396
215,423
216,478
217,449
218,518
219,501
220,598
221,581
222,619
223,664
224,744
225,796
226,832
227,802
228,904
229,884
230,900
231,989
232,1058
233,1157
234,1163
235,1216
236,1253
237,1313
238,1409
239,1417
240,1490
241,1559
242,1542
243,1692
244,1778
245,1823
246,1861
247,1922
248,2055
249,2135
250,2172
251,2361
252,2348
253,2498
254,2587
255,2524
256,2669
257,2721
258,2857
259,3014
260,3115
261,3284
262,3396
263,3459
264,3479
265,3769
266,3907
267,3907
268,4042
269,4140
270,4320
271,4424
272,4699
273,4547
274,4762
275,4913
276,5232
277,5221
278,5331
279,5629
280,5644
281,5891
282,5990
283,6240
284,6384
285,6691
286,6664
287,7001
288,6982
289,7341
290,7439
291,7652
292,7880
293,8120
294,8227
295,8485
296,8618
297,8818
298,8939
299,9142
300,9661
301,9821
302,10188
303,10327
304,10469
305,10478
306,11130
307,11182
308,11427
309,11767
310,12005
311,12251
312,12486
313,12912
314,13006
315,13391
316,13672
317,13936
318,14159
319,14416
320,14727
321,14884
322,15458
323,15473
324,15907
325,16297
326,16533
327,16988
328,17223
329,17433
330,17902
331,18156
332,18666
333,19382
334,19398
335,19800
336,19759
337,20668
338,20760
339,21254
340,21689
341,22124
342,22414
343,22894
344,23271
345,23645
346,23970
347,24526
348,24795
349,25310
350,25765
351,26043
352,26895
353,27391
354,27948
355,28023
356,28700
357,28900
358,29596
359,30032
360,30619
361,31004
362,31830
363,32410
364,32770
365,33296
366,33609
367,34221
368,34917
369,34922
370,35577
371,36412
372,36887
373,37384
374,38000
375,38449
376,39270
377,39635
378,40263
379,40372
380,41103
381,42170
382,42462
383,43064
384,43530
385,44071
386,44844
387,44874
388,46108
389,46458
390,47359
391,47616
392,48348
393,48981
394,49184
395,49713
396,50435
397,51398
398,51273
399,52354
400,52793
401,53113
402,53483
403,54396
404,55017
405,55099
406,55598
407,55844
408,56463
409,57849
410,57869
411,58674
412,58980
413,59044
414,60031
415,60427
416,61134
417,61386
418,61874
419,62378
420,62734
421,62948
422,63038
423,63708
424,64171
425,64086
426,64785
427,65144
428,65413
429,65582
430,66342
431,67288
432,66412
433,66238
434,67203
435,67333
436,67573
437,68227
438,67889
439,68295
440,68220
441,68824
442,68108
443,68513
444,68848
445,69025
446,69179
447,68992
448,68715
449,68687
450,69232
451,69006
452,69340
453,68695
454,69053
455,68814
456,68737
457,68539
458,68958
459,68275
460,68395
461,68154
462,67732
463,67852
464,67185
465,66821
466,67036
467,67301
468,66857
469,66258
470,66360
471,65667
472,65556
473,65363
474,64419
475,64782
476,64242
477,63441
478,63498
479,62945
480,62654
481,62435
482,61543
483,61044
484,60739
485,60376
486,60159
487,59627
488,59329
489,58164
490,58151
491,57322
492,56874
493,56020
494,55949
495,55359
496,54731
497,54452
498,53647
499,53250
500,52769
501,51998
502,51361
503,51359
504,50372
505,49779
506,48924
507,48729
508,48170
509,47216
510,47013
511,46345
512,45870
513,45394
514,44704
515,44174
516,43405
517,43262
518,42699
519,41992
520,41023
521,40871
522,40263
523,39479
524,39135
525,38736
526,37994
527,37391
528,36727
529,36080
530,35800
531,35232
532,34692
533,34077
534,33904
535,33516
536,32426
537,32087
538,31732
539,31080
540,30683
541,30264
542,29585
543,29029
544,28576
545,28092
546,27880
547,27252
548,26756
549,26397
550,25729
551,25620
552,25107
553,24409
554,23977
555,23787
556,23074
557,22837
558,22463
559,22147
560,21479
561,21296
562,20895
563,20605
564,20036
565,19592
566,19410
567,19089
568,18587
569,18164
570,18006
571,17753
572,17162
573,16821
574,16591
575,16236
576,16295
577,15663
578,15524
579,15055
580,14666
581,14482
582,14244
583,13927
584,13510
585,13339
586,13105
587,12927
588,12577
589,12105
590,12055
591,11663
592,11372
593,11090
594,10895
595,10790
596,10455
597,10304
598,9951
599,9695
600,9650
601,9436
602,9097
603,8937
604,8560
605,8406
606,8283
607,8084
608,7670
609,7685
610,7500
611,7112
612,7037
613,6826
614,6559
615,6498
616,6515
617,6238
618,5975
619,5907
620,5691
621,5518
622,5348
623,5179
624,5002
625,5094
626,4835
627,4656
628,4449
629,4550
630,4283
631,4101
632,4042
633,3922
634,3717
635,3719
636,3608
637,3464
638,3349
639,3191
640,3106
641,3023
642,2862
643,2749
644,2713
645,2637
646,2525
647,2461
648,2335
649,2298
650,2177
651,2063
652,2027
653,2029
654,1939
655,1823
656,1706
657,1640
658,1678
659,1503
660,1424
661,1448
662,1372
663,1324
664,1252
665,1182
666,1168
667,1047
668,1048
669,1000
670,905
671,901
672,845
673,797
674,777
675,697
676,679
677,700
678,646
679,604
680,599
681,575
682,535
683,506
684,426
685,443
686,363
687,394
688,368
689,351
690,315
691,296
692,267
693,275
694,266
695,249
696,211
697,194
698,199
699,187
700,154
701,127
702,130
703,121
704,129
705,116
706,98
707,84
708,95
709,71
710,70
711,64
712,59
713,68
714,58
715,55
716,54
717,41
718,35
719,44
720,27
721,26
722,30
723,17
724,27
725,25
726,10
727,17
728,14
729,16
730,11
731,11
732,8
733,8
734,6
735,6
736,6
737,7
738,5
739,2
740,4
741,3
742,6
743,2
744,2
745,1
746,2
747,1
748,1
749,1
751,3
752,2
753,1
757,2
761,1
762,1
