66,2
67,1
68,1
71,1
72,2
73,1
74,1
75,4
76,5
77,5
78,4
79,21
80,21
81,25
82,26
83,44
84,40
85,44
86,57
87,80
88,73
89,93
90,119
91,127
92,176
93,184
94,244
95,278
96,321
97,383
98,455
99,505
100,532
101,632
102,784
103,860
104,952
105,1122
106,1245
107,1373
108,1431
109,1634
110,1825
111,2024
112,2282
113,2532
114,2788
115,3032
116,3333
117,3634
118,4042
119,4244
120,4556
121,5039
122,5437
123,5789
124,6202
125,6773
126,7231
127,7683
128,8267
129,8772
130,9258
131,9765
132,10381
133,10905
134,11758
135,12216
136,12870
137,13490
138,14316
139,14862
140,15552
141,16287
142,17106
143,17800
144,18456
145,19193
146,19789
147,20518
148,21221
149,21988
150,22731
151,23524
152,24338
153,25015
154,25511
155,26094
156,26995
157,27301
158,28286
159,29010
160,29225
161,29881
162,30932
163,31138
164,31672
165,32435
166,33114
167,33444
168,34149
169,34496
170,34897
171,35319
172,35817
173,36376
174,36599
175,36890
176,37402
177,37260
178,37973
179,38189
180,38485
181,38805
182,38953
183,38891
184,38942
185,39386
186,40019
187,39595
188,39890
189,40060
190,39768
191,40139
192,40175
193,40306
194,40364
195,40274
196,40257
197,40147
198,40029
199,40226
200,39729
201,40061
202,40071
203,39815
204,39752
205,39857
206,39461
207,39583
208,39544
209,38966
210,39025
211,38548
212,38790
213,38275
214,38244
215,37844
216,37651
217,37670
218,37350
219,36986
220,36611
221,36817
222,36385
223,36207
224,35724
225,35143
226,35013
227,34579
228,34632
229,34118
230,34111
231,33618
232,33389
233,33279
234,33010
235,32512
236,32307
237,32154
238,31598
239,31092
240,31247
241,30948
242,30150
243,30157
244,29763
245,29100
246,29091
247,28999
248,28967
249,28336
250,28146
251,27762
252,27470
253,27168
254,27032
255,26584
256,26323
257,25937
258,25853
259,25229
260,25194
261,24742
262,24333
263,24266
264,23857
265,24058
266,23660
267,23278
268,22842
269,22763
270,22495
271,22027
272,21935
273,21362
274,21064
275,20909
276,20671
277,20252
278,20305
279,20094
280,19531
281,19500
282,19133
283,18794
284,18759
285,18383
286,18132
287,18156
288,17709
289,17957
290,17468
291,17032
292,16823
293,16782
294,16399
295,16379
296,16010
297,15700
298,15566
299,15491
300,15099
301,15176
302,14691
303,14695
304,14692
305,14448
306,14339
307,14006
308,13980
309,13956
310,13850
311,13254
312,13460
313,13252
314,13124
315,13087
316,12955
317,12756
318,12668
319,12450
320,12273
321,12324
322,12244
323,12165
324,11859
325,11704
326,11685
327,11530
328,11292
329,11436
330,11403
331,10984
332,11015
333,10830
334,10853
335,10533
336,10683
337,10436
338,10158
339,10421
340,10091
341,10107
342,9849
343,9994
344,9752
345,9768
346,9610
347,9468
348,9490
349,9360
350,9115
351,9120
352,9107
353,8988
354,8955
355,8915
356,8604
357,8632
358,8337
359,8261
360,8265
361,8264
362,8490
363,8124
364,7981
365,7967
366,8081
367,7972
368,7800
369,7748
370,7787
371,7700
372,7492
373,7461
374,7537
375,7393
376,7443
377,7264
378,7185
379,7298
380,7213
381,7019
382,6975
383,6985
384,6925
385,6869
386,6856
387,6584
388,6468
389,6729
390,6568
391,6496
392,6541
393,6461
394,6473
395,6359
396,6391
397,6378
398,6352
399,6250
400,6176
401,6153
402,6140
403,5885
404,6014
405,5964
406,5814
407,5951
408,5837
409,5878
410,5831
411,5744
412,5654
413,5567
414,5756
415,5693
416,5671
417,5739
418,5615
419,5690
420,5808
421,5624
422,5785
423,5655
424,5545
425,5675
426,5778
427,5772
428,5695
429,5758
430,5705
431,5461
432,5672
433,5643
434,5677
435,5640
436,5719
437,5743
438,5666
439,5827
440,5680
441,5682
442,5850
443,5680
444,5891
445,5670
446,5797
447,5804
448,5671
449,5754
450,5636
451,5740
452,5836
453,5866
454,5790
455,5687
456,5796
457,5794
458,5693
459,5668
460,5705
461,5808
462,5736
463,5732
464,5585
465,5733
466,5644
467,5661
468,5659
469,5722
470,5679
471,5614
472,5634
473,5671
474,5751
475,5635
476,5648
477,5830
478,5765
479,5599
480,5628
481,5670
482,5704
483,5642
484,5757
485,5636
486,5783
487,5788
488,5751
489,5725
490,5788
491,5989
492,5743
493,5819
494,5965
495,5873
496,5955
497,6010
498,6023
499,6268
500,6101
501,6163
502,6239
503,6302
504,6280
505,6267
506,6275
507,6437
508,6585
509,6586
510,6562
511,6750
512,6795
513,6700
514,6680
515,6803
516,6870
517,7058
518,6985
519,7018
520,7112
521,7216
522,7168
523,7255
524,7255
525,7473
526,7464
527,7362
528,7571
529,7793
530,7675
531,7742
532,7815
533,7895
534,7863
535,8108
536,7974
537,8261
538,8230
539,8402
540,8437
541,8542
542,8538
543,8712
544,8680
545,8772
546,8960
547,8987
548,9087
549,9051
550,9498
551,9351
552,9392
553,9494
554,9472
555,9771
556,9753
557,9848
558,10024
559,9848
560,10315
561,10245
562,10366
563,10524
564,10717
565,10627
566,10833
567,10823
568,10938
569,11263
570,11066
571,11316
572,11414
573,11565
574,11713
575,11700
576,11826
577,12046
578,12162
579,12313
580,12455
581,12554
582,12769
583,12664
584,12970
585,12668
586,13180
587,13261
588,13394
589,13595
590,13648
591,13830
592,13851
593,14046
594,14295
595,14259
596,14589
597,14729
598,14918
599,15228
600,15291
601,15456
602,15658
603,15859
604,15959
605,16315
606,16510
607,17014
608,16864
609,17137
610,17386
611,17446
612,17845
613,18053
614,18097
615,18581
616,18629
617,19117
618,19280
619,19370
620,19701
621,19831
622,20154
623,20147
624,20927
625,20902
626,21089
627,21578
628,21894
629,22229
630,22340
631,22693
632,22989
633,23309
634,23546
635,23787
636,23978
637,24222
638,24366
639,25015
640,25305
641,25095
642,25744
643,25990
644,26191
645,26588
646,26799
647,26924
648,27379
649,28084
650,28139
651,28566
652,28758
653,29425
654,29410
655,29432
656,29575
657,30120
658,30577
659,30712
660,30984
661,31701
662,31492
663,31862
664,32510
665,32373
666,32867
667,33223
668,33281
669,33826
670,33890
671,34357
672,34591
673,34747
674,34853
675,35304
676,35290
677,36065
678,36372
679,36339
680,36853
681,37079
682,37517
683,37815
684,37544
685,38220
686,38125
687,38524
688,38159
689,38636
690,38928
691,38778
692,39219
693,39592
694,39470
695,40160
696,39713
697,39831
698,39955
699,39965
700,40298
701,39771
702,40206
703,40430
704,40224
705,40496
706,40648
707,40550
708,40100
709,40026
710,40166
711,39938
712,39800
713,39866
714,39421
715,39145
716,39452
717,39178
718,38598
719,38878
720,38315
721,38044
722,37675
723,37986
724,37390
725,36983
726,36820
727,36338
728,35674
729,35322
730,34855
731,34441
732,34178
733,33596
734,33078
735,32283
736,31848
737,31596
738,30397
739,30293
740,29026
741,28808
742,28572
743,27037
744,27033
745,26421
746,25504
747,24892
748,24149
749,23588
750,22626
751,22192
752,21369
753,20737
754,19790
755,19034
756,18384
757,17830
758,17003
759,16302
760,15427
761,14758
762,14112
763,13565
764,12868
765,12217
766,11533
767,11058
768,10299
769,9921
770,9162
771,8610
772,8308
773,7704
774,7242
775,6737
776,6342
777,5915
778,5526
779,5121
780,4581
781,4284
782,3975
783,3740
784,3368
785,3080
786,2709
787,2522
788,2231
789,2085
790,1851
791,1687
792,1545
793,1332
794,1225
795,1041
796,890
797,871
798,719
799,708
800,575
801,485
802,425
803,377
804,322
805,312
806,229
807,186
808,183
809,124
810,100
811,113
812,77
813,68
814,60
815,38
816,32
817,26
818,20
819,22
820,17
821,16
822,16
823,4
824,9
825,4
826,3
827,4
828,2
829,2
830,1
831,1
835,1
