-5.968161530771197931e+00
-5.987690864606729058e+00
-6.019300398941973107e+00
-5.955338884259045784e+00
-6.036700573989051577e+00
-6.028999078521313670e+00
-6.104260536788455482e+00
-6.102554973212826361e+00
-6.124587378541731297e+00
-6.065092178433122427e+00
-6.076103205532674245e+00
-6.106263744728366305e+00
-6.191029164765438075e+00
-6.101772452139200276e+00
-6.278694324542470895e+00
-6.206190791688271702e+00
-6.279368704764870301e+00
-6.251879628193256266e+00
-6.349719004393257649e+00
-6.376407011165296623e+00
-6.410904339114455119e+00
-6.376052536761037004e+00
-6.417646098380584974e+00
-6.329622875198634979e+00
-6.427098705743605755e+00
-6.491181774902258006e+00
-6.514893019925363404e+00
-6.518984230769302002e+00
-6.491718083575411136e+00
-6.502635059727694511e+00
-6.572200932602895840e+00
-6.584383413582315825e+00
-6.449040294375994797e+00
-6.618638660855276079e+00
-6.638038144824649933e+00
-6.630785773779154901e+00
-6.548962835264941162e+00
-6.483657799542957179e+00
-6.629151106261929272e+00
-6.718364284175242673e+00
-6.675696014491133923e+00
-6.729180003828107992e+00
-6.656259018966835583e+00
-6.760574983951734396e+00
-6.762211848539816827e+00
-6.772745718113971414e+00
-6.610771840804908983e+00
-6.815437941684940881e+00
-6.853602004342421061e+00
-6.879069339640031089e+00
-6.838549255471471966e+00
-6.787896453573619482e+00
-6.789121257271491849e+00
-6.923190808340913271e+00
-6.898258111748107879e+00
-6.988772310079450989e+00
-6.881888461634641629e+00
-6.849827605087311255e+00
-6.849141069264900850e+00
-6.763625271904354364e+00
-6.938205964982329554e+00
-6.976802525099038199e+00
-7.054827158500032169e+00
-7.062429212144161639e+00
-6.861093325638459639e+00
-7.121326696830426073e+00
-7.095593183234481849e+00
-7.149187639315246479e+00
-6.868093362460719220e+00
-7.174768890241453256e+00
-7.206744820382621874e+00
-7.058210374050202240e+00
-7.208210051211808356e+00
-7.057664354869912948e+00
-6.994451727835150123e+00
-7.238519165144505330e+00
-7.215846161116660440e+00
-7.281485820599766789e+00
-7.300534283265613489e+00
-7.285007012756761213e+00
-7.058927492899662148e+00
-7.339286346087799728e+00
-6.971675080948230629e+00
-7.222731198362809302e+00
-7.332160928918553644e+00
-7.359255259974792018e+00
-7.224557723244524610e+00
-7.042488221787500891e+00
-7.381994346793046446e+00
-7.432204233066453725e+00
-7.453419542853696456e+00
-7.333851856369296485e+00
-7.260922721868164231e+00
-7.446227430030262440e+00
-7.428064503793926576e+00
-7.358273194630582381e+00
-7.178244869332324640e+00
-7.493333484497961550e+00
-7.486534406939012953e+00
-7.506080904838831280e+00
-7.495052779443525992e+00
-7.481861100398742970e+00
-7.221551839007569029e+00
-7.478897911291920053e+00
-7.399047822651271922e+00
-7.247701824451333152e+00
-7.589635185212977753e+00
-7.387503006090580193e+00
-7.309763535135237689e+00
-7.568417721703120549e+00
-7.525818575232304575e+00
-7.569817536576966432e+00
-7.431069372058984435e+00
-7.411206983446742669e+00
-7.615776168700153725e+00
-7.303493829727744746e+00
-7.652150620300296247e+00
-7.276915323739271635e+00
-7.652791032460356746e+00
-7.277613217562226566e+00
-7.328941965396809977e+00
-7.703609204094790108e+00
-7.543124461667058966e+00
-7.588195141669817012e+00
-7.573536252314037043e+00
-7.445694514377784401e+00
-7.210747622743088669e+00
-7.342295712853084133e+00
-7.769667015403359578e+00
-7.730106122902261845e+00
-7.651397654720550001e+00
-7.528224427636071248e+00
-7.629765956238995450e+00
-7.364199212371042691e+00
-7.349343185755795815e+00
-7.672324937202358086e+00
-7.816330511654863145e+00
-7.871448437915987029e+00
-7.796795410908986312e+00
-7.836933100502021077e+00
-7.450171773480330550e+00
-7.648973868087413308e+00
-7.558410373277602901e+00
-7.559645133699605779e+00
-7.752624862101529679e+00
-7.368048600930485748e+00
-7.338412055573569681e+00
-7.439176640006357033e+00
-7.869628597828888239e+00
-7.859320480319701652e+00
-7.947611614407670722e+00
-7.842285817680060944e+00
-7.545157565028143054e+00
-7.453312464665411419e+00
-7.915267325780677155e+00
-7.634795868753371018e+00
-7.812694502002178076e+00
-7.419898113577955812e+00
-8.018059722871408113e+00
-7.745695406388020565e+00
-7.636032530927914230e+00
-7.930753298920251382e+00
-7.720362722707997172e+00
-7.511112941009446153e+00
-8.100763363319785526e+00
-8.092934772802705012e+00
-7.820889958011703058e+00
-7.878842191941153317e+00
-8.085255177052754760e+00
-7.670627861259760927e+00
-8.130092279874643779e+00
-7.979590931111696150e+00
-7.753824411946105499e+00
-8.133358485870326504e+00
-8.122278631383315073e+00
-7.939563405389102435e+00
-7.726400158679533448e+00
-8.049044033673023790e+00
-8.101739442389227719e+00
-7.822699838328885491e+00
-8.204939227812412028e+00
-8.027141105289121725e+00
-8.220679747888871347e+00
-8.145026966600235951e+00
-8.142438789525140663e+00
-8.065669936744596313e+00
-8.230140350484663969e+00
-8.222884823055023773e+00
-8.178418232738467353e+00
-8.203426195301881663e+00
-8.050887222856074388e+00
-7.933493832537561907e+00
-7.870164176912242127e+00
-8.290958231083481067e+00
-8.081732571546492494e+00
-8.306134117686944762e+00
-8.185351390070279010e+00
-8.314756642852083601e+00
-8.349842216577654241e+00
-8.135049762425767383e+00
-7.864840403430722660e+00
-7.783087017524312756e+00
-8.251059666814200000e+00
-8.338188300323439606e+00
-7.699324834006827878e+00
-7.825513393750491709e+00
-7.834670534672656395e+00
-8.321124460300863390e+00
-8.210785333903237060e+00
-8.098089770511165852e+00
-7.999784757298231241e+00
-7.603847246734033227e+00
-8.436898405978839222e+00
-8.445182557753327046e+00
-7.961685872167012512e+00
-8.454769412006385210e+00
-8.409347290867199121e+00
-8.489940082441382430e+00
-8.417942141063905481e+00
-7.721565950703216608e+00
-8.336360937832322904e+00
-7.739778001126191853e+00
-7.643039303136049512e+00
-8.504743237725399752e+00
-8.358725516267108802e+00
-8.522537021932659940e+00
-8.286176213584809602e+00
-8.528179358397084187e+00
-7.804695828811121672e+00
-8.160985881713349599e+00
-8.557684646864178291e+00
-8.557208050089176510e+00
-8.179174482978906369e+00
-7.625529352245322023e+00
-7.923296907209367745e+00
-8.199299886226414813e+00
-8.514071870621730653e+00
-8.612336416463630684e+00
-7.791054019845453205e+00
-8.462943780734150323e+00
-8.419828185155500577e+00
-8.603880560572003233e+00
-8.643413452556803378e+00
-8.478410462945838333e+00
-8.418013408800815611e+00
-8.021075625950732757e+00
-8.120684096346707292e+00
-8.622292910005183941e+00
-8.296865111524065028e+00
-8.599551247735156778e+00
-8.191838261917283148e+00
-8.693264563574132353e+00
-7.915252289560698706e+00
-7.913145450793761526e+00
-8.529591965101275264e+00
-8.707930158531068443e+00
-8.194643173005699666e+00
-8.538900632489182740e+00
-8.559321525552761045e+00
-8.494901022903192711e+00
-8.393543001986078167e+00
-8.610297676667522992e+00
-8.336798649209930190e+00
-8.497078887831776228e+00
-8.483004673286954400e+00
-8.583031678225973238e+00
-8.782956035451716659e+00
-8.004162052022465446e+00
-7.736861961896755346e+00
-8.702156260704583701e+00
-7.934482721003118577e+00
-8.762453825900763604e+00
-8.808048375510736605e+00
-8.695595104337739301e+00
-8.351406617624512307e+00
-8.434625672924836337e+00
-7.872288491931997534e+00
-8.520925796767578220e+00
-8.811625220729951025e+00
-7.917303188434968497e+00
-8.762425305547457910e+00
-7.771542976344378850e+00
-7.916542338025999825e+00
-7.781760518615119970e+00
-8.644595978089100186e+00
-8.869144551982776292e+00
-8.594892668421531212e+00
-8.274438588772301983e+00
-8.683295870641918768e+00
-8.156907852092968980e+00
-8.828111297281083125e+00
-8.769607504983033763e+00
-8.875036427376088000e+00
-8.839261835718591698e+00
-8.842308863907371475e+00
-7.789990318941049097e+00
-8.640535470571959920e+00
-7.780807961743533951e+00
-8.075478963432798807e+00
-8.229134680740198604e+00
-8.431456676814203632e+00
-8.649988223669632603e+00
-8.401207740679755176e+00
-8.810877036799499962e+00
-8.898550073770095992e+00
-8.419197251649237046e+00
-8.342735601846452909e+00
-8.840602368313268400e+00
-8.577672379930689317e+00
-8.929770913630340701e+00
-7.835569146067443036e+00
-8.030477390973926433e+00
-8.507863218941917438e+00
-8.529337789201301590e+00
-8.880305452353169926e+00
-7.935566675424095884e+00
-8.365464763235475942e+00
-7.974321219699117336e+00
-7.880414686160653659e+00
-8.206718092355735905e+00
-8.242289685703537927e+00
-8.759968926914574183e+00
-7.794962689034955261e+00
-7.940101509356347620e+00
-8.115042534054630607e+00
-8.850308532356979896e+00
-7.959625801554921942e+00
-8.993867569024640574e+00
-9.032258901994413947e+00
-8.814739987719519831e+00
-7.907211749437676573e+00
-8.982104421174780029e+00
-8.990502993850270741e+00
-8.412272541869501907e+00
-8.892319711121761117e+00
-7.963186242945417881e+00
-9.000206865949657242e+00
-9.079385936743641139e+00
-9.063438125166754844e+00
-7.945500228729926562e+00
-8.953119388968996617e+00
-8.282207365600486426e+00
-9.059435923047768568e+00
-8.876793230386414990e+00
-8.422879621464188560e+00
-8.101666477319362514e+00
-8.560778763083650489e+00
-8.158930994329045561e+00
-8.139052523688160790e+00
-8.433926504178900885e+00
-7.907877689204639182e+00
-9.180276155511435832e+00
-8.814990485404967657e+00
-8.832360450913190775e+00
-8.037077077477018605e+00
-8.233234796950489098e+00
-9.050292040723846299e+00
-8.188919788180607284e+00
-8.627874236511203776e+00
-8.925066575457211826e+00
-7.867444002817245874e+00
-9.169583778373308292e+00
-8.821378054569539273e+00
-8.769690520694437552e+00
-9.247094893462163512e+00
-8.963228915668327801e+00
-9.189557871793610389e+00
-8.371680820613571328e+00
-8.668383025384935436e+00
-7.880126601152276145e+00
-8.612819141261690348e+00
-7.992606730832576112e+00
-8.179548587245692559e+00
-9.189515446006884858e+00
-9.284774909455887126e+00
-8.150012834566414455e+00
-8.895439593126100775e+00
-8.863497298595046203e+00
-8.432432850807632718e+00
-8.684581316076464219e+00
-8.318153969097853206e+00
-8.755536705120221086e+00
-9.021260859826881529e+00
-8.765479329211407489e+00
-8.111025793893082536e+00
-7.825547835297611776e+00
-8.670693147404641365e+00
-9.238999405906685780e+00
-8.840776993601055622e+00
-9.057764851608572698e+00
-7.859044042804621988e+00
-8.124477001469665893e+00
-9.184669751763529177e+00
-9.068102280559989126e+00
-8.469688148280805962e+00
-8.140083887851959688e+00
-7.948323907781715825e+00
-8.225504827546682662e+00
-9.227018384937593964e+00
-8.142882507187525931e+00
-8.522193769705644684e+00
-8.959270384023268363e+00
-8.599670959828211281e+00
-8.653962284626718571e+00
-8.025178797229598260e+00
-9.361934248949111748e+00
-8.703304082841041733e+00
-8.042194353611280988e+00
-8.324248696454684904e+00
-7.870057971531771557e+00
-9.388836910482984521e+00
-7.850808191025230087e+00
-8.420133944980515039e+00
-8.030889710137673276e+00
-8.586344866069028470e+00
-8.170980158709257424e+00
-9.388140093046940748e+00
-9.008258650244235000e+00
-8.377705070118844688e+00
-8.289066935855817775e+00
-9.312874085290435033e+00
-8.635095831708747838e+00
-9.360419643739072981e+00
-8.423829329984810599e+00
-8.365531284643980214e+00
-9.283209252846813087e+00
-9.413325022766562356e+00
-9.300840664292355342e+00
-9.325105354657072354e+00
-8.883911733967513769e+00
-9.021754658112751457e+00
-8.702253038940293450e+00
-8.205026067049217886e+00
-7.992972643207016503e+00
-7.896535091355435299e+00
-9.437403028366828650e+00
-9.174161052996042898e+00
-9.248774054947515921e+00
-8.951900980336850111e+00
-8.394869143508598697e+00
-8.977740477793714646e+00
-9.294825189123839593e+00
-7.973183438864269945e+00
-8.709804490611565697e+00
-7.944130820443875862e+00
-8.485984653814929501e+00
-9.144699630515621180e+00
-8.166407907022732005e+00
-9.091989316068669780e+00
-8.741997646787314835e+00
-9.146244167859091334e+00
-9.398521111751538371e+00
-9.196983163287331564e+00
-8.498883014352283993e+00
-8.806285244529071576e+00
-9.516068507357996253e+00
-8.324144992891744366e+00
-9.520680220548461747e+00
-9.550076364739208401e+00
-8.472139318820774534e+00
-8.347895217065090634e+00
-8.923374579586193178e+00
-9.477147313274221219e+00
-7.970340559916618162e+00
-9.469331304664077464e+00
-8.082773284256184354e+00
-9.515198324477688985e+00
-8.088247237305070669e+00
-9.400294203106646762e+00
-7.987418158740035246e+00
-8.196141422188489400e+00
-7.955934797345968867e+00
-8.156287970828413947e+00
-9.103765246623360952e+00
-8.283918637805836482e+00
-8.911694029595738087e+00
-8.205417619565713139e+00
-8.825285143368327923e+00
-8.036574088592752574e+00
-8.067833015013517795e+00
-8.729151076188227165e+00
-7.981137649738708539e+00
-8.030372923558267928e+00
-8.951955711354726120e+00
-8.022844919148379716e+00
-8.085330995030155066e+00
-9.366052451775926713e+00
-9.607327990347652502e+00
-8.175033856045471836e+00
-9.585215090629393586e+00
-8.659571973914479415e+00
-9.268959335319580717e+00
-8.158034001565191318e+00
-8.851186630286141721e+00
-9.326167119311003617e+00
-9.635568562340177223e+00
-9.468457165962766098e+00
-7.979487553791604348e+00
-8.318559687554193616e+00
-9.016574744432174882e+00
-9.619787226233736277e+00
-7.998481674606130021e+00
-9.542688101504067433e+00
-7.979854142105699211e+00
-8.298444611018364725e+00
-8.406907831148719978e+00
-9.500803660241230020e+00
-9.687780019193924730e+00
-9.281060504496808861e+00
-8.153958473757720427e+00
-9.192475140047198678e+00
-8.982108060655551895e+00
-8.438155224977707647e+00
-9.099916553573770273e+00
-8.006975558292982242e+00
-9.707320091555430963e+00
-8.771600103152858097e+00
-8.206659887293749733e+00
-8.495884686263817542e+00
-9.332347703819333873e+00
-9.712396139727978550e+00
-9.713641378310729380e+00
-8.856885152966844643e+00
-9.385600288254046575e+00
-8.041775698463387911e+00
-9.735318452345071094e+00
-9.761273607674958441e+00
-7.961548759966747824e+00
-8.294036048063796684e+00
-9.434497659455473695e+00
-8.645390490552088636e+00
-9.626636742516183176e+00
-8.168441745215794469e+00
-9.529677833039336576e+00
-9.162015150926265505e+00
-8.269043474654706571e+00
-9.619433307156889157e+00
-8.627038296383034321e+00
-9.545906499567596626e+00
-7.982622982069755402e+00
-7.930601960658002270e+00
-9.104065549900452581e+00
-8.894415767500962744e+00
-9.390582859125942150e+00
-9.612353743555766883e+00
-9.439638347966385012e+00
-9.224741438012559414e+00
-8.387051216471020254e+00
-8.042806630125525658e+00
-8.385848435164069414e+00
-8.811078286493934542e+00
-9.855762237459686048e+00
-9.823080409641571364e+00
-8.961924364846510116e+00
-8.631436502151228041e+00
-9.086392535702868756e+00
-8.640498154762633831e+00
-9.834082866593808703e+00
-8.366230935267482849e+00
-8.911870738514684476e+00
-8.320742920604850212e+00
-8.644662996481681461e+00
-8.273028500918195860e+00
-9.864860133020183497e+00
-8.242221664617588317e+00
-9.891247259888338306e+00
-7.942046857201425780e+00
-9.029081932884242434e+00
-9.755027437383942512e+00
-8.536075342987833992e+00
-9.636043786002895573e+00
-9.752241362901836297e+00
-9.556233899117767550e+00
-8.281794119732795778e+00
-8.212348443466986225e+00
-9.722725661298078137e+00
-9.922468015278127496e+00
-9.720509876125365878e+00
-8.689407442037365925e+00
-8.453351518192478764e+00
-9.928035475669286569e+00
-9.417960704053040644e+00
-8.037826624374940110e+00
-7.970093866366850577e+00
-8.428987576089884470e+00
-9.730945404740428017e+00
-8.409854000160203569e+00
-8.939768913892292446e+00
-8.839167572978814391e+00
-9.633762743353081248e+00
-8.241583173144173102e+00
-8.213137134489196356e+00
-9.178883552641295296e+00
-9.924706397351130249e+00
-8.395558595750438613e+00
-9.849999292055574784e+00
-9.044691845106935801e+00
-8.137259722592926181e+00
-9.805582538444920004e+00
-8.933769061540772327e+00
-7.944656253375655730e+00
-8.470759502587602796e+00
-9.982227360521354953e+00
-9.994599090260617658e+00
-8.517365245016765840e+00
-9.559846936277276441e+00
-8.198645539299935336e+00
-8.805681001363524274e+00
-8.710971141239943094e+00
-9.115054205632414863e+00
-8.131893863335138306e+00
-8.493054847025952370e+00
-9.555292712274271238e+00
-9.648531788729860281e+00
-8.372303316285817587e+00
-9.784658202152309414e+00
-8.477744528710392302e+00
-9.505088336904735868e+00
-8.237063229563776900e+00
-8.504289576491281366e+00
-9.880781036417433327e+00
-8.301376299691749949e+00
-9.140948529902376052e+00
-9.966396588128402456e+00
-9.807376917932222327e+00
-8.676149337295308683e+00
-8.720960017908540252e+00
-9.991392132468760678e+00
-7.990989056658571954e+00
-9.931478441715217542e+00
-8.501773747153047012e+00
-8.496354158614776608e+00
-8.385192417896904615e+00
-9.767205055720332041e+00
-9.749157885377595534e+00
-8.078902899640580060e+00
-8.123849792648828227e+00
-7.956566087327126446e+00
-1.010979320771394008e+01
-9.936290740084086082e+00
-9.968434786078962162e+00
-9.667779750990451504e+00
-9.029898803715843414e+00
-1.006429116754812370e+01
-9.425717813599433725e+00
-8.123008594315800579e+00
-1.000117224712548314e+01
-8.804053878058207161e+00
-9.675330341396504608e+00
-8.219210827764621641e+00
-7.960083656402167307e+00
-1.009983580531158864e+01
-1.009968866759535011e+01
-8.400480573964481223e+00
-9.889876784634587636e+00
-8.016705557748039723e+00
-1.010486261152093768e+01
-9.673757597258976659e+00
-7.972035240737743500e+00
-9.641216475574728051e+00
-8.525671026975047084e+00
-9.156425839924827059e+00
-9.500973136965720656e+00
-8.810552755326233054e+00
-8.500776297868767983e+00
-9.952499661589332192e+00
-9.510756344800819662e+00
-7.970124641562925660e+00
-1.017252608038137396e+01
-9.267041902183123625e+00
-8.807888814109364972e+00
-9.883012344395858406e+00
-8.474579307959778873e+00
-1.016416188266498644e+01
-8.196386601873358657e+00
-8.125124983402075785e+00
-1.019999594095445339e+01
-8.957311483771379201e+00
-9.794570723870311468e+00
-8.281427384547345838e+00
-9.101189666753805696e+00
-1.020565998922943329e+01
-9.648700110462989699e+00
-8.132236218998176724e+00
-8.339437896797260663e+00
-8.835566094253348268e+00
-9.401909558477731466e+00
-1.018324022176912003e+01
-9.692281242036569822e+00
-1.021073997422611868e+01
-9.607410419527850465e+00
-9.734796150078333099e+00
-8.299876170063843261e+00
-1.001487767569559040e+01
-8.966309437337262267e+00
-8.176557722882247248e+00
-9.059163804902128803e+00
-8.470854379621526320e+00
-8.661588011951314670e+00
-1.008471540393609800e+01
-8.278400902100386816e+00
-9.522321869328557398e+00
-9.222704612942276725e+00
-9.617208558925605999e+00
-8.024936656575551552e+00
-8.926726370156945478e+00
-8.028358468034863193e+00
-8.874173089103349454e+00
-9.291870999418589960e+00
-8.439363694610337419e+00
-1.021172555498080747e+01
-8.968593398637739966e+00
-8.681558657830073855e+00
-9.009722492648696957e+00
-9.399950202582049386e+00
-8.488883318634911745e+00
-9.228187731844249342e+00
-8.511422145302990572e+00
-8.659331381014490958e+00
-9.502293733861856495e+00
-1.005650809697450221e+01
-1.003272671769915014e+01
-8.643605080397628981e+00
-9.599355472587735250e+00
-1.015257993269814918e+01
-9.717137156485732064e+00
-8.521033192432073022e+00
-8.606267873388429024e+00
-9.778467785949388258e+00
-9.390932356311905593e+00
-8.918227277304588085e+00
-9.625734700463842941e+00
-9.213763833711393403e+00
-8.562559771011867937e+00
-8.175043066076487008e+00
-9.115809800544457886e+00
-1.035273243021698342e+01
-8.920420507935734378e+00
-8.325336239973950114e+00
-8.073580139086853791e+00
-8.480256691931625568e+00
-1.031732743759521398e+01
-1.034138995520428317e+01
-1.008547604736856762e+01
-1.006522612789274795e+01
-8.194406999540339243e+00
-9.918255167481726531e+00
-9.891539456250693974e+00
-9.704726730371612931e+00
-1.025423663543916319e+01
-8.574735874365620347e+00
-8.934347135338114754e+00
-9.527726234788874038e+00
-8.296906311011948532e+00
-9.976337061948029827e+00
-8.337184687658567128e+00
-1.012887851531649197e+01
-1.030992777095599955e+01
-9.446622024818456254e+00
-1.021428403187941214e+01
-9.645421096102580805e+00
-8.226866602533629447e+00
-1.040326347708934129e+01
-9.359899815553788471e+00
-1.041185049394944784e+01
-1.040413575915828304e+01
-1.021156018735467441e+01
-9.138439830416404064e+00
-8.661208422873189150e+00
-9.679479794968765205e+00
-8.304792941879835411e+00
-8.298345037239149846e+00
-8.569091999354768063e+00
-8.280175647123613203e+00
-9.340983602695379417e+00
-8.476353038008225482e+00
-8.836589378725456356e+00
-8.211832119267882035e+00
-8.482221381516735548e+00
-9.489038901417124805e+00
-9.381545416315262287e+00
-1.023829739018937524e+01
-8.651081365308744608e+00
-9.362191534107168422e+00
-1.021113073304381658e+01
-9.958038225691286272e+00
-9.595955251512599204e+00
-9.854844888964686689e+00
-9.420421218343751235e+00
-1.024240255414215106e+01
-1.022557092400434797e+01
-8.078701616069476898e+00
-8.010706090108113742e+00
-9.973308265806329231e+00
-8.915074148505917506e+00
-8.926887322327422325e+00
-8.142067076781255963e+00
-8.294478001105931142e+00
-8.911258632852462114e+00
-8.351571745486468856e+00
-8.598676273438190520e+00
-8.198329592571427682e+00
-8.972564688516511566e+00
-8.314984849452752513e+00
-8.509207711253594653e+00
-9.889250728460218909e+00
-1.045831997334647667e+01
-8.106619517352219972e+00
-8.733280996703420840e+00
-9.405582489419753500e+00
-8.549295366682679642e+00
-8.446276098512692343e+00
-8.846139811063798319e+00
-1.049930853698583988e+01
-1.042696124417485670e+01
-1.023658007774068857e+01
-9.147952762022351081e+00
-9.250003287383330886e+00
-1.016655544937549926e+01
-1.022249412383824740e+01
-9.618391310925838766e+00
-9.216316527208066489e+00
-9.710014530673996447e+00
-8.223424991132439743e+00
-9.908067682833518575e+00
-9.391529395445971318e+00
-1.047266656604169377e+01
-9.779495106972452945e+00
-9.802547021559826490e+00
-9.861563138037645615e+00
-9.857703130829751359e+00
-8.485646779858479150e+00
-1.034219699094591149e+01
-9.111683709621381411e+00
-9.829849119479838748e+00
-1.030618863924642881e+01
-8.662885079941700539e+00
-8.138011229695374382e+00
-1.056294421721321442e+01
-1.038702396971743269e+01
-8.563615623040977454e+00
-8.044650167675184704e+00
-9.253372386905315494e+00
-8.799112413185930848e+00
-8.101743507352976437e+00
-9.143642828897535324e+00
-8.036445711182741647e+00
-8.373646260663296204e+00
-8.504180657942582044e+00
-8.194165642506474612e+00
-8.632419454949062043e+00
-1.033807697194695763e+01
-1.005076378399769332e+01
-8.420227751511669467e+00
-8.693829438009297306e+00
-8.907712825501311826e+00
-8.894720596439421811e+00
-8.793463298505416859e+00
-8.157536185622426217e+00
-9.876794362692384865e+00
-8.079567151334689612e+00
-8.069898663268544325e+00
-8.624494963831045524e+00
-8.499721455063514952e+00
-8.787424902167146001e+00
-1.056668044805980600e+01
-1.029428301569386583e+01
-8.261523895255436400e+00
-1.055370714934313980e+01
-7.998438131542862095e+00
-1.006892059863519506e+01
-9.221822667164923715e+00
-9.189746315808454469e+00
-1.064017848615131179e+01
-8.633515586159633770e+00
-9.778593668374760739e+00
-9.161247255719397131e+00
-9.319738151536778759e+00
-8.212678795904308160e+00
-8.510944164165684001e+00
-8.505397573217724272e+00
-8.851550539964440745e+00
-9.959318263534594706e+00
-8.347436562508725899e+00
-8.099907290811662719e+00
-8.539141707791165103e+00
-8.792867335599185097e+00
-1.034294967037000390e+01
-1.007785852360482792e+01
-1.005627237107859706e+01
-8.039068243421281679e+00
-1.046986424062367149e+01
-8.908247834552563305e+00
-1.059143366382551754e+01
-1.046333484805309233e+01
-8.102867167203509524e+00
-8.329162420646769149e+00
-8.332013741208246671e+00
-8.609060402102061360e+00
-1.052343651828281956e+01
-8.269072014230843592e+00
-9.651344125883229097e+00
-9.760947429077702964e+00
-9.097937900281092283e+00
-9.507402037758708957e+00
-8.096246683973431502e+00
-1.034986680202948506e+01
-8.072704388601618319e+00
-9.584685695262685101e+00
-8.648800950978850821e+00
-9.388707930764235599e+00
-8.886075855006431823e+00
-1.060961402314333668e+01
-9.364988709450678073e+00
-9.177473631878639182e+00
-1.051374059163299002e+01
-8.780918160906525216e+00
-1.013564622687282935e+01
-9.929541065789589283e+00
-1.066714930560561392e+01
-8.246015582394292665e+00
-9.994367935071112541e+00
-1.039912599543071003e+01
-8.710263546360360820e+00
-1.065048928313499133e+01
-9.260825748195943063e+00
-8.816975399203952790e+00
-8.313076763252803758e+00
-1.075224874836585620e+01
-9.017956882483682435e+00
-8.710458405518709313e+00
-1.074820391313038748e+01
-8.412668731148464474e+00
-1.073361606737653240e+01
-9.997159227312153007e+00
-8.361027463603701193e+00
-1.061167368532511723e+01
-1.049141697615460522e+01
-8.383844993567240778e+00
-1.075866434182332831e+01
-8.879068005369019190e+00
-1.031869146620801381e+01
-1.017118100988532703e+01
-8.049386257454854032e+00
-8.040047510714728674e+00
-8.152923189619178501e+00
-8.216793003263186179e+00
-8.800685055419673830e+00
-8.676185862967123796e+00
-8.571477683625527533e+00
-1.035840724741440688e+01
-8.076352579700643020e+00
-8.137965160908049000e+00
-8.679257390056443811e+00
-1.032196938206348946e+01
-8.445348822924412246e+00
-9.656272028371724048e+00
-8.553131881986750784e+00
-9.138472764864125963e+00
-9.672952415454808772e+00
-9.002207993748728043e+00
-1.008857879918883782e+01
-9.210539274967834089e+00
-1.078272284055665864e+01
-8.532844054110217513e+00
-1.080356059664319801e+01
-1.078661499638514876e+01
-1.079006716680868116e+01
-9.547788987211877298e+00
-1.010983242605054322e+01
-8.275454263918131659e+00
-9.233190755696448093e+00
-8.531452702518846465e+00
-1.081843481011268260e+01
-8.192096607087618665e+00
-8.106079956172550283e+00
-9.466931064176847599e+00
-9.358386215622576998e+00
-9.613107974614520046e+00
-9.674060936102744535e+00
-8.695166720141608963e+00
-1.077550421558134452e+01
-8.756339264638787867e+00
-9.734012552409787133e+00
-8.910215347545005216e+00
-1.078132988596027175e+01
-8.523131890321973714e+00
-8.903652161127283193e+00
-1.039653273827607194e+01
-1.046139796705758584e+01
-8.949749522345541664e+00
-1.058407443156352201e+01
-9.242577475882596261e+00
-1.084056408853142983e+01
-9.543184996830483158e+00
-9.954715312634187185e+00
-9.521105448568169649e+00
-8.743342195153253726e+00
-8.401556197280960703e+00
-1.084262255509743333e+01
