-5.812528017634945421e+00
-9.105401745848773487e+00
-9.042444969281742573e+00
-8.878473146907095881e+00
-9.012543753381061507e+00
-8.907493375393409352e+00
-9.155091249767080441e+00
-9.054084303995276528e+00
-9.070597211353893741e+00
-8.868001344574134137e+00
-8.863328183761963075e+00
-8.953078312970188080e+00
-8.993768577953524357e+00
-8.842514061099127076e+00
-9.184004946908656208e+00
-8.967987759728334396e+00
-9.153268542915611761e+00
-9.070209459573526090e+00
-9.282056336316614420e+00
-9.269397962228032029e+00
-9.296971469280896017e+00
-9.136580278197000027e+00
-9.170714669344645742e+00
-8.989469909058867003e+00
-9.163575928002961390e+00
-9.315659509112883541e+00
-9.360406741724919044e+00
-9.316339313505414665e+00
-9.257498089903354099e+00
-9.244129918819536940e+00
-9.376280744260963473e+00
-9.391321178359978816e+00
-9.040048747171326227e+00
-9.409326335832888688e+00
-9.421204753804468979e+00
-9.370108356065077970e+00
-9.084825035640193391e+00
-8.991996535614561026e+00
-9.312665363034142274e+00
-9.466995293277316037e+00
-9.360582521136935341e+00
-9.450379456399836897e+00
-9.249285086309418702e+00
-9.470497072102901370e+00
-9.455575252929312668e+00
-9.470006766928923625e+00
-9.143084466867156479e+00
-9.471692025782457947e+00
-9.508384364666879307e+00
-9.548309670951043771e+00
-9.417168287395650594e+00
-9.297320623874909984e+00
-9.303022842949628668e+00
-9.563457019309387519e+00
-9.470522263013677389e+00
-9.627181912975425249e+00
-9.360583085121103153e+00
-9.319154768390982113e+00
-9.228400923203940565e+00
-9.209514582991713993e+00
-9.450476826235645333e+00
-9.492646873109187311e+00
-9.634010461492369615e+00
-9.625433982926551835e+00
-9.172440151699463584e+00
-9.674468890979875724e+00
-9.621403930624506273e+00
-9.710445525107594733e+00
-9.239989369606194103e+00
-9.736762794126653020e+00
-9.761610935987871329e+00
-9.494904850574730659e+00
-9.752186347147029366e+00
-9.481759630258046911e+00
-9.308816418364706635e+00
-9.767334154299625482e+00
-9.700812891813130889e+00
-9.828877591510909895e+00
-9.836997577739435172e+00
-9.802888565631512563e+00
-9.353775780932327422e+00
-9.862452482897685613e+00
-9.222670587870615222e+00
-9.631752828853962001e+00
-9.801365550510183766e+00
-9.849426646369453309e+00
-9.603190788138231682e+00
-9.245029451290212918e+00
-9.845804572234033714e+00
-9.919744295447070925e+00
-9.928964264212361002e+00
-9.683837060409553388e+00
-9.556907897652294537e+00
-9.891262241676466616e+00
-9.847469615016370525e+00
-9.734959288324736448e+00
-9.422147013054811282e+00
-9.938456972015906388e+00
-9.916966213336188218e+00
-9.946840300659982148e+00
-9.924256992935736932e+00
-9.877391201828640277e+00
-9.510001635177845358e+00
-9.779246200325301785e+00
-9.660458205490805028e+00
-9.469818436813127960e+00
-1.001312421149678755e+01
-9.641987194104061132e+00
-9.454908234976153736e+00
-9.982668347337005699e+00
-9.873976733493481817e+00
-9.990839659181162347e+00
-9.726434751639219556e+00
-9.728003987944404685e+00
-1.000864797362777914e+01
-9.451788454514254312e+00
-1.004786560560409470e+01
-9.452777141108350989e+00
-1.003814801721070538e+01
-9.454761489955911813e+00
-9.539646833673941728e+00
-1.009257367305076158e+01
-9.819841802585418833e+00
-9.891999235211672570e+00
-9.827453124533715112e+00
-9.623172224414346942e+00
-9.335077042554960514e+00
-9.475452005018658141e+00
-1.011868145512992534e+01
-1.008159253073982065e+01
-9.949648531932885120e+00
-9.737763133539980132e+00
-9.972871120116025168e+00
-9.523593105399655201e+00
-9.440443594327257770e+00
-9.925691326843590900e+00
-1.013246055349118180e+01
-1.021134423431718652e+01
-1.010030808765032084e+01
-1.010180396339939435e+01
-9.561690283730852613e+00
-9.879845416003153247e+00
-9.714222332198364285e+00
-9.697105987482846245e+00
-9.912293403592201457e+00
-9.501562018778178853e+00
-9.392140145960205189e+00
-9.530929167679177638e+00
-1.008814366809827057e+01
-1.012309771212261467e+01
-1.024464088055118616e+01
-1.006546767345526305e+01
-9.630353956397836868e+00
-9.536498383394265588e+00
-1.015238593635154274e+01
-9.748373311653006468e+00
-1.000152118341480012e+01
-9.470473091565200008e+00
-1.030223425089028133e+01
-9.890789753911098714e+00
-9.741335738542298728e+00
-1.015158257733731872e+01
-9.894433580620194846e+00
-9.630271928165296202e+00
-1.035364603308594056e+01
-1.033627375859821029e+01
-9.980510970720537500e+00
-1.003748106497265802e+01
-1.033028589526302810e+01
-9.764870281951509412e+00
-1.038988175913364920e+01
-1.006420156211599526e+01
-9.817942131947841489e+00
-1.038069754106538056e+01
-1.031495770266424294e+01
-9.978596546037756809e+00
-9.749149844924751562e+00
-1.022397522932203096e+01
-1.035216013829646009e+01
-9.851877839492855671e+00
-1.043985110341042777e+01
-1.010093262612161702e+01
-1.043950613517896109e+01
-1.033293793141881167e+01
-1.030980743915610987e+01
-1.019479102480087818e+01
-1.043348707820308263e+01
-1.041059807611204846e+01
-1.034584064602987930e+01
-1.037562876754605945e+01
-1.016409696270488539e+01
-1.000592790390653342e+01
-9.920349134701305971e+00
-1.048852693322604601e+01
-1.019844219016885667e+01
-1.051034657348602863e+01
-1.035071446863607747e+01
-1.049447159368018134e+01
-1.053797521968214745e+01
-1.022416102068269694e+01
-9.902795392308748390e+00
-9.801977075982517107e+00
-1.039281414458104358e+01
-1.046919329941743371e+01
-9.687717642430708764e+00
-9.812451827229926593e+00
-9.822632575803519117e+00
-1.045782706034727738e+01
-1.029724317694500968e+01
-1.021015907015051383e+01
-1.000406075185675370e+01
-9.536012771235583330e+00
-1.059904980207703495e+01
-1.058681308996209225e+01
-9.984254773457777787e+00
-1.058944838007562161e+01
-1.056737576424472635e+01
-1.061670146719655250e+01
-1.053367811393504816e+01
-9.626709786601345797e+00
-1.037517990578303717e+01
-9.654342525077368009e+00
-9.591552667377372998e+00
-1.062255359281392408e+01
-1.046652158041497671e+01
-1.064300283240119249e+01
-1.031509754456804728e+01
-1.063514245599145980e+01
-9.754845472809529738e+00
-1.013173425586856169e+01
-1.065253379735309558e+01
-1.065213712643418198e+01
-1.015399341744261541e+01
-9.548963461733618985e+00
-9.862147182565797365e+00
-1.018572615607844334e+01
-1.054031721370105679e+01
-1.069030652427113104e+01
-9.668394009062810213e+00
-1.051544438624071454e+01
-1.034481121559678307e+01
-1.065931558252732536e+01
-1.071026050697729204e+01
-1.049590452417159803e+01
-1.042525780078232067e+01
-9.962774155586275882e+00
-1.007376621675005701e+01
-1.061997831900579570e+01
-1.026505543166909540e+01
-1.062739312277081893e+01
-1.014209789727584976e+01
-1.074421750116580832e+01
-9.826276475744691652e+00
-9.730715295574183799e+00
-1.050563915001332305e+01
-1.073589944418374920e+01
-1.016824500778211693e+01
-1.055752257592750354e+01
-1.051278235776496750e+01
-1.045846803867884844e+01
-1.035604176337353088e+01
-1.062468264237248938e+01
-1.024381793246925909e+01
-1.047744728131651826e+01
-1.041335519178621638e+01
-1.054293250366866097e+01
-1.081677288792345948e+01
-9.844913801797764208e+00
-9.606621545297038267e+00
-1.070921380086825891e+01
-9.750527752009508831e+00
-1.073585977505981326e+01
-1.083465932289652756e+01
-1.069281599585147369e+01
-1.029836983046617149e+01
-1.037500601255406174e+01
-9.808096210240679014e+00
-1.046132716203862856e+01
-1.081221285694640954e+01
-9.775050145738473972e+00
-1.076952859937324547e+01
-9.619105209482640362e+00
-9.726223484968386401e+00
-9.669125651223145823e+00
-1.060158236902281992e+01
-1.086859010822306715e+01
-1.053530972918792230e+01
-1.019761181626994251e+01
-1.065917870669874468e+01
-1.003699447929391297e+01
-1.081234648386084629e+01
-1.073813660579145690e+01
-1.088138219305042398e+01
-1.081385474386757828e+01
-1.081856618387335445e+01
-9.671956229716348830e+00
-1.061197954385936981e+01
-9.660192413860011484e+00
-9.944971201562140095e+00
-1.011250542124749430e+01
-1.032294204676960270e+01
-1.062649158128103366e+01
-1.026725122334392459e+01
-1.075051567425944654e+01
-1.086953515990778740e+01
-1.032799628387227209e+01
-1.023805682919518034e+01
-1.081177153303982763e+01
-1.051807963275267532e+01
-1.091933520090188914e+01
-9.710293901436644504e+00
-9.912924983422319869e+00
-1.041882625227851911e+01
-1.044252001475129887e+01
-1.085650967103370235e+01
-9.798422986507061339e+00
-1.026067417234377999e+01
-9.844624079979135800e+00
-9.734392409681714042e+00
-1.009643205742776217e+01
-1.013333440898892057e+01
-1.069283667204577526e+01
-9.649205710978025152e+00
-9.731357291909960239e+00
-9.967906014322769792e+00
-1.079501095835995095e+01
-9.849675483516845631e+00
-1.096254432536372114e+01
-1.098284715805882250e+01
-1.074588916585593523e+01
-9.784965469635508839e+00
-1.093001273415363350e+01
-1.094921843323823296e+01
-1.028324187934551226e+01
-1.082680190283050692e+01
-9.868983722257270941e+00
-1.091704230649199658e+01
-1.101776519361351880e+01
-1.100189234726559917e+01
-9.794425655170359235e+00
-1.086103656786551142e+01
-1.014421082161052823e+01
-1.098845952260411352e+01
-1.078221122452248260e+01
-1.028656057228685583e+01
-9.948246762988192771e+00
-1.043315135518468750e+01
-1.000921163440855644e+01
-9.979513096967879804e+00
-1.032823008973911705e+01
-9.716576278079189777e+00
-1.109366249939749061e+01
-1.069532384751626708e+01
-1.070917293507548251e+01
-9.865985402489238609e+00
-1.006403618372513797e+01
-1.096659409030589316e+01
-9.993427666302952872e+00
-1.046225390648733189e+01
-1.078006653244632140e+01
-9.742112738447787024e+00
-1.107307966144906253e+01
-1.069987533716250461e+01
-1.064567676069527025e+01
-1.113846899916805633e+01
-1.081829644547185332e+01
-1.107975547197072963e+01
-1.026165753106480238e+01
-1.057001385015888673e+01
-9.706264139378241396e+00
-1.045870425966134221e+01
-9.812319623610934016e+00
-1.000217578220868475e+01
-1.106611914204825986e+01
-1.116513231756816538e+01
-9.984316238205234839e+00
-1.076520181677480181e+01
-1.075830073934168141e+01
-1.024931282718747383e+01
-1.053499994418318053e+01
-1.014933053587938971e+01
-1.059786557928057427e+01
-1.088641346797101050e+01
-1.054972091313259774e+01
-9.951661701628331969e+00
-9.623133980612097460e+00
-1.052917680392105204e+01
-1.104943058382150411e+01
-1.069359031831130658e+01
-1.095308832665022614e+01
-9.680053828895598400e+00
-9.942097302960419825e+00
-1.105534818634130545e+01
-1.098609272033081830e+01
-1.026761428428886269e+01
-9.948139962113097923e+00
-9.754812367533721940e+00
-1.003510754217017542e+01
-1.108417593693463310e+01
-9.882356903686616789e+00
-1.031377717335979582e+01
-1.076458001795584352e+01
-1.044025546480502342e+01
-1.052487275696219982e+01
-9.818627515603623124e+00
-1.121535128290765826e+01
-1.050722245265056287e+01
-9.834511642203510817e+00
-1.012170181994678408e+01
-9.667947911194200827e+00
-1.122996502932923057e+01
-9.648904004153001424e+00
-1.024788489863369101e+01
-9.853680223828362728e+00
-1.041698933160015450e+01
-9.971917346518154091e+00
-1.123156587184560351e+01
-1.081179379291063469e+01
-1.016919730565279956e+01
-1.012477536616360574e+01
-1.114599565659449354e+01
-1.045818827717892496e+01
-1.119591507820990550e+01
-1.024294952861361097e+01
-1.018285854571103322e+01
-1.111372154962478653e+01
-1.125044229552201003e+01
-1.113984940357056530e+01
-1.115702769207305600e+01
-1.070399067456505904e+01
-1.084525660671948977e+01
-1.051983171881357393e+01
-1.001701438798244759e+01
-9.796109590639396458e+00
-9.709260865468355206e+00
-1.126691207905436087e+01
-1.098422122786810640e+01
-1.106305074685646872e+01
-1.076245326565944893e+01
-1.019746891442171233e+01
-1.078887266682834678e+01
-1.110751353522732465e+01
-9.767104488541971108e+00
-1.056966636615147337e+01
-9.694771676719996734e+00
-1.023542452552116089e+01
-1.096958000901386754e+01
-9.933567485114307871e+00
-1.089206334992216618e+01
-1.054154291725455295e+01
-1.094627314761860326e+01
-1.119829842420671717e+01
-1.102104702232750277e+01
-1.031606002916896614e+01
-1.062344528846601399e+01
-1.131806388701079591e+01
-1.013228615345978767e+01
-1.128460241298354383e+01
-1.133363431731793547e+01
-1.026731840460206691e+01
-1.012354327143508925e+01
-1.069179300043605352e+01
-1.127199240442003969e+01
-9.754957029096035015e+00
-1.124181893529852871e+01
-9.881622414853481473e+00
-1.130646423389627309e+01
-9.901497640538131861e+00
-1.116948989834811812e+01
-9.803055111487635642e+00
-1.002334249942785505e+01
-9.744800657694492330e+00
-9.941067719182374418e+00
-1.089500273545801967e+01
-1.006673751470277089e+01
-1.070652707589426811e+01
-9.988564811008098232e+00
-1.058349614781512038e+01
-9.842426388122682113e+00
-9.871807504147096068e+00
-1.045712005632233144e+01
-9.752373486381877399e+00
-9.800492760703352957e+00
-1.074861148974599878e+01
-9.810501797170591232e+00
-9.878012704693677648e+00
-1.113637272445969373e+01
-1.137029843947480146e+01
-9.970142152452053708e+00
-1.135116030642612728e+01
-1.043891289615315721e+01
-1.103771629467605209e+01
-9.929750089503761146e+00
-1.061078582421440863e+01
-1.111581753611692669e+01
-1.139816051365225746e+01
-1.124899608973080767e+01
-9.781805837954347993e+00
-1.009084044977725547e+01
-1.073568463176976628e+01
-1.136118548868184952e+01
-9.765005340356809782e+00
-1.125607091913568247e+01
-9.780756144549823006e+00
-1.009878028279650763e+01
-1.016779823368137592e+01
-1.122983850010517948e+01
-1.142503567525621477e+01
-1.103966731800591283e+01
-9.932080672646787178e+00
-1.094904712820005699e+01
-1.074628946284804698e+01
-1.022156676587935031e+01
-1.086544115579765446e+01
-9.782649063711614801e+00
-1.143773292097635341e+01
-1.055011297710016827e+01
-9.978719717949731560e+00
-1.028296180250230840e+01
-1.109087009893515940e+01
-1.142416922013356917e+01
-1.144079693668249575e+01
-1.063853229231160569e+01
-1.110718890929009639e+01
-9.831231691236103742e+00
-1.144257708622657077e+01
-1.147092229317624046e+01
-9.666913031252933663e+00
-1.005738765106598009e+01
-1.117268566051623857e+01
-1.039637496058531241e+01
-1.134951019843770936e+01
-9.929100571381438201e+00
-1.123663405950845906e+01
-1.084663365089046572e+01
-1.001696023352157461e+01
-1.133484295507730266e+01
-1.039803291320316880e+01
-1.126787242474997441e+01
-9.755101474954734897e+00
-9.705264221523536960e+00
-1.083495902572228076e+01
-1.063775979923108039e+01
-1.109151754478567220e+01
-1.129985601296817421e+01
-1.117174343707817918e+01
-1.096616353148455225e+01
-1.016133858526123745e+01
-9.811602595565322105e+00
-1.013050737511857946e+01
-1.054401321445447692e+01
-1.152620231948123752e+01
-1.149123474645407228e+01
-1.072497946619201947e+01
-1.035899675045877899e+01
-1.080166089453790335e+01
-1.038067310605234361e+01
-1.150659571654129287e+01
-1.012031346472761584e+01
-1.066292304297293292e+01
-1.009222059788109682e+01
-1.038826658147476145e+01
-1.004286024764814478e+01
-1.150584748841251326e+01
-1.001032364780110839e+01
-1.154944972410063109e+01
-9.719001959478839936e+00
-1.076250782895905189e+01
-1.142730814985872811e+01
-1.029054266009714880e+01
-1.140104715065429808e+01
-1.139238630322596713e+01
-1.128555828249127480e+01
-1.000621658754997334e+01
-9.976659841112823557e+00
-1.139731569687162249e+01
-1.157128416634037116e+01
-1.139808959497602991e+01
-1.044942508863883290e+01
-1.021910734857626935e+01
-1.157465275383471415e+01
-1.111048414227993320e+01
-9.796778603010833919e+00
-9.752758906684217521e+00
-1.017459883215250649e+01
-1.140868760547993155e+01
-1.018202229168709749e+01
-1.068961186657029216e+01
-1.059997272857298611e+01
-1.131884250156215366e+01
-9.976565116566913360e+00
-9.967835205844961521e+00
-1.092808590076693775e+01
-1.154655554488143743e+01
-1.016742129167851516e+01
-1.147867630080412837e+01
-1.074945809936378183e+01
-9.890137192284667478e+00
-1.143890720176959697e+01
-1.062718594590747756e+01
-9.707649193201687510e+00
-1.022693166976038626e+01
-1.160438428613258033e+01
-1.161282161616608022e+01
-1.027531355831659887e+01
-1.122677661087035972e+01
-9.969284693193349867e+00
-1.049295468718647051e+01
-1.044275317113418389e+01
-1.084211358227248923e+01
-9.884381915527930218e+00
-1.025592183477943209e+01
-1.121803016908689088e+01
-1.132159748890170903e+01
-1.010910341346017205e+01
-1.140981584619496836e+01
-1.027347913591946060e+01
-1.113175829467678746e+01
-9.993225223739585772e+00
-1.025718480548409595e+01
-1.151211134070693554e+01
-1.006442885299448520e+01
-1.084365823118225691e+01
-1.157711961706564274e+01
-1.143213188662718416e+01
-1.036965164679342521e+01
-1.043847545297632884e+01
-1.160188417633440494e+01
-9.738500914005285836e+00
-1.155487935043566061e+01
-1.022696278640364476e+01
-1.022238854280426601e+01
-1.015638803488000264e+01
-1.134729969397667126e+01
-1.135340267863473862e+01
-9.827903353069345371e+00
-9.872049695742111552e+00
-9.740300671886442885e+00
-1.167544568048177389e+01
-1.155489569924538173e+01
-1.155680149222908426e+01
-1.130356121717628071e+01
-1.073474295981660198e+01
-1.163262378834569155e+01
-1.109845536197614457e+01
-9.888420353794026951e+00
-1.157622879455934140e+01
-1.053561123519260256e+01
-1.131849097160831086e+01
-9.983495447321038441e+00
-9.726518135325047609e+00
-1.165250749935087882e+01
-1.163381473665617705e+01
-1.010650012130624731e+01
-1.149869053334497337e+01
-9.778922754447462395e+00
-1.165192547528423184e+01
-1.133747030814761914e+01
-9.705035108540540634e+00
-1.125141023621465841e+01
-1.026113172113463357e+01
-1.085429184980069728e+01
-1.124700665684464163e+01
-1.053119966270578800e+01
-1.023733306499762996e+01
-1.154027656094760346e+01
-1.116936424352892665e+01
-9.725970809703355258e+00
-1.171545649711963577e+01
-1.094569057261596789e+01
-1.052355011883321545e+01
-1.148542931649677712e+01
-1.020661816829500346e+01
-1.170904213082652667e+01
-9.959313340702506068e+00
-9.920341602221929733e+00
-1.173668662254409334e+01
-1.063803061285223173e+01
-1.137886470413291562e+01
-1.000925026503156268e+01
-1.082777885795458772e+01
-1.173909817836231362e+01
-1.129376579112030754e+01
-9.884629919352621030e+00
-1.008389602184208655e+01
-1.055497358680788622e+01
-1.106573186578097356e+01
-1.171426553050676844e+01
-1.131688294240416859e+01
-1.173245456041251344e+01
-1.123587276015580727e+01
-1.135512689449067025e+01
-1.005440800479141039e+01
-1.158223676188560525e+01
-1.062824357271164821e+01
-9.958189074497811433e+00
-1.074205169139217020e+01
-1.021863317442462638e+01
-1.046173125072658827e+01
-1.163914532333862439e+01
-1.003834570584476360e+01
-1.115119412653866426e+01
-1.088888653233711068e+01
-1.126423519734889567e+01
-9.758741589555651075e+00
-1.065324521036272820e+01
-9.787415679289512838e+00
-1.058627411023060994e+01
-1.093773391962972497e+01
-1.018019167369820011e+01
-1.173011772364983329e+01
-1.066870304186988427e+01
-1.040615132641985063e+01
-1.070397564928879852e+01
-1.105901072476817681e+01
-1.022449898537885460e+01
-1.090251252887745359e+01
-1.024400808515646233e+01
-1.038297723864319266e+01
-1.114673511955846408e+01
-1.160433748311807989e+01
-1.158345385552024531e+01
-1.036477344846912985e+01
-1.119620417606939711e+01
-1.169174448685188317e+01
-1.135001416468408308e+01
-1.027708811580929726e+01
-1.028117598860572812e+01
-1.133926401238888104e+01
-1.108674428784021515e+01
-1.061520238488682999e+01
-1.123963279318009079e+01
-1.089484886013923592e+01
-1.029391542123622294e+01
-9.921264165708674199e+00
-1.080425239576979735e+01
-1.181821977369844134e+01
-1.061661007967375703e+01
-1.006141067089250463e+01
-9.815896122713507310e+00
-1.020426260558952336e+01
-1.179306581582168612e+01
-1.180704227937783735e+01
-1.162174361433936021e+01
-1.159698553351987016e+01
-9.949915886119898190e+00
-1.149142398758897876e+01
-1.145435605730460082e+01
-1.129816730227286570e+01
-1.174902975146371098e+01
-1.031217834462479210e+01
-1.062759107036515971e+01
-1.114312978911542373e+01
-1.003835192025511347e+01
-1.152579321805990453e+01
-1.007508718158253025e+01
-1.165130008542104179e+01
-1.178287848095612667e+01
-1.109111794070402901e+01
-1.171324521859814105e+01
-1.125505767996042650e+01
-9.965470958469387242e+00
-1.184598454186188476e+01
-1.101811517955873576e+01
-1.185204503286926858e+01
-1.183930935630199777e+01
-1.170583989906433686e+01
-1.081474354662517356e+01
-1.037720557962103030e+01
-1.128591679968088357e+01
-1.004855667930582364e+01
-1.004038732045333937e+01
-1.029031992016781061e+01
-1.002466378463078556e+01
-1.099079127310190351e+01
-1.021072665922089051e+01
-1.054521417380276382e+01
-9.950758326140126897e+00
-1.021800318691308895e+01
-1.112018953336248295e+01
-1.103579361406266912e+01
-1.172359317410780655e+01
-1.037414544366671976e+01
-1.101117041026940946e+01
-1.170841749501696327e+01
-1.150308767781466202e+01
-1.122137298861701282e+01
-1.141958043749111695e+01
-1.105135578076177794e+01
-1.171763584510501488e+01
-1.171928754074025925e+01
-9.812960577583419663e+00
-9.776930004646306571e+00
-1.150453108068604635e+01
-1.062881264155437577e+01
-1.063758611829892153e+01
-9.871482793212090101e+00
-1.002237931288486905e+01
-1.056789925357875326e+01
-1.005667609228464165e+01
-1.035569097858742182e+01
-9.947807874668161077e+00
-1.065872720394507134e+01
-1.005807734218262617e+01
-1.022832030274840598e+01
-1.144365014229724586e+01
-1.187328749802382966e+01
-9.915583873622002997e+00
-1.048775675699920917e+01
-1.109546457216674575e+01
-1.023672683415028928e+01
-1.017115940300968191e+01
-1.054344089267519635e+01
-1.189011509332568828e+01
-1.183722450481734967e+01
-1.170840889622217773e+01
-1.080853176102020541e+01
-1.091575143928553970e+01
-1.164480155374299741e+01
-1.167891680478121330e+01
-1.120406561989583949e+01
-1.085800331675974917e+01
-1.128882863208963272e+01
-9.953801050047545118e+00
-1.146463279515570299e+01
-1.101936577159399810e+01
-1.186530789578909761e+01
-1.135631642398040597e+01
-1.136982800525603921e+01
-1.140253418101991656e+01
-1.139723468176322108e+01
-1.024628235113109298e+01
-1.178479710313360407e+01
-1.078068737665939025e+01
-1.139225782949418786e+01
-1.175314468971904525e+01
-1.038102073120146684e+01
-9.891253147523295652e+00
-1.192089541031351985e+01
-1.180256344592327977e+01
-1.028338751903347337e+01
-9.794575054499011557e+00
-1.090575011891635526e+01
-1.049097928590557416e+01
-9.831811703185945106e+00
-1.081981382691603066e+01
-9.795664311745509778e+00
-1.008560518736707756e+01
-1.025428990559593778e+01
-9.902718038383982346e+00
-1.031354782833859929e+01
-1.173729303445435690e+01
-1.156597100325428507e+01
-1.014961854040174494e+01
-1.040607057511160249e+01
-1.060262458020698517e+01
-1.058940136614255323e+01
-1.050468226772407832e+01
-9.883106311720895931e+00
-1.140717337017663802e+01
-9.830740675638400816e+00
-9.832246139523716622e+00
-1.031258799238834278e+01
-1.025639862149249559e+01
-1.045395404061874345e+01
-1.192925481038931856e+01
-1.170913446443320360e+01
-1.001105073558036906e+01
-1.192933034728484287e+01
-9.768599448453183953e+00
-1.159081214820134065e+01
-1.086213255515639098e+01
-1.086373607476268077e+01
-1.196329777113854398e+01
-1.032524040439275481e+01
-1.132122383285661904e+01
-1.079800267607792819e+01
-1.095964151617964077e+01
-9.943756642750418706e+00
-1.022675870949549548e+01
-1.022757470101044142e+01
-1.054881511906037517e+01
-1.147959032059956996e+01
-1.008289502324248588e+01
-9.844991163514555055e+00
-1.025942740878979365e+01
-1.048405824675347198e+01
-1.175521711915304834e+01
-1.156282374751034148e+01
-1.156333901871778913e+01
-9.777126611735630135e+00
-1.184202436753690613e+01
-1.060377968271558657e+01
-1.194898001523055342e+01
-1.187476481156503816e+01
-9.819174107883078761e+00
-1.003150736740585458e+01
-1.005084649149208964e+01
-1.033373611080968324e+01
-1.188008435426419318e+01
-1.001499340344761713e+01
-1.127006661583280867e+01
-1.130089754533336510e+01
-1.078874929723417075e+01
-1.109407287934872421e+01
-9.824155518044667801e+00
-1.174953632664902514e+01
-9.826033230988162614e+00
-1.121226588361037635e+01
-1.033949954375034608e+01
-1.098521375610663142e+01
-1.057983064024807796e+01
-1.195025711336174901e+01
-1.101768097934008139e+01
-1.085497430864458224e+01
-1.187956385786736924e+01
-1.046917071989143722e+01
-1.154041192182993036e+01
-1.138677802443627307e+01
-1.199415150323965662e+01
-9.992827827422873455e+00
-1.151865847692317502e+01
-1.180659056505876414e+01
-1.039546539078650689e+01
-1.195071130479780486e+01
-1.092985422326089839e+01
-1.053248253981315230e+01
-1.002653094404004541e+01
-1.201735377766171631e+01
-1.066846430819491509e+01
-1.042770179197737868e+01
-1.201350510646295433e+01
-1.012666345525392408e+01
-1.200949528377602959e+01
-1.150387076700405764e+01
-1.008489097338430618e+01
-1.192686733871699545e+01
-1.185085634024290258e+01
-1.010475160227548130e+01
-1.201743750765986896e+01
-1.056524957877722848e+01
-1.173306706392916254e+01
-1.162648828991115657e+01
-9.794861252753184644e+00
-9.785688415383139827e+00
-9.882280069524179922e+00
-9.953681992832532188e+00
-1.049711687423338091e+01
-1.038370215098551874e+01
-1.027905333701227164e+01
-1.176305889308634001e+01
-9.822570691801500331e+00
-9.880033180692787909e+00
-1.041059465793958694e+01
-1.169677726346561641e+01
-1.017959336076630095e+01
-1.118671805458031621e+01
-1.023218333033124239e+01
-1.075170799386226506e+01
-1.129537562378195936e+01
-1.065830122401341029e+01
-1.154925091779259283e+01
-1.086253527608488234e+01
-1.202285530851122708e+01
-1.025120866897500349e+01
-1.203527110631552333e+01
-1.203595709144602210e+01
-1.203111057180145060e+01
-1.115205106841008131e+01
-1.156843462998662275e+01
-1.000641930573351601e+01
-1.091934537521657234e+01
-1.028080089442135048e+01
-1.203234767105302438e+01
-9.923973679575988527e+00
-9.844487185225471393e+00
-1.106851309022713714e+01
-1.098640191196813021e+01
-1.119186723691976404e+01
-1.124689142775649131e+01
-1.039186463540719529e+01
-1.201265674449208376e+01
-1.044745277296224550e+01
-1.128932576893492268e+01
-1.058766368639616573e+01
-1.201636086594569974e+01
-1.023046895517020971e+01
-1.058777041058967328e+01
-1.177794385240741093e+01
-1.182024251245814028e+01
-1.063034866012795021e+01
-1.189917981628337529e+01
-1.087533545923759348e+01
-1.204998815521611277e+01
-1.112961000292667713e+01
-1.146906848781047472e+01
-1.108651963870950397e+01
-1.041518682741242507e+01
-1.010354618929063086e+01
-1.204523113774895116e+01
