80000.000000 0.000000 0.000000 0.000000 0.000000 0.000000 0.000000 0.000000 0.000000 0.000000
40000.000000 0.295820 0.305813 0.261110 0.374850 0.194020 0.580690 69.000000 14.000000 0.323364
20000.000000 0.325151 0.344210 0.292485 0.406194 0.223955 0.648062 52.000000 11.000000 0.346572
10000.000000 0.364651 0.380378 0.330133 0.439243 0.257952 0.733318 39.000000 10.000000 0.371447
5000.000000 0.400380 0.422769 0.372540 0.471578 0.296729 0.803690 30.000000 8.000000 0.398107
2500.000000 0.471503 0.491929 0.451221 0.528200 0.373678 0.905802 22.000000 7.000000 0.426681
1250.000000 0.500071 0.541939 0.500549 0.545253 0.424840 0.975867 17.000000 5.000000 0.457305
625.000000 0.607727 0.626451 0.612660 0.609353 0.542440 1.084140 13.000000 5.000000 0.490127
313.000000 0.670787 0.708762 0.722911 0.745029 0.678696 1.226994 9.000000 4.000000 0.525222
157.000000 0.821549 0.874394 0.907695 0.811077 0.862109 1.345342 7.000000 3.000000 0.562739
