80000.000000 0.000000 0.000000 0.000000 0.000000 0.000000 0.000000
40000.000000 0.210335 0.185638 0.161682 0.269107 0.090410 0.780982
20000.000000 0.242816 0.227515 0.201120 0.321014 0.120612 0.912975
10000.000000 0.295937 0.279158 0.258726 0.374831 0.166270 1.107653
5000.000000 0.343126 0.329915 0.317403 0.427629 0.208339 1.284683
2500.000000 0.457371 0.447795 0.449771 0.552002 0.324293 1.583611
1250.000000 0.484918 0.519146 0.536196 0.572990 0.395382 1.718591
625.000000 0.702394 0.710037 0.827488 0.753090 0.650494 2.172429
313.000000 0.837044 0.897180 1.063266 1.051714 0.928051 2.745851
157.000000 1.202270 1.276710 1.727201 1.259677 1.403803 3.348833
