-5.959046712443265115e+00
-6.044754883113832911e+00
-6.113236039076703321e+00
-6.177726027245712181e+00
-6.244713807269162587e+00
-6.311003364264684556e+00
-6.373228312586118882e+00
-6.433088210996864120e+00
-6.478517283230675439e+00
-6.537709509262954022e+00
-6.591174974185094015e+00
-6.642903538051983858e+00
-6.696937095577766286e+00
-6.755684236696300360e+00
-6.808302564716467664e+00
-6.849827761433091133e+00
-6.890283738905027100e+00
-6.935792147172181288e+00
-6.976191258616090352e+00
-7.019123052310044741e+00
-7.062053061666364151e+00
-7.104621634019290255e+00
-7.145161740641690074e+00
-7.181316360403072530e+00
-7.220189256669008238e+00
-7.257200903856130481e+00
-7.300307788564543543e+00
-7.335390472473418910e+00
-7.377089483861362318e+00
-7.412294939122522131e+00
-7.440946398714832100e+00
-7.470663089828998515e+00
-7.504503934928709263e+00
-7.535999140545802000e+00
-7.574700294358582831e+00
-7.602174953080832687e+00
-7.630979412718328803e+00
-7.665755989080431654e+00
-7.691232716881224007e+00
-7.718739491150047982e+00
-7.752283806420786405e+00
-7.780756766554448589e+00
-7.807761674726068080e+00
-7.831525840972474839e+00
-7.859929848651966644e+00
-7.892193381596352530e+00
-7.914766821279784814e+00
-7.939504044132406513e+00
-7.965344203705147841e+00
-7.992054770600010905e+00
-8.016848057962674190e+00
-8.042803345731737608e+00
-8.065600005070088230e+00
-8.091846351256718251e+00
-8.111674903935051972e+00
-8.142800434555834244e+00
-8.169599485075524470e+00
-8.196030976675782398e+00
-8.219375899897325866e+00
-8.230639515551413155e+00
-8.252566823319087419e+00
-8.275581690274851354e+00
-8.310176652239054107e+00
-8.330278636213833465e+00
-8.364363726509356667e+00
-8.378412940843253054e+00
-8.402000682703896217e+00
-8.430487145327433041e+00
-8.453766912877878070e+00
-8.478873514343344908e+00
-8.487609435681600090e+00
-8.519165397221733826e+00
-8.537443049724299016e+00
-8.555956548073066159e+00
-8.568733716317606053e+00
-8.591415144651106672e+00
-8.618075209016343052e+00
-8.624701324505075206e+00
-8.652780727866241861e+00
-8.671108684356113372e+00
-8.682764059130958501e+00
-8.699977394303456180e+00
-8.722997226166919305e+00
-8.743567559054447713e+00
-8.757984220554936527e+00
-8.780323857042233726e+00
-8.786669248074357341e+00
-8.820497446930344765e+00
-8.826911567816267734e+00
-8.840980868946999749e+00
-8.859474895164977326e+00
-8.883115294047350119e+00
-8.895663400072551852e+00
-8.917546584961757006e+00
-8.935639973007312165e+00
-8.959307919992085090e+00
-8.965835197898577746e+00
-8.977845785174766391e+00
-8.995377443046480792e+00
-9.014490055318042039e+00
-9.035040115538315320e+00
-9.038320092497970748e+00
-9.048734202904411106e+00
-9.075295002588495308e+00
-9.073736740984418958e+00
-9.098157230298861364e+00
-9.103490001862921233e+00
-9.117836059966277773e+00
-9.142703324023758071e+00
-9.153437596843090773e+00
-9.144813932995576877e+00
-9.157238202025151708e+00
-9.171090360036879829e+00
-9.206489818501914613e+00
-9.195052447610253310e+00
-9.221275334019280123e+00
-9.254577317977629392e+00
-9.262088429014504243e+00
-9.279299859056962418e+00
-9.282873130901695191e+00
-9.285935794984080616e+00
-9.322811397565333280e+00
-9.328282889445251413e+00
-9.343006871638163346e+00
-9.357153708544259985e+00
-9.350666864585384985e+00
-9.379921339186120477e+00
-9.365460826662511451e+00
-9.399627937385718113e+00
-9.397424051310862225e+00
-9.422774027040983214e+00
-9.420721006960254940e+00
-9.430532901420299652e+00
-9.443381014447835398e+00
-9.465823447098355103e+00
-9.477740170267558995e+00
-9.483507222132709913e+00
-9.501507322127498156e+00
-9.514283976175624602e+00
-9.500703681255526334e+00
-9.514896802381876739e+00
-9.526033583714351494e+00
-9.550517944344552035e+00
-9.550425961765546035e+00
-9.577792028301448823e+00
-9.574833438192285939e+00
-9.592067067291715432e+00
-9.609764134984560613e+00
-9.598479530062377307e+00
-9.624802829832535878e+00
-9.643590672009260345e+00
-9.635332904459552594e+00
-9.641786322659473996e+00
-9.663929037562253299e+00
-9.641662076846408524e+00
-9.694177110923080321e+00
-9.671018593815469799e+00
-9.686557330760459550e+00
-9.725984792805951074e+00
-9.704200424295095218e+00
-9.742823293433264809e+00
-9.753841812563258884e+00
-9.707138446973935686e+00
-9.741396837901410422e+00
-9.778234048617752805e+00
-9.746605940523195954e+00
-9.785548385093964185e+00
-9.787554765146817104e+00
-9.792375402997878453e+00
-9.798318481812620107e+00
-9.843227430741819717e+00
-9.830821326029944629e+00
-9.874160597731313160e+00
-9.836562633929952781e+00
-9.836733065689408306e+00
-9.893606326672104601e+00
-9.911361603960656907e+00
-9.895698479797610858e+00
-9.932802007805452860e+00
-9.937372902797267926e+00
-9.950734193120993609e+00
-9.933513314404333272e+00
-9.916358406018012772e+00
-9.967133183925664497e+00
-9.970361756918753926e+00
-9.989567458350594009e+00
-1.000156171399448723e+01
-9.960568484865691019e+00
-1.001094585214884347e+01
-1.002446833344328958e+01
-1.001514644156913114e+01
-1.004623985522720631e+01
-1.005143327633077455e+01
-1.003591654453577675e+01
-1.007292689952969589e+01
-1.005102274023248299e+01
-1.007522688833946489e+01
-1.009795607413026275e+01
-1.010396257120960328e+01
-1.010086088200124443e+01
-1.005085268537541765e+01
-1.011143890186178318e+01
-1.012328374484156335e+01
-1.013834428453116665e+01
-1.011217638627617177e+01
-1.014274948652753494e+01
-1.015963084085308843e+01
-1.015527947420835453e+01
-1.015961927220953065e+01
-1.018039067957574595e+01
-1.014706415978635512e+01
-1.016507796815428222e+01
-1.018688954161141424e+01
-1.021971257924297305e+01
-1.021491313766400921e+01
-1.022548353417740685e+01
-1.020033150126749533e+01
-1.024402294923473100e+01
-1.022283763914369281e+01
-1.019258460479910866e+01
-1.026331055981956020e+01
-1.026028497089233227e+01
-1.020295320476762235e+01
-1.027464247176948753e+01
-1.026750283304185274e+01
-1.030292384637473013e+01
-1.031101613735824074e+01
-1.022757250859111267e+01
-1.031454224381197626e+01
-1.032717593881876006e+01
-1.031071878102631700e+01
-1.030566441747930995e+01
-1.032466922294733180e+01
-1.028028238047748566e+01
-1.035809357955982613e+01
-1.033071055779130454e+01
-1.030517927482957674e+01
-1.032117087866076233e+01
-1.038824346592555337e+01
-1.038317396962112227e+01
-1.032668213234786947e+01
-1.040791312440723537e+01
-1.035353513241804890e+01
-1.042174166387776957e+01
-1.037585820345061016e+01
-1.039325574538308672e+01
-1.044187168524092968e+01
-1.044953749714976077e+01
-1.045552521379308963e+01
-1.046236646597871989e+01
-1.045756479544261808e+01
-1.047230122974814392e+01
-1.047704494592885105e+01
-1.041383266598718471e+01
-1.048094541520241840e+01
-1.042616211726379305e+01
-1.044415248191370438e+01
-1.043835749185524264e+01
-1.047656450026169495e+01
-1.051627721848329955e+01
-1.049914761254956908e+01
-1.051202794677657870e+01
-1.048318491863110857e+01
-1.052455503976121065e+01
-1.044999911822625194e+01
-1.047164154359036736e+01
-1.056218131983552766e+01
-1.057558825568669469e+01
-1.047711676108352385e+01
-1.048308207738850584e+01
-1.059341815183833369e+01
-1.056810816319892865e+01
-1.056660884874426110e+01
-1.060829078723230978e+01
-1.057910386417810678e+01
-1.050693381424437334e+01
-1.059380943330392633e+01
-1.058293176100550070e+01
-1.051890576857432791e+01
-1.054742736005790782e+01
-1.060098819622605504e+01
-1.055330220543478426e+01
-1.053271183996667659e+01
-1.055016889925485302e+01
-1.066940318458361858e+01
-1.067048020539655973e+01
-1.066777415123511830e+01
-1.056819984870658402e+01
-1.068785185178093577e+01
-1.069706490813160826e+01
-1.067797686653933198e+01
-1.059162072062977167e+01
-1.066332002740986162e+01
-1.070070067806179814e+01
-1.068553162561961756e+01
-1.072893084628407045e+01
-1.072231818683985693e+01
-1.070892755453196266e+01
-1.073146820672821811e+01
-1.075377075096183255e+01
-1.071229699410544889e+01
-1.074735925726088048e+01
-1.073698251490836064e+01
-1.077415287511241182e+01
-1.078030477885720906e+01
-1.064502815289411330e+01
-1.066309006863941455e+01
-1.077027259386311719e+01
-1.069287268228586285e+01
-1.073630282026779525e+01
-1.068607802679118812e+01
-1.069788195815434939e+01
-1.073974578644392608e+01
-1.071408476406197252e+01
-1.074847397964892615e+01
-1.073673274859662286e+01
-1.070468744752630741e+01
-1.072417484846940638e+01
-1.080745009325712402e+01
-1.073138184004073636e+01
-1.084843170729530115e+01
-1.085943397004510658e+01
-1.074369546252689211e+01
-1.084994465005468989e+01
-1.079752355329830671e+01
-1.088420154830747144e+01
-1.087583350596687204e+01
-1.077996545072451795e+01
-1.079988262430356372e+01
-1.084121889596351451e+01
-1.077588732793465809e+01
-1.090591598281086583e+01
-1.090185207941099854e+01
-1.078213723171012539e+01
-1.079577186753316376e+01
-1.081077186560592729e+01
-1.093736092467254473e+01
-1.080354816455987965e+01
-1.094636863393072090e+01
-1.095184296791800804e+01
-1.091538568611991167e+01
-1.079576187121491770e+01
-1.092489927860913212e+01
-1.090495223136895753e+01
-1.097609561982855197e+01
-1.098102838065881137e+01
-1.097205087758969988e+01
-1.089431885161683944e+01
-1.099444246915003731e+01
-1.088447320546013941e+01
-1.098956873135681711e+01
-1.100507183405172285e+01
-1.098063932362801687e+01
-1.101781651626058434e+01
-1.099614841743268379e+01
-1.089876295092243730e+01
-1.086535806911723512e+01
-1.087573715140278097e+01
-1.103427673102033424e+01
-1.104207079026309302e+01
-1.104857202568746821e+01
-1.105110780960788475e+01
-1.101147211250523839e+01
-1.103913814332358356e+01
-1.093426739500964473e+01
-1.103417907312721624e+01
-1.093953102181719217e+01
-1.091576396583795194e+01
-1.103820583517751608e+01
-1.108586489258670582e+01
-1.103547473821793723e+01
-1.100466744964379373e+01
-1.106954071646929272e+01
-1.109739850079812840e+01
-1.094858980937800830e+01
-1.100532031104718378e+01
-1.108808665441125996e+01
-1.096608439199075846e+01
-1.106918379794338847e+01
-1.112283119109202367e+01
-1.102920736872642671e+01
-1.099600000547733814e+01
-1.111475319656713978e+01
-1.113489083999325047e+01
-1.111943317462972836e+01
-1.105583735735475592e+01
-1.103261414033926968e+01
-1.115657076217974542e+01
-1.105868775838367313e+01
-1.115674979404317924e+01
-1.116719410765638898e+01
-1.113951146722228458e+01
-1.108193177341803271e+01
-1.101225463921282177e+01
-1.117307393070538346e+01
-1.102214596080104414e+01
-1.103853348205085894e+01
-1.119754138707633473e+01
-1.119015532251516376e+01
-1.110638048188448401e+01
-1.114836661294445719e+01
-1.112441633250427486e+01
-1.113472807848844326e+01
-1.118211001417074968e+01
-1.116052618993840895e+01
-1.121539435395864714e+01
-1.122593297916576383e+01
-1.110782102917151626e+01
-1.120652241830598861e+01
-1.118832783342996606e+01
-1.104931401706546623e+01
-1.116613608944490821e+01
-1.111677241963392682e+01
-1.114290412949240405e+01
-1.123766334828424895e+01
-1.108614749407992761e+01
-1.111122349804777976e+01
-1.106032254334890474e+01
-1.124424620274385234e+01
-1.126176168259527799e+01
-1.127940537793946341e+01
-1.116610335099076146e+01
-1.111004922981654630e+01
-1.109785325310288506e+01
-1.107612241117619334e+01
-1.117698533147735951e+01
-1.114190276015928482e+01
-1.117419056389332610e+01
-1.121222701099317121e+01
-1.126370741005254139e+01
-1.120816332341457233e+01
-1.117681019658278530e+01
-1.125429056468781219e+01
-1.124576233643321466e+01
-1.124250125775373732e+01
-1.123263897004687806e+01
-1.125285524348204191e+01
-1.119579887896018811e+01
-1.126034656875390638e+01
-1.135377910928019496e+01
-1.125426956051863137e+01
-1.134928081796196331e+01
-1.134640472826569280e+01
-1.118992625072951164e+01
-1.129494265953882426e+01
-1.133060226370905887e+01
-1.115509918497099484e+01
-1.136786177619272209e+01
-1.135318123855569716e+01
-1.138140552243412174e+01
-1.118492124108468033e+01
-1.139499461202647446e+01
-1.120729763025931369e+01
-1.134028294141245397e+01
-1.140264010057212829e+01
-1.131303525745315852e+01
-1.131256855926394067e+01
-1.139975257720249502e+01
-1.132144277040746161e+01
-1.142398436764514535e+01
-1.138816196228931332e+01
-1.132279403999207901e+01
-1.120545155482910182e+01
-1.141860270888016160e+01
-1.127931404176897168e+01
-1.130960455076254156e+01
-1.141500338207717569e+01
-1.120477738911473686e+01
-1.145887206051378016e+01
-1.123156152244974137e+01
-1.146239282421648653e+01
-1.132498793458194264e+01
-1.147218800120390725e+01
-1.145144125929118317e+01
-1.146702702131143603e+01
-1.137920492463469380e+01
-1.147801337937996102e+01
-1.148559792568387472e+01
-1.134510537376381301e+01
-1.148832925702112284e+01
-1.139324230635525836e+01
-1.132486391605633003e+01
-1.146214557077449570e+01
-1.147629829647254951e+01
-1.125030618821934247e+01
-1.123387893694712858e+01
-1.141913524354473708e+01
-1.149363079949840305e+01
-1.148151668095055378e+01
-1.150360205252125922e+01
-1.149851785418750083e+01
-1.144440039794105957e+01
-1.150143166777901627e+01
-1.152645858835551174e+01
-1.152262193333146811e+01
-1.141876625911091736e+01
-1.140829686699778733e+01
-1.147766327231927619e+01
-1.153056973982129030e+01
-1.153194496146192272e+01
-1.143392901023091568e+01
-1.144717908598690492e+01
-1.154935426272968080e+01
-1.148283550134380704e+01
-1.132090066817533192e+01
-1.155523189316630805e+01
-1.148161953957080428e+01
-1.146614183752647342e+01
-1.150438447967110456e+01
-1.140690138595189040e+01
-1.155308479366376062e+01
-1.146792262992003408e+01
-1.143784461159180843e+01
-1.146881639677067000e+01
-1.158927009203235770e+01
-1.159330987214262088e+01
-1.142698098906573456e+01
-1.154713967366080318e+01
-1.159747063553143676e+01
-1.142279762686531086e+01
-1.150996582664820167e+01
-1.155906976594634727e+01
-1.156297675902238886e+01
-1.138067108640717251e+01
-1.143644624944799126e+01
-1.159315268383396891e+01
-1.155428170459498993e+01
-1.140695311580210181e+01
-1.162793432002395022e+01
-1.157146718287675036e+01
-1.162382387327043531e+01
-1.159670781138555107e+01
-1.152101226136783829e+01
-1.153521827189250715e+01
-1.160281299637776264e+01
-1.159687881074276561e+01
-1.148759246226262043e+01
-1.162635260024730499e+01
-1.144527897404205419e+01
-1.158441590208906646e+01
-1.148779408532292301e+01
-1.145157186166969332e+01
-1.146704095978634363e+01
-1.166258286865191884e+01
-1.157918408594870918e+01
-1.140424703721603805e+01
-1.159963026325308100e+01
-1.163382513317055533e+01
-1.163169504485439987e+01
-1.142412422162805896e+01
-1.168070410968744710e+01
-1.153307452370144226e+01
-1.155371344708462722e+01
-1.162865036203352886e+01
-1.154045652848568260e+01
-1.162126440984162379e+01
-1.155193560426262067e+01
-1.152495534330913429e+01
-1.157798106638153257e+01
-1.170039857758308521e+01
-1.168461750894166506e+01
-1.143684692570698580e+01
-1.155274595511833091e+01
-1.153345584244847899e+01
-1.141967882416050806e+01
-1.150249973664070247e+01
-1.167738091089043984e+01
-1.162945344633807032e+01
-1.153696322914822581e+01
-1.163046540988552202e+01
-1.163474036082116214e+01
-1.174051104118466249e+01
-1.150171639390636891e+01
-1.149894778391761285e+01
-1.159972712682065143e+01
-1.174961507881651812e+01
-1.168917143333305830e+01
-1.147814218562018240e+01
-1.174468730136415395e+01
-1.164175202948215748e+01
-1.147284830953856094e+01
-1.176898638682210496e+01
-1.160518311507234834e+01
-1.175136711883618723e+01
-1.144260245469062731e+01
-1.175501301469905080e+01
-1.162802480832886864e+01
-1.160700873089406393e+01
-1.178096065147629723e+01
-1.177208529768331502e+01
-1.176898669055694668e+01
-1.174254722958506569e+01
-1.160166648925323152e+01
-1.172253733890962835e+01
-1.164928986754769014e+01
-1.170877890575193092e+01
-1.147764225666129789e+01
-1.167600238607519358e+01
-1.147765621987566753e+01
-1.163459486701465728e+01
-1.152224909662135843e+01
-1.181019886877091807e+01
-1.180082294057912762e+01
-1.156484520478249323e+01
-1.173853625153605407e+01
-1.180976033219015697e+01
-1.164215852990940192e+01
-1.173318076274090771e+01
-1.182973379524981716e+01
-1.181641661568880153e+01
-1.163993867328934861e+01
-1.181167970790595589e+01
-1.180381832892915561e+01
-1.175225666167797378e+01
-1.183935121253667866e+01
-1.178882597349591776e+01
-1.183063025419414949e+01
-1.177983248640074088e+01
-1.158349731157813167e+01
-1.161630880608024086e+01
-1.172717367713362435e+01
-1.179667760086261019e+01
-1.160214603839041203e+01
-1.159812395199403490e+01
-1.181274981242659905e+01
-1.181817947760882603e+01
-1.176314976600137463e+01
-1.186010154787276427e+01
-1.153374026170414091e+01
-1.173438504337026167e+01
-1.186898367751427408e+01
-1.164861612470118857e+01
-1.185906365722109790e+01
-1.163601428382381009e+01
-1.174609277207664171e+01
-1.171071422727595746e+01
-1.187837391176587687e+01
-1.165537476055506438e+01
-1.188494596352786026e+01
-1.175446060840602236e+01
-1.188601394709007586e+01
-1.176730420148060041e+01
-1.172839007710313197e+01
-1.185810564609155371e+01
-1.188871477355019124e+01
-1.171223994387455392e+01
-1.178883083031920087e+01
-1.188605035720689962e+01
-1.189912323166576513e+01
-1.174702391533237211e+01
-1.190811952213908498e+01
-1.156993195903142890e+01
-1.185513912139545667e+01
-1.162013397479890919e+01
-1.179311672485053641e+01
-1.180166151183549239e+01
-1.158215960789553201e+01
-1.174998741977583094e+01
-1.192212852857947070e+01
-1.158015178000222001e+01
-1.157635238922780196e+01
-1.177010344918907059e+01
-1.174224967739143999e+01
-1.191715668171137388e+01
-1.172196185772466315e+01
-1.176855793937740735e+01
-1.188141171058695811e+01
-1.180089215865652008e+01
-1.159890645798049036e+01
-1.194124031912720696e+01
-1.193118953760217771e+01
-1.176931685411097561e+01
-1.191974968812498226e+01
-1.188921659700522682e+01
-1.192259826173838633e+01
-1.168277434268402537e+01
-1.189450128362133619e+01
-1.163531651235818032e+01
-1.194027701182246659e+01
-1.186409062326118580e+01
-1.164517014159508612e+01
-1.160353143906022133e+01
-1.187432713036436738e+01
-1.170725096130298759e+01
-1.196891585408316239e+01
-1.185892855480028096e+01
-1.192969471974889473e+01
-1.197233129311507760e+01
-1.168932432623208051e+01
-1.158625745028610332e+01
-1.191315860276306537e+01
-1.195455254111687005e+01
-1.196429233322122698e+01
-1.188439952115465381e+01
-1.198407467774260482e+01
-1.195328585043267822e+01
-1.182629256661611628e+01
-1.179374587787293827e+01
-1.198046859567033096e+01
-1.197453007509778011e+01
-1.186507320914244801e+01
-1.183092419427832986e+01
-1.197593475861910939e+01
-1.200001615114747544e+01
-1.197984873764929503e+01
-1.200168281723735753e+01
-1.161484662444271621e+01
-1.198817544491229015e+01
-1.200903457105748728e+01
-1.199028798366888715e+01
-1.201111709420674956e+01
-1.200678985056114456e+01
-1.182704103248140015e+01
-1.192219394250674824e+01
-1.195365665894746598e+01
-1.191765045700466885e+01
-1.167001737565421493e+01
-1.202657502270924361e+01
-1.202154117732720628e+01
-1.201067609858892560e+01
-1.193357718830513114e+01
-1.176226866611914978e+01
-1.190591552202140768e+01
-1.177808788286721331e+01
-1.168977140258586189e+01
-1.184301756381476345e+01
-1.175197478011364538e+01
-1.191980889932105647e+01
-1.168461073206009004e+01
-1.162807505917645301e+01
-1.163045747809718655e+01
-1.163562015775209346e+01
-1.202822089079269929e+01
-1.187347143642685943e+01
-1.205023594279993304e+01
-1.192757513454682972e+01
-1.172233995529932038e+01
-1.200589923888731292e+01
-1.205648676564945454e+01
-1.172856118968065964e+01
-1.201775924833102316e+01
-1.182556442148796449e+01
-1.178738977075986938e+01
-1.184475227335314962e+01
-1.201856970703723348e+01
-1.173912256788867303e+01
-1.206411867214309552e+01
-1.198778976980496047e+01
-1.192285679868281711e+01
-1.194723436971062469e+01
-1.204476739771686589e+01
-1.204231229624954835e+01
-1.194981523891160258e+01
-1.171991587902335219e+01
-1.189124664121250063e+01
-1.182617098063258609e+01
-1.178002445680957777e+01
-1.201011138381720933e+01
-1.200828323352818572e+01
-1.182196612448241879e+01
-1.166058756094674997e+01
-1.180855271315365052e+01
-1.201724196371085185e+01
-1.210253374859030728e+01
-1.190687436016946776e+01
-1.196843632146362779e+01
-1.200162070845431828e+01
-1.210715243997655577e+01
-1.209478739294899086e+01
-1.177222225138344669e+01
-1.211234971656939585e+01
-1.211071080611331574e+01
-1.211476423518858780e+01
-1.205609399598031040e+01
-1.191688606415628904e+01
-1.212068717079505831e+01
-1.171712927806794546e+01
-1.212250339488725359e+01
-1.208631068425156130e+01
-1.186751854582739441e+01
-1.199205239918286203e+01
-1.200241520790780214e+01
-1.212899090414569159e+01
-1.212222953563347971e+01
-1.188053286583609669e+01
-1.212871607929029594e+01
-1.194014961366131189e+01
-1.177998523531530495e+01
-1.175059041821359429e+01
-1.211343597809775829e+01
-1.214083622829590148e+01
-1.179115900772006675e+01
-1.205932865106275287e+01
-1.212894224252764097e+01
-1.206856595709236046e+01
-1.204481727096220034e+01
-1.203331263867953638e+01
-1.211673066367813334e+01
-1.206865569671114535e+01
-1.210375108487517615e+01
-1.175720978450589804e+01
-1.215657931858025265e+01
-1.194357017169382118e+01
-1.184784921733040264e+01
-1.216221382881765933e+01
-1.188996114600061205e+01
-1.215202278303080874e+01
-1.210368484507129594e+01
-1.211847674067872305e+01
-1.192119523069426990e+01
-1.176272589782637290e+01
-1.211655896581187974e+01
-1.210182656611737428e+01
-1.179018521592233881e+01
-1.185180217061879127e+01
-1.216794096604904318e+01
-1.217651375301549876e+01
-1.174692213790491380e+01
-1.171406702202895111e+01
-1.203609896456034001e+01
-1.205549181662093261e+01
-1.192298813458890727e+01
-1.187883925454984002e+01
-1.210319815163295765e+01
-1.218607566619574456e+01
-1.213907822437447059e+01
-1.213055560959823787e+01
-1.208180010263202320e+01
-1.200442570148095811e+01
-1.196529856841225659e+01
-1.181226748245951974e+01
-1.181153475729724178e+01
-1.204631871251661757e+01
-1.218783176522402556e+01
-1.172010587126844960e+01
-1.213847057223681603e+01
-1.195651202424809512e+01
-1.210250297186183666e+01
-1.189810617937559378e+01
-1.218244166707391329e+01
-1.194477251500772397e+01
-1.219811543198361470e+01
-1.173327643427896305e+01
-1.196448472080892067e+01
-1.182812645790596129e+01
-1.212022326802987138e+01
-1.181637319653872709e+01
-1.184749470609047428e+01
-1.217180630150026133e+01
-1.178865777883557442e+01
-1.221737341114407549e+01
-1.222294466073277874e+01
-1.219944384612427513e+01
-1.221354982097905761e+01
-1.174417394185107355e+01
-1.176528718237726601e+01
-1.222928208731056365e+01
-1.216894041205127941e+01
-1.176709212069280852e+01
-1.214326553601270042e+01
-1.206450872145528308e+01
-1.214852219588723159e+01
-1.208881554899770983e+01
-1.212681882054650018e+01
-1.188928117086709513e+01
-1.217877159621446914e+01
-1.220113186660960558e+01
-1.223584776482007364e+01
-1.193427799837970049e+01
-1.223540525487075570e+01
-1.222627899430948339e+01
-1.215208036203713959e+01
-1.222655529804690389e+01
-1.197066705382302487e+01
-1.217032115436466810e+01
-1.177332838265814630e+01
-1.224454293737060517e+01
-1.190541790129378263e+01
-1.181458252365194284e+01
-1.221233107548194141e+01
-1.216141771505555802e+01
-1.225898213604354758e+01
-1.183931792213821055e+01
-1.222736910653180331e+01
-1.222137573091290896e+01
-1.218992441254489556e+01
-1.224781464032245637e+01
-1.176483898336410761e+01
-1.223810687472357728e+01
-1.212976827836438254e+01
-1.180611759259819671e+01
-1.207843677860836529e+01
-1.196434571502125088e+01
-1.217040893454739958e+01
-1.195152592215280762e+01
-1.218065287292873755e+01
-1.206407661289950006e+01
-1.203539264596325609e+01
-1.201650592434525144e+01
-1.227123823757436938e+01
-1.228657136203471367e+01
-1.182160224874499299e+01
-1.222807367723877370e+01
-1.201699856971576708e+01
-1.180394571258883829e+01
-1.223765443177157941e+01
-1.201240596048509879e+01
-1.185087797260117881e+01
-1.221713080137642038e+01
-1.186325451495580552e+01
-1.229980850926046010e+01
-1.208394124338386000e+01
-1.187244872895421466e+01
-1.217129194138231796e+01
-1.197121821686856791e+01
-1.190870420069741797e+01
-1.229392682102834478e+01
-1.204398577140882942e+01
-1.220280255618417975e+01
-1.211524789248309908e+01
-1.201836938452479941e+01
-1.230894007765989784e+01
-1.218073337814115220e+01
-1.193884933681886551e+01
-1.212005285603009952e+01
-1.208932009227600979e+01
-1.221174689583052420e+01
-1.206123611840992105e+01
-1.189195977142010285e+01
-1.210781003786509658e+01
-1.198190663858480143e+01
-1.214809054324770443e+01
-1.216620338409390634e+01
-1.207069588253750325e+01
-1.184122575208414752e+01
-1.214035845715083006e+01
-1.229240867923491898e+01
-1.232689131911485525e+01
-1.202336578005666468e+01
-1.225371673089373026e+01
-1.186545713665478097e+01
-1.206672372005703586e+01
-1.196295603401819463e+01
-1.229828359289694184e+01
-1.210072906988379948e+01
-1.214465957500719107e+01
-1.195788701083145256e+01
-1.201136830273895839e+01
-1.195407960624750565e+01
-1.186468295554506014e+01
-1.201979028319885856e+01
-1.228342222298385877e+01
-1.222992320991786208e+01
-1.221527792513963107e+01
-1.189709775595558838e+01
-1.226165731328815589e+01
-1.200469694106144836e+01
-1.213475149763840655e+01
-1.215968200513919584e+01
-1.229987202203376029e+01
-1.224104829538317496e+01
-1.184020634055894661e+01
-1.209082775904989937e+01
-1.227321093512610872e+01
-1.209762303646196813e+01
-1.234353663787192978e+01
-1.212235665090974912e+01
-1.232252391758213683e+01
-1.233429598043010422e+01
-1.204967713388988670e+01
-1.189895394775964732e+01
-1.206284094835998566e+01
-1.189546652370428959e+01
-1.198848919690184367e+01
-1.230156026520354118e+01
-1.236382548538890269e+01
-1.185521183760979547e+01
-1.233025090282432146e+01
-1.196845482361449164e+01
-1.219934284396120283e+01
-1.236287027009511519e+01
-1.231247273537598552e+01
-1.224791977413594957e+01
-1.228367485732706932e+01
-1.194505556159295345e+01
-1.203143712975991697e+01
-1.222196824210214139e+01
-1.192050414248162937e+01
-1.210715703321680259e+01
-1.237148070914016174e+01
-1.192138340049359613e+01
-1.191594977279296863e+01
-1.231029492878637654e+01
-1.213814066272566272e+01
-1.237158289669435263e+01
-1.215053006719660011e+01
-1.206827175738292546e+01
-1.235612486037539703e+01
-1.201305873381543421e+01
-1.232587022992568038e+01
