1.350339 0.599878
0.063121 -0.329434
0.121398 0.332760
0.791268 0.079796
0.265433 0.077936
-0.405502 -0.246930
0.797725 0.401821
1.196761 0.500524
-0.464824 -0.116920
0.356706 0.442536
0.995917 0.706012
0.725801 0.326936
-0.093267 -0.087789
-0.741023 -0.009486
-0.120307 0.090325
1.929646 0.774558
0.814833 0.323197
-0.011973 -0.019113
0.334254 0.033880
0.363301 0.117149
-0.945984 -0.714329
-0.023458 -0.222664
-0.262317 -0.138777
-1.123807 -0.389123
-0.711243 -0.459169
0.962345 0.353755
-0.356048 -0.077793
-1.563192 -0.494641
-0.654976 0.093808
1.120044 0.568299
-0.441168 0.167926
-0.483295 -0.018053
2.036021 0.529862
-0.478170 -0.009464
1.144686 0.130158
0.455201 0.099095
0.639711 0.361979
-0.825783 -0.240884
0.967809 0.513332
0.791522 0.415897
2.067969 0.653689
-1.138504 -0.852828
-0.342031 0.358647
-0.082483 0.012830
-0.198938 -0.228343
-0.082265 0.053533
0.925630 0.497163
2.213564 0.953661
0.736986 0.343327
-0.345395 -0.043758
-0.455416 -0.319393
-0.284141 0.354209
-1.368584 -0.823954
0.925202 0.540273
-1.352097 -0.375638
1.176189 0.675700
0.762295 0.412459
-1.827843 -0.585017
-1.913232 -0.910948
0.436587 0.085509
-0.655895 -0.411259
-0.059696 0.146928
-0.370025 -0.250697
1.781524 1.032059
-0.719477 -0.227565
0.211441 0.232094
-1.070143 -0.462900
-1.285055 -0.437219
-1.083484 -0.665128
0.571634 0.149391
0.381735 0.297361
0.234828 -0.266848
1.049074 0.594068
1.273395 0.396850
0.342974 0.355590
0.250676 0.355566
0.175448 0.359298
1.411674 0.549303
-0.717934 -0.314392
1.108003 0.159567
0.482209 -0.114466
0.527925 0.139190
-1.323275 -0.737018
0.228649 0.038147
1.579115 0.780236
-1.332094 -0.702537
-3.118609 -1.060298
0.683656 0.324648
2.511427 0.981603
0.166564 0.046154
1.466864 0.605072
-0.038115 -0.069303
-0.272996 -0.303697
-1.010393 -0.646511
1.208777 0.509593
0.254772 0.062218
0.200819 0.036613
-1.525706 -0.509926
0.812717 0.550727
-0.165365 -0.255515
0.067837 -0.221108
0.574781 0.568675
0.052535 -0.237865
-2.505014 -1.069335
-0.121965 -0.250247
-0.007821 0.016826
0.438189 0.337230
-2.062815 -0.541323
-0.403161 -0.250070
-0.708908 -0.284939
-0.746229 -0.141717
-1.438859 -0.562799
1.033394 0.128090
0.784760 0.191181
-0.036489 0.238878
-0.690065 -0.067061
-0.753754 -0.519284
-1.080269 -0.401231
0.241068 0.013135
-2.700824 -1.037865
-1.214464 -0.655311
0.903998 0.398704
0.309474 -0.138344
-1.186327 -0.215793
1.426601 0.359004
-0.729627 -0.218574
-0.233465 -0.275685
0.451251 0.390042
-1.319898 -0.390621
-1.476553 -0.525421
0.295399 -0.158095
-1.520884 -0.640842
0.398163 0.340428
1.231474 0.178939
-1.143174 -0.149154
-1.621610 -0.420498
0.769449 0.172934
-0.807874 -0.482357
0.506325 0.113267
-0.366902 -0.082162
0.626328 0.285787
0.682505 0.151756
0.911604 0.605841
-0.171117 -0.039089
0.740031 0.320143
0.524432 0.200548
-1.501219 -0.209343
2.338219 1.023562
1.266744 1.020169
1.966223 1.033285
-1.115745 -0.598121
-0.529255 -0.102189
-1.520772 -0.501718
-0.302207 -0.209907
0.521073 0.018774
-0.060846 0.021884
0.655444 0.733902
-0.154037 0.240529
-0.381469 -0.072690
1.228354 0.431253
-1.077408 -0.518150
0.811644 0.387873
-0.159143 0.375724
-2.060732 -0.925098
0.102745 0.020379
0.892990 0.595838
0.762405 0.328196
1.123445 0.620956
-1.382831 -0.716904
-1.346414 -0.657924
0.792233 0.688734
-0.458770 -0.209338
0.752162 0.207099
-1.798879 -0.693699
-1.194362 -0.618838
-1.247592 -0.339413
-0.824939 0.147350
-0.000727 0.344021
0.378627 0.129275
0.167219 0.038698
0.839143 0.319022
1.087521 0.401528
0.739474 0.216731
0.346032 -0.003114
-0.652586 -0.540228
0.613352 0.323968
-0.238773 -0.353992
0.785588 0.197281
-1.718259 -0.872083
-0.406775 -0.192405
1.618724 0.782797
1.193155 0.324940
0.675646 -0.062091
0.317337 0.092335
0.157052 0.002610
0.405332 -0.233239
0.813586 0.040830
0.075740 0.046320
0.902344 0.240121
1.561070 0.709467
-0.958023 -0.416234
-1.380308 -0.227051
-0.507417 -0.067374
-1.425584 -0.772144
1.350390 0.403819
-0.239700 0.170266
0.274119 0.444999
-1.549719 -0.859391
0.627593 0.364329
-0.222222 -0.387501
-0.640307 -0.221731
-0.727352 -0.385395
-0.740289 -0.460808
1.171177 0.056714
0.801884 0.070697
-1.011287 -0.128016
-0.644083 -0.403071
-0.594664 -0.310233
-1.198319 -0.660846
0.679362 0.270549
-0.362146 -0.169323
-0.039467 0.010177
-1.147987 -0.858054
1.043971 0.039639
0.662413 0.347420
-0.296278 -0.161430
1.673255 0.922003
0.384183 -0.102228
0.662530 0.265921
0.882251 0.598221
0.165500 0.277666
-0.005492 -0.015223
1.300388 0.405593
1.124006 0.495278
-0.733493 -0.317147
0.277548 0.548648
-0.199403 0.073149
-0.459498 -0.101888
0.993193 0.387000
1.366094 0.680537
1.421962 0.759994
-0.880280 -0.044738
-1.353602 -0.494078
0.249526 -0.093919
0.995547 0.229874
1.919043 0.813211
0.636897 0.512529
0.142349 0.299621
-0.395825 -0.312404
-0.398709 -0.511910
0.137919 -0.225196
-1.240095 -0.532941
1.362785 0.597027
-0.444182 -0.060858
-0.557859 -0.248909
1.104798 0.595961
-1.379996 -0.438290
-0.477230 -0.312400
1.053292 0.668629
1.766907 0.600100
1.686704 0.473063
0.167397 -0.121156
0.184722 0.264824
0.178490 -0.147340
-1.485281 -0.451920
-0.729512 0.080173
2.292279 0.629588
-0.216319 -0.109439
-0.098673 -0.163956
-0.211978 -0.504770
1.578998 0.391483
2.238992 1.123116
1.701858 0.406058
-1.746463 -0.634428
-2.394962 -0.646445
0.393727 -0.199962
-0.885253 -0.340493
-1.523413 -0.178160
-0.106260 0.354696
1.903131 1.052006
1.284542 0.390044
1.064706 0.388717
0.609734 0.327915
0.918066 0.365460
0.045569 0.219352
0.790255 0.338641
-1.289062 -0.765315
-1.508518 -0.877677
0.132074 0.170280
-1.074763 -0.551171
1.026827 0.333125
0.816924 0.331265
-1.730054 -0.708135
-0.185215 -0.096449
-2.189575 -0.948192
-0.317396 -0.302386
-1.172152 -0.388959
-3.201558 -1.308517
0.091015 0.103227
1.638203 0.646079
0.632777 -0.144942
-0.120628 -0.127853
-0.071696 0.533612
1.018030 0.784804
-0.228705 -0.025235
-1.769216 -0.380647
1.085253 0.125397
-0.042077 -0.134188
0.032263 0.102535
-0.327226 -0.115347
-0.791554 -0.143905
1.702397 1.130909
0.983785 0.303290
0.612037 0.356323
-1.819876 -0.707420
-1.292128 -0.346831
0.485617 0.451336
-1.382993 -0.607283
-0.255077 -0.161228
-0.626841 -0.167953
0.543829 0.371321
1.013897 0.493953
1.785225 0.492003
-0.292173 -0.260906
0.175078 -0.224049
1.195019 0.114148
-2.286796 -1.208727
0.539227 0.239297
-0.600023 -0.341140
-0.202883 -0.126096
-0.941366 -0.748015
2.341290 0.965588
0.010411 -0.021891
1.376847 0.308397
1.684793 0.427160
-0.445316 0.130770
-0.838206 -0.424111
-1.973365 -0.732844
-0.680400 -0.221737
-0.778060 0.168492
0.459515 0.567480
0.096429 0.209978
0.511409 0.542411
0.430229 0.398510
-1.531943 -0.767212
-0.044955 0.117699
-0.602059 0.076507
-1.227922 -0.566621
1.188509 0.349847
-2.277446 -0.855518
0.870298 0.378147
-0.484290 -0.335755
1.753396 0.674547
-1.293083 -0.208115
-0.523950 0.010610
-1.436695 -0.609475
-0.914816 -0.453979
-1.633243 -0.683116
-0.471016 -0.284930
-1.547462 -0.543086
-0.997071 -0.474711
0.229276 0.264113
-0.643602 -0.797446
-0.171302 0.225472
2.679163 1.296436
0.595925 0.227001
0.322414 0.015289
0.365380 -0.022862
-0.305867 -0.377947
0.153290 0.064321
0.900852 0.545997
0.384838 -0.075778
1.229792 0.557376
-0.736670 -0.525564
-0.038610 -0.191120
-0.076479 -0.071630
-0.616573 -0.199356
0.168205 0.050441
1.388519 0.794196
-0.210772 -0.028863
1.264826 0.623498
-0.374297 -0.309870
0.537330 0.475781
-0.073833 0.074191
-1.332733 -0.766405
-0.761122 -0.543316
-0.399557 -0.502491
0.616464 0.346018
0.047016 -0.244164
1.662639 0.474692
0.914688 0.284977
-0.570600 0.192424
-0.390269 -0.179489
-0.179131 -0.002633
-0.426418 0.165438
1.015563 0.296644
-0.501728 -0.149245
-1.691964 -0.713150
0.430075 0.162250
-0.362618 -0.233992
-0.146385 -0.289606
-0.646399 -0.136038
-0.437199 -0.133952
1.853822 1.053156
-1.168692 -0.764640
0.052896 -0.059794
0.593731 0.127514
-0.551014 -0.103702
-0.927479 -0.174344
0.486951 0.193338
-0.230637 -0.282779
0.900820 0.497715
-1.201784 -0.281333
0.588861 0.457604
-1.037901 -0.242437
1.437434 0.475395
-0.171698 0.432353
-0.501421 -0.017252
0.307482 0.349518
2.154135 1.021795
-0.129876 -0.225029
1.405393 0.720238
0.406191 0.649436
-0.041348 0.139938
0.470562 0.460635
0.110651 0.037621
-2.244290 -0.819377
0.040376 -0.164912
-0.230648 -0.079966
1.048276 0.423230
0.222112 0.080952
0.672750 0.338760
0.612459 0.479704
1.296479 0.280604
-0.712222 -0.003330
1.266439 0.152067
2.430179 1.087881
-1.288864 -0.391321
-1.226220 -0.403833
-1.333283 -0.623436
-0.611575 -0.016694
0.631675 0.205541
0.274206 0.023903
0.063886 0.229876
-1.103527 -0.503611
-1.340688 -0.443449
-1.686165 -1.141746
-0.178646 0.170958
-0.400441 -0.420104
-1.349263 -0.502298
-0.243166 0.033373
-0.958739 -0.403627
-2.271086 -0.826410
-1.055705 -0.876239
-0.607444 -0.173750
1.280631 0.350440
0.157460 0.003367
0.673709 0.134231
0.004758 -0.179263
0.215715 0.059790
-1.511102 -0.452386
0.356102 0.343622
-0.887996 -0.723562
0.674843 0.151969
-1.659991 -0.687032
-0.880210 -0.421534
0.328994 0.166242
-0.316002 -0.008987
1.576580 0.434884
-0.478962 -0.340109
0.176766 -0.061129
-0.939921 -0.483476
-0.412582 -0.060433
-1.864961 -0.463510
1.328939 0.139708
-0.544723 -0.558094
0.845361 0.447810
0.332983 0.468922
1.797798 0.525204
-0.150375 -0.089441
0.291934 0.100192
0.465719 0.222694
-0.870888 0.169167
0.211508 -0.134029
-1.063782 -0.726628
0.172017 -0.084588
-0.365389 -0.060637
-0.594314 -0.686924
-0.296023 0.133305
0.434156 -0.095475
0.958871 0.329909
-1.612814 -0.914800
1.650987 0.632022
0.913895 0.299500
1.051068 0.764660
0.001011 0.169450
-0.484983 -0.064820
0.052908 0.195636
1.079164 0.392840
-0.295918 -0.008561
0.650385 0.049610
0.709368 0.253095
-1.457932 -0.141011
1.796039 0.496379
-0.201612 -0.235247
-0.926102 -0.194969
-1.401459 -0.800504
1.445702 0.756177
-2.513077 -1.048323
-1.248595 -0.462632
-0.681768 0.009461
0.731738 -0.012008
-1.363557 -0.351344
-0.662786 0.019029
0.826923 0.241523
0.586782 0.111696
1.173898 0.356651
-0.239216 -0.067176
-0.892092 -0.385478
-1.447074 -0.717070
-1.015189 -0.386977
-1.580898 -0.887091
-0.025516 0.000046
-0.979378 -0.361671
0.634638 0.240429
-1.593862 -0.734049
-0.827510 -0.407517
-0.705945 -0.334566
-1.831964 -0.189063
0.180757 0.169062
0.441568 0.085705
-0.285548 -0.264131
-0.129996 0.048469
0.645917 -0.002730
1.810095 0.973727
-0.773820 -0.199683
1.321816 0.613720
0.954090 0.204910
0.045032 0.113424
1.406809 0.566020
-0.520493 -0.330984
-0.117154 -0.098000
1.056562 0.611309
-1.629244 -0.274780
0.732983 0.363272
0.778575 0.242909
0.236487 -0.394701
-0.019287 0.142809
-1.048131 -0.217203
0.653421 0.353671
1.162783 0.359139
0.990750 0.464743
0.038913 0.219579
-0.577709 -0.518063
0.292334 -0.000223
0.122232 0.104201
0.638514 -0.103644
2.716594 1.612686
1.065341 0.404004
-0.492036 -0.138892
0.515372 0.213707
-1.310399 -0.509496
-0.319174 0.054844
-0.919942 -0.117290
2.394607 0.945126
-0.671731 -0.549490
0.737584 0.590592
-0.319647 -0.153481
1.910758 0.830930
-0.506459 -0.120880
-1.058038 -0.471409
0.302800 0.218015
-1.433684 -0.501032
-0.628292 0.177686
0.561178 0.198463
-0.435476 -0.366412
-0.739321 0.043651
0.924265 0.250576
0.254042 0.380974
0.425170 0.246018
-1.115586 -0.792832
-1.702685 -0.524548
-0.935120 -0.161654
0.141819 -0.098349
0.300376 0.302500
-0.657404 -0.036776
-0.088884 -0.261411
-2.047590 -1.246708
1.664992 0.810938
0.271753 0.240857
-0.349729 -0.131807
-0.228299 -0.046079
0.950876 0.441494
0.756328 0.460867
-1.544707 -0.649676
1.160807 0.630519
0.939884 0.004579
-1.413503 -0.424840
-0.248242 -0.177110
0.218917 0.102801
-0.032489 0.049361
-1.118091 -0.143816
0.739157 0.565447
2.952556 0.804318
-1.823017 -0.642449
0.163918 -0.163751
-0.512983 -0.315201
1.120235 0.378873
-0.867637 -0.540079
-0.705100 -0.452841
-0.231302 -0.342967
-0.256085 0.015844
-0.557599 -0.425554
-0.890610 -0.749961
1.223490 0.470016
-0.741370 -0.589213
1.863523 0.714690
-1.207979 -0.544282
-0.727612 -0.457000
1.938913 1.137317
0.192974 0.318004
-0.588617 -0.382702
-0.212439 -0.175754
-0.500004 -0.582402
0.602577 0.123001
0.886018 0.516276
-0.346091 0.092143
0.389333 0.132548
0.553398 0.019849
-0.864754 -0.371650
0.071926 -0.046866
-0.352290 -0.181472
-0.113799 -0.182186
-1.407510 -0.872488
-0.529306 -0.398110
-1.054004 -0.475392
0.091896 0.055164
0.707875 0.344827
-0.516114 0.315096
-0.642542 0.010325
-0.637864 0.115767
0.569711 0.343665
-0.597800 -0.012719
0.834803 0.597634
-0.925394 -0.582051
-0.705874 0.008751
-0.078445 0.129667
-1.295456 -0.684140
-0.646698 -0.096264
1.117190 0.298206
1.383065 0.367233
1.648697 0.722679
0.259727 0.308326
-0.473333 -0.053192
-0.454722 -0.205041
-0.339889 -0.389095
0.777360 0.234961
0.643037 0.170892
-0.689830 -0.481156
0.081208 -0.053086
-1.533996 -0.745433
1.484024 0.348963
0.871510 0.688372
-0.905336 -0.181995
0.218148 0.142908
-0.864357 -0.530378
0.834667 0.111216
-0.817679 -0.578716
0.177964 -0.003796
-0.411562 -0.054459
-0.199562 0.137720
0.630880 0.095087
-0.032470 0.109893
-0.114408 0.033768
-1.024449 -0.187978
-1.114915 -0.590604
-0.976949 -0.635338
-1.769886 -0.951334
-0.898071 -0.457326
0.678189 0.213268
0.274702 0.040953
-1.493738 -0.675036
-0.329044 0.006526
-1.520410 -0.099456
0.630632 0.343347
0.436798 0.322625
0.562793 0.344665
0.000332 0.181622
-0.756181 -0.352314
-0.351591 -0.096110
0.182413 0.142462
-0.042945 -0.294253
0.623816 0.449954
-0.897202 -0.269090
0.304099 0.141199
0.151674 0.146777
-1.858391 -0.494136
0.546518 0.302983
0.216547 0.177257
0.984979 -0.093711
-0.145461 -0.040511
0.469877 0.236924
-0.159773 -0.210096
0.435144 -0.190448
0.674141 0.242618
0.937419 0.299796
0.640180 0.398403
-1.392373 -0.613556
2.271119 0.958568
-1.352165 -0.407147
0.113361 0.430898
0.627790 0.001255
1.171531 0.572926
1.535337 0.678127
-0.190359 0.019528
-0.940187 -0.177744
-2.546121 -1.222738
-1.067964 -0.540151
1.132757 0.122241
0.342977 0.566027
-0.440620 -0.303281
0.763738 0.013152
-0.148854 0.165053
-2.358602 -0.938454
2.178653 1.021817
0.343072 -0.000505
-0.466147 -0.577885
1.131433 0.234565
-0.340831 -0.071554
0.096348 0.258093
-0.107064 0.221999
1.124855 0.344819
1.573064 0.222724
-1.003875 -0.608704
1.055380 0.284339
0.562936 0.005473
1.546737 0.728024
1.150769 0.713644
-1.047578 -0.544090
-0.319229 0.376240
-0.826470 -0.264774
0.185188 0.056697
0.375121 -0.207241
1.454313 0.883246
0.070596 -0.266354
-0.167177 0.296994
0.460070 0.022438
0.392406 0.219986
0.664550 0.104445
0.391811 0.059192
0.184573 0.453088
0.692872 0.434130
-0.600774 -0.300297
-0.215915 -0.051118
-0.039108 -0.221861
-0.264257 0.127893
-0.378385 -0.114976
0.894297 0.260974
-0.425080 0.011774
0.126880 0.014244
-1.845427 -0.528098
-0.465196 0.073726
-0.322885 -0.330838
-1.529508 -0.757556
-2.073528 -0.834170
-1.200580 0.005073
0.489684 0.081385
0.943511 0.490044
-0.517583 -0.318282
0.726051 0.018990
-0.107355 -0.294234
0.019647 0.007628
0.306946 0.005743
-1.599001 -0.544781
0.434634 -0.125621
-0.018435 0.127420
-0.831349 -0.354355
1.006937 0.560050
-1.770914 -1.035417
1.032817 0.605453
1.042275 0.429450
-1.184309 -0.475971
-0.770075 -0.266829
-0.369627 0.249646
-0.126988 0.196209
0.619757 0.470849
-1.391754 -0.400690
0.438526 0.361175
-1.125392 -0.671531
0.441098 -0.280087
-0.355008 -0.308439
-0.400443 -0.077895
0.615676 0.160041
1.907033 0.599163
0.541744 0.567678
0.009112 -0.297590
1.321333 0.349980
-0.944185 -0.964716
-0.067557 -0.500363
-0.140663 -0.090516
-0.707144 -0.448492
1.721452 0.506107
-1.233132 -0.282684
1.331458 0.183071
2.027912 0.719951
-0.032474 -0.137659
-0.085411 0.006035
0.170612 -0.162313
0.290516 -0.003207
0.629999 0.259482
0.840131 0.090817
-0.304589 0.132938
1.037204 0.244264
0.536095 0.000365
-1.413956 -0.449513
2.164386 0.876098
0.559574 0.519511
-0.411326 -0.095584
-1.476404 -0.857344
1.090397 0.309386
-0.474720 -0.611531
0.023572 -0.072114
0.074067 0.246645
-1.058677 -0.464254
-2.046424 -0.916964
-0.598940 -0.229593
-1.085796 -0.681585
1.115717 0.624544
0.148204 -0.142499
-1.044713 -0.053192
0.827666 0.412916
0.411858 0.219347
-0.595843 -0.355661
-1.618179 -0.675184
0.730965 0.308019
1.011414 0.231532
-0.357995 -0.137808
-0.404313 -0.346571
0.599331 0.185537
1.380409 0.437847
0.897047 0.175323
-2.425169 -0.779494
-0.031831 -0.607764
-1.156290 -0.555834
-1.592801 -0.576387
-0.729864 -0.234883
1.380050 0.609584
1.258940 0.101437
-0.103384 0.006221
0.466998 0.085113
0.452546 0.155241
0.349013 -0.059089
1.219057 0.774006
0.155029 -0.203601
0.349396 0.219849
-1.927215 -1.036044
0.006797 0.017796
-0.171014 -0.282336
-1.220713 -0.566964
-2.464564 -0.887157
0.615569 0.474164
-0.435892 -0.591105
-1.480593 -0.413596
-1.407666 -0.523434
-0.656455 -0.468157
0.308218 0.311224
-0.122556 0.037327
-0.474099 -0.168278
-1.035641 -0.381809
-0.191403 0.368782
-0.438447 -0.055646
-1.252318 -0.395881
-0.170576 -0.081333
-0.770002 0.184917
-1.862871 -0.607765
1.103752 0.703297
0.174772 -0.112261
-0.901210 -0.113857
-1.393582 -0.780898
0.770153 0.275191
1.451882 0.463657
-1.129144 -0.521568
0.911776 0.492607
-0.331928 -0.544144
0.931440 0.025637
-1.979668 -1.247402
0.914400 0.481296
0.194833 -0.013322
1.383336 0.605314
-0.769084 -0.054588
0.195350 0.162763
-0.236108 -0.251342
0.355740 0.196254
-0.677120 -0.195040
-0.760914 -0.274712
0.196016 0.324937
2.118762 0.656674
-0.532532 -0.190263
0.315275 0.390846
-0.481188 -0.157300
-1.648905 -0.377242
0.227305 0.061611
0.953648 0.576232
-0.648694 -0.250761
-0.122365 -0.103170
-0.948860 -0.406875
1.428397 0.635868
1.100743 0.282239
0.192474 0.179686
-1.085571 -0.484636
0.590054 0.485904
2.457201 1.063926
2.445323 1.136766
0.107887 -0.216423
2.414697 0.835023
1.865006 0.726408
1.039143 0.808120
0.190393 -0.216250
0.217173 0.433417
2.210389 0.875617
-1.369843 -0.424631
0.782314 0.251717
0.266939 0.194215
0.277171 0.336209
-1.057972 -0.438642
0.676192 0.321167
-0.510898 -0.197335
0.593760 0.284573
0.118623 -0.036069
1.262686 0.587725
0.997092 0.325422
-1.581588 -0.776003
-1.325896 -0.874093
-0.396564 -0.356324
-1.178725 -0.613226
0.545956 0.174465
0.436930 -0.044595
0.681190 0.346751
2.147520 0.732776
0.845048 0.340248
-0.417935 -0.345525
0.086840 -0.096657
0.530474 0.201899
0.137524 0.211682
2.629418 1.435686
-1.307149 -0.363307
-0.527015 0.055502
-1.280809 -0.411411
-0.391568 -0.164502
-0.484540 -0.345789
0.365333 0.193434
-0.463368 -0.089669
-0.791988 -0.349264
-1.645773 -0.681060
0.659761 0.146331
1.000277 0.686545
0.891891 0.580329
0.152411 -0.007924
-0.160101 0.137578
0.251725 0.043192
0.967798 0.207048
-1.318948 -0.754180
-0.731642 -0.358001
0.467791 0.402060
0.531690 0.047304
-1.250119 -0.497778
-2.719856 -1.473794
-0.700515 0.002921
-2.052849 -1.013088
0.533438 0.180337
-1.657904 -0.967440
-0.046614 -0.191612
-0.575246 -0.324233
0.276000 0.586368
-0.430121 -0.407348
-0.268120 0.036620
0.436191 0.210829
1.482684 0.970999
-0.951911 -0.767004
0.681256 0.469552
-0.018744 0.179293
0.509332 0.211287
2.790519 1.272508
-1.473859 -0.880300
-0.800305 -0.406490
-0.510832 -0.225724
-1.541402 -0.576024
-0.857956 -0.399498
-0.694275 -0.220365
0.181182 0.101714
-1.311979 -0.693034
0.186630 -0.192715
0.715590 0.614487
-0.832158 -0.583838
-1.358882 -0.484408
-0.778719 -0.582598
0.964396 0.699756
0.438306 0.201024
0.332030 0.504934
-0.729314 -0.098333
-0.156340 -0.111104
-0.291135 -0.257157
-2.151400 -0.983471
0.051252 -0.193335
0.441272 0.493770
3.044075 1.271345
-0.003723 0.066455
-0.529909 -0.280447
0.591158 0.090462
-0.736869 -0.218832
0.327905 -0.021322
0.225065 0.157418
-0.271225 -0.571073
0.942966 0.257556
0.032240 0.206387
1.198185 0.385617
-1.934664 -0.713508
0.249208 -0.065535
0.701066 0.659783
-0.440265 -0.057210
-0.365776 -0.307631
-1.592621 -0.670686
1.812889 0.875406
-1.078601 -0.684312
0.516812 0.343811
1.613420 0.798467
-0.162418 -0.308647
0.132949 -0.059647
1.938091 0.985721
0.959942 0.370546
0.027838 0.049357
0.016837 0.002860
0.119882 0.175865
-0.461943 -0.322913
1.921507 0.590060
-0.267107 0.069687
-0.411938 -0.286317
0.261976 0.154847
-0.940356 -0.039939
1.132238 0.430989
-0.777880 -0.423906
-0.725286 0.040937
0.818600 0.346099
-0.671120 -0.113853
0.253312 0.145443
-0.482689 -0.002769
-1.088329 -0.528526
-0.837065 -0.171718
0.646106 0.459671
0.169947 0.094287
-1.449659 -0.665259
-1.356797 -0.563759
0.569008 0.147278
0.435886 0.065562
-2.377006 -0.525313
0.110146 0.250166
2.857487 1.038061
-1.794565 -0.884053
-0.954697 -0.568993
1.411016 0.378617
-0.243805 -0.224730
0.851908 0.598863
-0.951665 -0.525124
2.146945 0.695683
-0.207503 -0.048493
-0.590152 -0.253279
-1.254297 -0.459863
-0.240013 0.035575
-0.353951 -0.104851
-0.665744 -0.058628
-0.130622 -0.015387
-0.524478 -0.132586
0.193805 0.422123
0.926958 0.451779
0.223213 0.206849
0.665064 0.028051
1.642426 0.822913
-0.656402 -0.087774
0.146168 0.040333
-0.036262 0.092776
0.889273 0.004745
0.651416 0.214329
-1.524806 -0.548625
0.530203 0.049636
-0.830769 -0.109174
1.182110 0.613775
1.669220 0.609240
-1.751257 -0.407645
-1.416023 -0.670352
-0.228016 0.067980
-0.828873 -0.288306
0.778393 0.265927
-1.171366 -0.184606
0.596278 0.285021
-0.132738 0.110327
1.142136 0.389644
0.302031 0.007684
1.260548 0.379673
0.843024 0.211919
0.814709 -0.070404
-0.314946 -0.226307
-0.229987 -0.101848
-1.413884 -0.723649
-0.294226 0.002532
-1.374205 -0.326106
-0.866076 -0.232876
1.832560 0.525123
0.949616 0.637832
0.328127 0.357649
0.664562 0.311363
1.510443 0.630334
-0.500273 -0.032103
-1.363892 -0.460219
-0.234488 -0.214835
0.737913 0.388389
1.287067 0.659773
0.116843 0.157636
-0.563411 -0.315742
0.412375 0.219060
-2.233975 -1.354582
0.632143 -0.029615
-0.426992 -0.314671
-1.008068 -0.404311
-1.420317 -0.564285
-1.892122 -0.949505
1.513319 0.684547
1.159338 0.144950
-0.774988 -0.323420
-0.772920 -0.371023
1.893416 0.403656
-0.043523 0.030516
1.244549 0.617920
-0.959815 -0.416160
1.029424 0.152323
0.602619 0.160811
1.192432 0.674698
0.664668 0.364489
0.392718 0.282220
-0.042024 0.184994
-0.795858 -0.978028
0.337105 0.141318
1.884891 0.682819
-0.629160 0.199137
-0.661206 -0.227093
0.414762 0.365677
-0.222877 -0.016739
-0.067753 -0.045627
1.319964 0.414545
-0.431085 -0.302545
0.153388 0.466178
0.238720 0.321934
0.036303 -0.093674
-0.903376 -0.653514
-0.143637 0.272463
2.326063 0.928266
-1.446255 -0.391655
0.282292 0.099935
-0.627901 -0.384198
-2.095193 -0.682554
0.150713 -0.081483
0.643195 0.157474
1.403110 0.782361
0.467140 0.239311
0.001860 -0.114841
-1.305806 -0.319955
0.507100 -0.073734
0.103687 -0.156768
-2.426958 -1.035334
0.855544 0.569922
0.421637 0.516504
-0.171801 -0.408041
-1.643806 -0.934407
0.158036 0.180123
0.366432 0.529892
1.032682 0.543226
1.510789 0.882725
0.430631 -0.007853
0.199865 0.565940
0.678709 0.284111
-1.655676 -0.707360
1.152784 0.373473
0.603139 0.395452
-0.049636 -0.334733
-0.214740 -0.183947
0.108279 0.004426
-2.715205 -1.643509
-0.009300 -0.292652
-0.075628 0.038203
-0.825201 -0.678395
-0.880998 -0.055234
0.380427 0.175845
-0.951414 -0.704152
-0.381598 -0.532227
1.087662 0.528558
-0.921808 -0.713369
1.422486 0.789186
-0.377555 -0.301640
2.761028 1.315641
-0.046971 -0.238868
1.919248 0.837567
-2.932149 -1.105505
-0.953714 -0.354477
-0.498195 -0.071288
-1.350019 -0.722970
-1.321101 -0.277638
0.149845 -0.165731
1.199744 0.654298
0.103439 -0.027875
-0.021420 0.008778
-1.338671 -0.853118
-0.215602 -0.274085
-0.441708 0.032561
0.430653 0.038025
-0.560313 -0.205614
-0.543291 -0.177944
-0.330160 -0.066413
1.738608 0.691065
-0.512023 0.078821
1.535538 0.895537
-2.718016 -1.024619
0.004067 -0.210583
-2.052565 -0.666138
0.130467 -0.014483
1.776494 0.446679
0.578585 0.221114
0.390927 0.194225
-1.722781 -0.474653
0.648265 0.226715
2.449656 1.260460
-0.901546 -0.473556
0.921467 0.120187
-0.272872 -0.112303
1.028908 0.624803
-0.592399 -0.610119
0.000257 0.068284
0.708501 -0.022256
-1.125396 -0.076338
0.578460 0.422233
-0.286451 -0.410148
0.634985 0.424758
0.570611 0.052124
1.494243 0.774268
1.189421 0.236672
-1.501994 -0.538939
2.051049 0.749602
-1.882337 -0.852263
-0.329919 0.225726
0.863823 0.092090
-0.411049 -0.325398
1.717295 0.539414
2.601924 1.052103
0.345542 0.083138
-0.604984 -0.343017
0.258813 0.076644
0.101426 0.119150
-0.173283 -0.190040
-0.546450 -0.298809
1.912805 0.880977
-1.577816 0.012395
1.461368 0.484145
2.242334 0.788253
-0.745425 -0.273279
-0.377392 -0.272729
-0.325720 -0.453094
1.061974 0.375547
0.479288 0.333975
-0.715328 -0.042591
1.259253 0.533873
-2.210881 -1.023794
-0.359294 -0.246819
-0.775326 -0.148230
0.654586 0.450346
1.489183 0.454784
1.600439 0.551658
1.395903 0.686622
-1.313087 -0.631521
-0.152300 -0.387266
0.848264 0.578818
0.198197 0.046097
-1.713650 -0.679151
0.588036 0.234509
-1.299000 -0.063530
0.275309 -0.086949
0.272426 0.179254
0.685181 0.285741
-1.638943 -0.814784
0.397179 0.238081
1.652102 0.618789
1.476974 0.432470
0.745457 0.238596
-0.017019 -0.115872
0.350866 0.336058
-1.546064 -1.066403
0.074141 -0.022640
-1.995562 -1.013630
0.198959 0.035677
0.120714 0.200817
-0.429613 -0.547535
-1.729294 -0.602835
0.681829 0.476670
-0.577881 -0.096228
-0.658029 -0.470924
1.120440 0.406700
0.213700 0.134062
-0.875512 -0.546788
1.220277 0.598163
-0.079156 -0.039116
-0.079476 0.424380
-0.478448 -0.160295
0.153834 -0.296290
-0.437070 -0.053094
1.740345 0.642658
0.814237 0.488295
0.509349 0.211943
1.117366 0.205645
-0.233828 -0.234999
0.618874 0.283437
-0.449545 -0.093403
-1.956502 -0.615433
0.513699 0.340381
0.707929 -0.292638
0.707874 0.399826
0.256840 0.460587
-0.792823 -0.292532
-0.490453 -0.213939
0.865332 0.360096
1.044911 0.421593
-0.021445 -0.157138
-0.765086 -0.667661
0.642313 0.369276
-0.141252 -0.150300
-0.138709 -0.091394
-1.398515 -0.643350
-1.721175 -0.472247
2.736302 1.026935
-2.340222 -0.697026
0.760414 0.444029
0.502507 0.187729
0.639088 0.574722
-1.706475 -0.727313
-0.175491 -0.015213
1.194427 0.558458
1.277656 0.223668
-0.926189 -0.539503
-0.364954 -0.094459
0.080355 -0.144452
-1.550297 -0.750672
2.236825 1.045999
-0.334668 -0.185255
-0.005235 0.121412
-0.764963 -0.455433
0.978287 0.178660
0.185231 0.270593
-0.068267 0.172852
0.704209 0.247904
-0.733729 -0.055801
1.741777 0.135290
-0.182143 -0.078981
-0.424549 -0.228099
-0.131480 -0.075126
-0.802606 -0.453366
1.028592 0.303714
1.157115 0.593794
-0.186317 0.075602
-1.018348 -0.410875
0.070191 0.009197
1.336693 0.183181
-1.394547 -0.763320
-0.768588 -0.378361
-0.247025 -0.325913
-0.171661 -0.429807
-0.462834 -0.219274
0.285606 0.194017
-0.217711 0.066865
-0.321989 -0.133342
1.059495 0.832541
0.318356 0.184662
1.673637 0.770262
-1.813612 -0.883120
-0.391358 -0.213371
-1.327666 -0.443427
0.344255 0.113882
0.029261 -0.370247
1.539800 0.354331
-0.370032 -0.250538
-0.596966 -0.144510
-0.647100 -0.135737
2.983247 0.669974
0.040039 -0.174561
1.536639 0.591384
-1.459524 -0.569835
1.893454 0.981049
-0.309219 -0.413780
0.025316 0.042055
1.790455 1.019028
0.695253 0.425254
0.300866 0.266656
-0.833777 -0.148950
0.159901 -0.075852
0.267747 0.313847
-0.585080 -0.451761
0.069846 0.138087
-0.290603 -0.191817
1.345802 0.836396
2.594911 1.212337
0.775584 0.349017
1.241855 0.337873
-1.495762 -0.661658
0.102681 -0.130461
0.509900 0.218502
1.115153 0.636685
-0.531458 -0.170657
1.640572 0.984342
1.301413 0.606668
-2.317686 -1.085083
0.739857 0.403947
-0.818349 -0.296922
-1.068220 -0.140717
1.025673 0.495369
0.030564 -0.029190
0.435226 0.032441
-1.003625 -0.720060
0.485171 0.458432
0.583037 0.429342
0.659205 0.322335
-1.905195 -0.896601
-1.051278 -0.322350
0.031533 0.004924
-1.321604 -0.699835
0.914704 0.529228
1.269096 0.578802
-0.082539 0.061522
-0.200731 0.262528
1.443610 0.386393
0.777484 0.113891
-0.044515 -0.124458
-0.487365 -0.321009
-1.827090 -0.845656
0.043724 -0.035616
1.054109 0.468070
0.597562 0.319116
1.113851 0.759424
0.465975 0.007813
0.385685 0.015883
0.183972 0.345971
0.378817 0.067496
0.932049 0.259231
0.482923 0.646277
-0.869534 -0.518818
-2.147199 -0.674566
1.004736 0.448271
0.089897 0.075928
0.514212 0.183820
0.980662 0.242852
-0.811612 -0.191557
0.902355 0.120394
0.694633 0.388649
-0.161172 0.061700
0.334976 0.377952
0.457911 0.162791
0.260338 0.060479
-0.022921 0.185004
1.978334 1.020492
-0.180377 -0.388034
-0.822713 -0.578563
1.992722 1.006996
0.643563 0.441997
1.309850 0.524912
-0.220339 -0.242778
0.320409 0.372476
-1.027727 -0.459631
0.480009 0.131798
1.891397 0.688999
0.915046 0.540858
-0.961571 -0.205651
1.029826 0.334969
0.797749 0.714620
1.224803 0.663261
-1.406089 -0.113277
2.602053 1.205892
1.187457 0.667852
-0.198754 -0.481583
-1.709714 -0.570750
2.015074 1.073955
0.695372 0.174051
-1.327216 -0.660356
1.908309 0.485606
0.546901 0.275596
-2.789529 -0.902851
0.642953 0.281248
-0.714975 -0.420029
-0.650343 -0.469739
-1.890553 -1.142975
-0.129856 -0.116363
0.057301 -0.195538
-0.043299 -0.266531
-0.302882 -0.392059
-1.343357 -0.382458
1.496411 0.264498
-0.397489 -0.135870
-1.306448 -0.215266
-0.795642 -0.788784
0.209975 0.291432
-0.217854 -0.330780
-0.401452 0.311493
1.858138 1.059869
1.817645 0.666791
0.031564 -0.290041
-0.773062 -0.525577
-0.543363 -0.541883
0.893562 0.596890
0.146041 -0.192019
-0.672553 -0.561548
0.503192 0.110506
1.597057 0.568472
0.058500 0.077725
-0.770496 -0.587026
1.370206 0.513781
0.285699 0.303567
-1.068488 -0.538743
-0.218154 -0.164346
-0.632400 -0.335644
1.643344 0.836477
-0.271339 -0.072378
-0.775847 -0.326435
-0.036646 -0.258229
1.866894 0.878213
-2.234908 -1.022368
-0.545894 0.035227
-1.747155 -0.661801
-0.107917 -0.045019
0.182226 -0.034497
1.124932 0.350976
-1.371743 -0.283720
0.523379 0.220287
0.081679 0.406979
0.588261 0.340402
0.092465 0.580436
-1.111114 -0.552052
0.781903 0.225885
0.313361 0.014614
0.363470 0.249469
0.340277 0.351421
1.231673 0.575114
-0.359796 -0.447354
-1.047177 -0.484043
0.376338 0.090443
1.228551 0.407169
0.134096 0.069172
-0.111348 -0.143648
1.323800 0.377348
0.411555 -0.014238
-0.268292 -0.169000
0.190458 -0.107897
0.424099 0.289536
1.714045 0.826768
-0.197614 -0.276975
-1.125799 -0.345937
0.456896 0.152756
1.335672 0.796211
1.053130 0.355382
0.191764 -0.044606
0.202912 -0.298731
-1.356326 -0.888061
-0.903786 -0.366584
-1.578392 -0.427604
1.139224 0.483353
1.308960 0.152458
-0.394756 -0.198303
0.346429 0.726037
0.019141 -0.116714
0.313144 0.314227
-0.074209 -0.204356
0.139946 -0.157326
1.722201 0.791010
-0.143821 0.073899
-0.490873 0.031914
0.638813 0.377114
-2.617135 -1.087643
-0.116339 -0.391815
1.858047 0.891789
-1.550586 -0.224215
0.711910 0.514322
1.089453 0.594793
-2.702839 -1.169848
-1.191469 -0.995181
-0.287921 0.138819
-0.532128 -0.183398
0.093040 0.124851
-0.032707 0.108511
0.009758 -0.151463
0.726488 0.611261
0.233655 0.270605
0.216193 -0.161069
0.244885 0.090132
0.216655 0.377262
0.370555 -0.026770
1.027042 0.037845
1.882422 0.469876
0.875706 0.223833
-1.185497 -0.413985
0.109375 0.171877
0.842866 0.724624
0.575729 0.084148
0.760614 0.427931
-0.038690 -0.100091
-1.676598 -0.626981
-0.268433 -0.418178
-0.093612 -0.177613
-0.637555 -0.424705
-0.410858 -0.036452
0.860966 0.359365
1.369419 0.519022
1.300271 0.644566
-0.202842 0.043149
0.979731 0.725476
-0.654862 0.182100
-0.432454 0.283394
1.027815 0.326955
1.903377 0.973522
0.187138 -0.250962
0.604140 0.219378
0.403150 0.217206
-1.705276 -0.687709
-1.639379 -0.613135
-0.778420 0.063378
-0.210206 -0.606939
-0.914243 -0.336690
-1.459670 -0.788821
0.435566 0.197951
-0.643748 -0.100256
-0.907227 -0.219687
0.599533 0.394800
0.237814 0.009682
-0.270088 -0.576506
0.979107 0.210862
1.481193 0.507971
-0.907130 -0.285627
1.126308 0.440408
-0.433263 0.178911
0.120186 0.244582
0.112437 0.285068
-0.938484 -0.630001
-1.141067 -0.411727
-0.515011 -0.351106
1.470103 0.634599
0.794034 0.402312
0.210764 0.247083
0.629451 0.254050
-0.846728 -0.284945
0.607471 -0.052143
0.565415 0.436754
0.972504 0.601736
-1.420328 -0.713599
-0.298829 -0.158220
1.310188 0.479238
-0.016260 -0.242282
0.485697 0.256889
-1.567896 -0.711159
-0.620729 -0.302434
-1.017811 -0.753946
0.739976 0.265615
0.581400 0.196640
1.682739 0.615464
-0.996612 -0.576579
-0.002792 0.240972
0.450742 0.022801
0.285554 -0.394744
0.347001 -0.036123
-1.363045 -0.414769
0.731690 0.209449
0.318532 0.073735
0.423809 0.081710
0.907934 0.485483
-1.242210 -0.493277
-0.304559 -0.371666
0.123833 0.073643
1.315989 0.777787
0.801507 0.372753
0.344551 0.206947
2.204987 1.305803
1.562249 1.020531
2.151820 0.717140
-1.341277 -0.625916
0.531022 0.350867
-0.856620 -0.245250
-0.651634 -0.129667
1.657475 0.453469
-0.955628 -0.058007
2.708908 1.171163
-1.706773 -0.586783
-1.057628 -0.436369
0.019390 0.038979
0.206603 0.177462
0.638525 0.078101
-0.689093 -0.174419
1.252321 0.276313
-0.349834 -0.007485
0.617589 0.091800
-0.684148 -0.656728
0.675832 0.087505
0.781732 0.595814
1.224069 0.714241
-1.411009 -0.941464
-0.391939 -0.231574
-0.247852 -0.260677
0.738954 0.274360
0.506042 0.159127
1.616187 0.866371
-0.414222 -0.618908
0.725548 0.277066
0.461701 0.290965
0.553263 0.754727
0.364872 0.235614
1.093141 0.551261
0.107310 0.189906
-1.545811 -0.815941
-0.123157 -0.157341
-0.879667 -0.469367
-0.087342 0.069960
-1.090816 -0.468751
0.332815 0.274455
-0.171263 -0.061985
-0.124971 -0.229775
-0.031976 0.043735
-0.541269 0.126615
-1.709532 -0.642860
-0.708431 -0.034482
-0.459786 -0.019236
0.095241 0.384936
-1.011070 -0.290597
0.101062 -0.320054
-0.949306 -0.506833
-1.372136 -0.787962
-0.937529 -0.284587
1.686000 0.618631
0.842927 0.334221
-1.354931 -1.045002
0.434884 0.260424
-0.705318 -0.274159
1.853276 0.741181
-0.658745 -0.110403
0.014123 0.226723
0.609975 0.121783
-1.470947 -0.448688
-0.726783 -0.456606
1.373658 0.581235
-0.081310 0.294160
-3.060803 -0.958915
-2.505592 -1.208657
0.191111 -0.005745
0.895205 -0.018492
-0.183856 -0.086337
-0.182283 -0.099756
-0.286170 -0.045395
0.231862 -0.008100
0.528325 0.176413
1.212377 0.788472
0.390975 0.083214
0.229810 -0.434883
1.262196 0.757328
-1.498983 -0.763381
0.756425 0.371730
-1.327009 -0.663233
1.538759 0.825722
0.089242 0.056192
0.116317 0.164677
-0.146444 -0.118855
0.355463 0.120819
1.256256 0.596731
1.314707 0.369826
0.932736 0.244557
-1.053847 -0.423379
-0.924543 -0.320736
0.097676 0.251349
0.143827 0.099965
-1.353265 -0.458329
-0.642887 -0.062481
-0.154860 0.271850
0.580268 0.148945
0.443301 0.075107
-0.832520 -0.232815
-1.286503 -0.800537
-1.660604 -0.833618
1.017147 0.164782
-0.001011 -0.128036
-1.406077 -0.295673
-0.009840 0.245048
-1.144279 -0.467031
-1.704568 -0.327320
-0.078266 0.061379
-0.786203 0.300059
0.610280 0.107636
-0.644821 -0.130384
-0.484709 -0.106080
-0.104969 -0.316835
-1.748839 -0.638792
-0.500904 -0.354765
-0.018695 0.235678
-0.065202 -0.029756
1.680015 0.799720
-0.016260 -0.215614
0.623255 0.485376
0.653547 0.291119
0.760677 0.124941
-0.100533 0.128801
-0.342222 0.199405
-1.508098 -0.582444
0.463249 0.004363
-1.613981 -0.810739
-1.374410 -0.411187
-0.346859 -0.071115
-0.492659 -0.053490
-1.447998 -0.548354
-0.081103 0.110465
0.329210 0.083373
-0.112991 0.186879
-0.238190 -0.311416
-2.720079 -0.710751
-0.031969 -0.119631
-1.123145 -0.372469
1.235413 0.593599
-1.149389 -0.167139
1.912212 0.271394
1.288799 0.287503
-0.962559 -0.330218
1.204597 0.464386
-1.288446 -0.609792
1.362340 0.885753
0.262733 0.160132
1.597245 0.769834
0.100337 0.098870
0.932719 0.425177
-1.369772 -0.974674
-1.585813 -0.760721
-0.884113 -0.574958
-0.667041 -0.485723
-1.368791 -0.706998
-0.026207 -0.180784
0.423254 0.342795
-0.630745 -0.525405
-0.401793 -0.479771
1.221487 0.642296
1.107722 0.105477
0.204812 -0.018778
0.901314 0.292705
-1.718274 -0.921042
-0.669024 -0.391758
0.337060 -0.042993
-1.012609 -0.304387
0.536257 0.303474
1.390807 0.659570
0.523175 0.136514
-0.076441 -0.362119
-0.522476 -0.182012
-0.094860 -0.008191
-0.416994 -0.149593
-1.102809 -0.309569
0.045021 0.110455
-0.471818 0.109086
0.346691 0.342665
-0.341283 -0.444355
0.573984 -0.000278
0.208561 0.439340
1.602274 0.636689
0.331559 0.042810
-0.251802 0.011708
-0.612479 -0.228839
-1.228376 0.079124
-0.016260 0.117497
-0.796158 -0.162909
-2.997749 -1.016967
0.740803 0.506741
1.134041 0.418589
-1.863232 -0.794465
0.733973 0.769316
-0.981904 -0.653317
0.559014 0.244339
1.140803 0.535145
-2.633556 -1.004486
-1.001370 -0.189342
-0.035143 0.383000
2.551179 1.066014
-0.653765 -0.649873
0.443722 0.212126
0.897804 0.337215
-0.149762 -0.471658
0.949452 0.530703
0.971862 0.044948
0.217107 -0.038460
0.948343 0.234535
-1.136363 -0.544377
-2.393386 -0.826567
-0.815987 -0.066275
1.361349 0.411035
1.182062 0.426208
1.150122 0.344096
0.889263 0.478042
0.266753 0.232574
1.723895 0.667198
-0.021739 -0.482464
-0.523931 -0.100243
-0.670847 -0.351672
-0.496420 -0.020005
2.052785 0.796203
-0.475111 -0.022514
0.065679 -0.121629
-0.004256 -0.005229
-0.568446 -0.590937
0.493904 0.473940
1.047026 0.116785
0.760631 0.393755
0.248633 0.096434
0.748699 0.055460
-0.908650 -0.556651
0.671010 0.327245
1.683737 0.746005
1.055802 0.472232
-0.157710 -0.364274
2.644400 1.004068
0.423209 0.261048
0.992659 0.619364
0.855012 0.279965
-0.033402 0.095462
-0.289988 0.005964
0.135728 0.292824
0.942423 0.565339
-0.188403 0.047878
0.318773 -0.129883
-1.086865 -0.270780
-1.778241 -0.842057
1.879098 0.737531
0.067662 0.026021
-0.255647 0.070478
0.111986 0.125867
-1.560737 -0.699854
1.565125 0.952294
-0.473780 -0.473650
0.079344 -0.111480
0.613797 0.315638
0.164768 -0.274915
2.213666 0.784914
-0.141346 0.326357
-0.425189 0.054003
0.420995 0.002993
0.199064 0.083725
-0.149832 -0.305073
1.615042 0.444883
1.740361 0.971724
0.929396 0.617135
-1.680238 -0.578813
1.649078 0.424061
1.422779 0.425334
-0.915074 0.041275
-1.435438 -0.450472
1.357643 0.602037
0.010897 0.092066
-0.247052 -0.003229
-0.867808 -0.150574
0.938020 0.296997
-0.575849 -0.247370
-1.085906 -0.277624
1.136663 0.725184
0.402274 0.016543
-1.650620 -0.794771
-0.847119 -0.184834
0.406353 0.058414
-2.612793 -0.922459
-1.280030 -0.625823
-1.283312 -0.387570
0.230678 -0.141361
-0.494767 -0.324281
0.915523 0.610230
-0.029794 0.084498
0.476583 0.269322
0.833340 0.208454
-0.255767 -0.335351
-0.602027 -0.271510
0.155041 0.112960
0.259778 0.023625
0.658672 -0.340503
-1.516029 -0.524644
0.431054 0.164588
-2.296881 -0.841921
0.689962 0.263018
0.524052 0.101117
-0.215413 -0.236399
0.952692 0.279524
0.963523 0.417646
0.800434 0.139169
2.322991 1.202152
0.147061 0.490431
-0.900011 -0.478707
-0.002710 0.395677
0.950050 0.168218
-0.878527 -0.334546
0.408010 0.012507
-1.626679 -0.537779
0.450302 -0.153600
-0.517567 -0.049206
