1.184761
1.785097
0.479456
0.713742
0.685257
1.802925
0.903757
4.239139
0.428457
0.450550
1.245433
0.403105
0.947822
1.203305
0.973503
1.241896
2.150285
0.488354
0.793322
0.883197
0.273633
2.470328
0.255994
0.283773
2.103658
0.400394
0.851313
0.280805
0.262719
1.365789
0.632177
0.904455
0.536159
1.907588
2.219964
0.950508
0.338538
2.023421
0.612218
1.214445
0.395999
0.952778
0.767564
0.858017
2.750764
1.415964
3.642321
0.616473
0.460594
0.544844
1.907431
0.457428
0.235070
1.872385
0.381729
0.508592
0.372532
2.599276
1.347613
0.270215
0.264644
0.383033
0.657272
0.937726
4.514968
1.532056
1.733343
0.956333
0.969773
0.570795
0.475274
0.754821
0.656741
3.354669
0.892054
2.090297
2.255078
0.540285
0.528529
0.461338
0.560509
0.657799
0.481280
4.365937
0.347400
0.231075
2.387850
1.075918
0.244599
1.457898
0.408856
1.510818
1.640933
1.159560
1.568476
0.304353
0.935657
0.275157
0.500723
1.156520
2.086537
1.299811
0.891807
2.607349
0.667927
0.797322
0.296732
0.305254
1.881971
0.466011
0.277167
2.466943
2.988406
0.630889
4.572033
0.905512
0.614616
0.259111
0.356426
1.173327
0.862751
1.352490
0.686979
1.643320
1.327403
0.703648
0.607376
0.489461
0.394611
2.278492
0.344031
0.612678
1.223077
0.787818
0.254906
1.663546
0.679324
2.420624
0.533381
0.948683
2.025343
1.028528
2.610085
4.254419
0.416603
1.036534
0.559266
0.421430
0.677416
4.775016
1.808335
0.369191
4.133050
0.284086
1.091637
0.729196
0.643501
1.124404
0.497374
0.938625
3.313215
1.930788
2.372522
0.398597
0.313518
0.755921
1.104493
0.868727
0.540175
4.064570
2.226063
1.637597
1.008663
3.174893
0.359008
0.418125
1.532233
0.249072
2.427706
0.687834
0.573755
1.711538
1.084170
0.775924
0.822434
0.669367
2.616695
2.706248
1.808204
3.881299
0.895874
7.550639
0.855122
1.480576
0.451837
0.664919
0.997119
0.661507
0.729152
2.135565
2.742957
0.895430
2.247947
1.190842
0.749794
2.850885
0.357568
0.914285
1.931514
0.664822
3.355427
3.077343
0.855716
0.270144
1.592199
0.258088
0.348729
0.584174
0.734348
0.648126
0.524876
0.556493
2.832894
0.438719
1.484470
0.325218
0.829647
0.537368
1.821619
1.358915
0.858163
0.500035
0.499285
0.612467
0.815823
2.736572
1.493053
0.893274
2.366512
3.555986
0.529456
0.385922
1.669752
1.638679
3.819547
0.399480
1.575415
1.081737
0.767965
2.269507
0.567532
0.352024
0.598622
1.176206
0.548345
3.005035
1.096177
0.915808
0.547810
0.957758
2.120745
0.562551
4.729864
0.264821
1.743533
1.018506
0.407316
1.391327
0.892724
0.876706
1.483666
3.698991
0.842674
0.404314
0.407589
1.446610
1.375058
0.447692
1.001406
0.407697
0.663548
0.788663
0.479207
0.462451
1.053936
2.165831
0.246618
4.963022
0.258030
0.837761
2.323859
0.783939
0.552019
0.633110
0.303330
0.423035
3.515240
2.212708
0.270338
1.630329
0.720682
1.049798
0.683368
1.708074
0.689211
0.594907
1.864104
1.436478
0.529734
0.319833
0.428707
0.340029
0.505264
1.158707
0.480780
3.090954
0.604402
1.305997
1.451698
3.837279
0.532602
0.357848
0.633177
0.392234
0.365509
0.522810
1.252680
2.385833
1.997390
1.149280
0.816217
0.926427
0.920737
1.248156
2.307176
1.127856
0.562622
0.330934
0.674829
2.131353
1.486670
1.692056
0.568640
1.254740
1.660848
0.470353
0.585323
0.571726
2.490133
2.239968
0.562908
0.961863
1.419639
1.290755
1.728042
1.883034
1.244407
1.487927
2.119237
3.637440
1.159076
1.012492
0.354332
1.227689
0.955996
1.197431
0.886971
0.269593
0.644787
1.456397
0.883488
0.609041
1.714635
1.119746
0.986586
1.074558
0.511925
0.878920
0.358651
1.187435
1.288701
0.688202
1.226393
0.353611
1.392716
1.227802
0.327690
0.312635
0.415197
0.620770
0.495414
0.331236
0.518531
1.370693
0.904797
1.847879
3.737378
0.940891
0.552527
0.793223
1.525498
0.236097
1.237257
1.056819
0.884700
0.432556
0.290309
2.880688
2.157259
1.930520
1.643249
0.382063
1.827686
0.807234
0.298110
0.290107
0.588816
0.852975
0.564271
3.031706
1.751227
1.062376
1.200638
0.307178
0.293277
1.475648
0.641573
2.090266
0.304963
1.910067
5.529092
1.443781
0.554425
1.205984
0.359801
0.494881
0.824451
1.678143
0.296235
1.494620
3.388667
0.611927
1.176881
2.816744
4.150983
0.247550
0.711117
0.689706
2.323336
0.401392
1.308482
2.154804
1.501124
2.251433
2.957110
0.265692
0.536344
0.548780
2.049848
0.520061
0.738576
1.623376
0.389624
0.550453
0.247352
1.473077
2.197745
0.299108
0.289750
1.129199
0.967514
0.779085
0.617955
1.320262
0.351612
0.280586
0.882425
1.835915
4.507828
0.300966
0.272490
0.438373
0.372650
0.991670
1.985591
1.518221
1.822199
0.631945
0.798150
2.631977
1.195112
0.262076
2.278233
0.480661
1.568069
0.690371
2.059347
0.995422
0.351043
1.111384
1.001047
3.921477
1.069641
0.811976
1.762016
1.828123
1.437721
0.293117
0.672181
0.907399
1.067550
0.980073
0.265475
1.882045
2.071820
3.422653
0.660258
0.874264
2.250789
0.815536
0.743211
0.514410
0.869625
0.622775
3.371717
0.233447
0.290319
0.835247
0.802695
2.317192
0.652310
0.421456
0.790778
0.639357
0.561365
3.362845
0.279255
1.077916
1.026491
0.953004
0.408289
0.483150
0.826129
1.131349
0.278938
0.479738
0.448482
0.599201
0.634864
0.531083
0.814097
3.234707
3.253948
4.149868
2.501037
1.265627
1.223892
1.836520
0.240686
1.492428
1.779610
0.402319
1.334478
2.186784
1.253914
0.724624
1.718233
1.085632
0.634833
1.486633
1.032213
2.156999
0.676344
1.830136
0.250504
1.012365
1.877266
3.689782
0.851871
1.828867
1.105376
0.509525
0.575546
0.765634
1.605261
0.823846
0.489996
1.997251
3.130963
1.213428
0.344217
0.702189
1.171340
0.595506
1.196781
3.898205
0.499265
0.633544
1.112965
0.593127
1.325139
1.300536
0.932218
2.223003
1.433827
0.654255
0.746160
1.105745
0.232660
0.353704
1.135250
0.262957
1.688345
4.295540
1.318543
1.768944
0.938348
0.723595
1.931588
0.547492
1.805910
0.283518
0.254383
1.040547
0.348817
0.561735
0.551011
1.923357
0.282213
0.683368
0.671102
0.610068
0.494203
1.730171
1.481655
0.879098
1.771689
0.359402
0.349719
1.919874
1.335277
1.401303
1.542108
1.288038
1.318223
1.371683
3.235076
1.679637
1.163583
0.412341
1.226028
1.362045
2.123297
0.339030
0.246719
1.398177
0.680959
1.494871
1.722974
0.573321
0.717953
0.471487
0.464790
0.927190
2.061728
2.216408
6.038877
1.628958
0.347108
1.166110
2.068549
2.893463
2.380692
2.694412
0.627501
2.193880
4.266423
2.868574
0.254353
0.925677
0.751755
0.888266
1.959452
0.253331
0.568068
0.871607
0.756757
2.520306
0.334181
0.908898
0.456221
0.438194
0.552392
0.807860
2.640632
0.347911
0.768272
0.262516
0.530878
0.257733
0.440120
0.749209
1.148230
0.654600
0.462512
0.645104
0.856039
2.070205
0.999421
0.294661
1.371166
1.727060
2.223751
0.829703
0.577068
0.253853
1.440906
0.360283
1.772107
0.460381
0.509541
0.392225
0.355874
0.456573
2.029800
0.367017
1.146993
2.515446
0.993275
0.597449
3.267696
0.407267
0.883513
0.242047
0.744308
3.059477
0.251004
1.763261
0.751333
0.302115
4.326416
0.666605
0.885101
0.246389
0.742025
2.922807
0.925726
1.265076
0.977953
2.890638
1.139010
0.314897
0.258046
2.159603
4.006676
0.518408
0.481975
0.736619
1.573004
0.411285
1.526833
0.996006
0.427869
0.790843
1.972895
0.373171
1.770876
0.914848
0.892100
2.904163
0.813809
0.539986
0.593739
1.106940
0.233484
0.256997
0.785955
0.379124
1.337440
2.134176
3.224791
0.430349
1.693865
1.162190
0.266265
1.381437
0.772261
0.246926
1.706020
1.465063
0.380993
1.627462
0.387050
0.729436
0.518742
1.027999
1.837933
0.288041
0.486207
0.727726
0.903863
1.479187
0.505575
1.092778
0.402108
0.607774
0.541096
0.814781
0.994606
0.722761
2.654301
1.793556
0.610293
1.106643
1.018436
2.478768
0.566228
2.037632
2.089748
2.291968
0.239083
0.367683
0.608857
0.775898
0.537994
1.339029
0.814594
1.058398
0.580514
2.901948
0.525817
0.382944
1.786797
0.471631
0.954125
1.227493
0.856040
1.052811
0.261299
1.619640
1.519815
0.662312
2.640107
0.518858
1.414872
1.312936
0.640230
0.668164
1.391013
1.517756
2.270578
1.608394
0.753175
0.463534
1.251518
0.342014
1.119856
0.671737
0.547235
1.076331
0.621213
0.887535
0.270954
0.320400
0.533121
1.854777
0.232852
0.573814
2.414612
2.662177
1.190531
1.407373
0.995627
1.825141
4.397300
1.325181
1.601903
0.410378
0.314194
1.292606
3.416695
1.060443
1.106033
0.551918
0.402189
1.710320
0.865937
1.277993
0.607304
1.740732
0.306265
2.920205
0.938030
1.253966
0.636697
0.252353
0.876952
0.528343
1.742877
0.729068
0.583979
1.721497
0.417346
0.417205
0.641454
0.833801
0.307619
0.306363
1.236746
1.148385
0.579978
1.612957
0.950719
0.745494
0.634603
0.538683
5.041175
0.294298
0.393267
1.021150
1.415735
0.270581
1.753764
0.677513
0.285097
0.493818
0.585925
1.326982
0.250363
2.634048
1.092115
2.663434
1.335369
1.043355
3.822417
0.707994
0.846070
0.357164
0.233444
0.327678
2.131438
0.839847
1.839284
1.050248
0.929681
0.322195
0.832242
2.136511
0.600788
0.374235
1.767424
0.392811
0.287604
0.944897
1.071745
1.230272
0.340596
0.402850
0.242407
2.339591
1.837393
2.676503
0.350842
1.308788
0.794436
0.293755
2.641164
1.253017
0.524331
0.326998
0.286089
0.693876
0.558363
3.575281
0.462484
2.264571
0.826060
0.877507
0.411298
2.103629
1.571897
0.336975
1.561469
1.365308
0.969593
0.234517
2.597915
3.677598
0.510077
2.474163
0.818010
0.364605
0.356180
0.237906
2.815241
1.537304
0.362836
0.305218
1.095243
0.274462
0.700976
2.079597
0.346782
0.494835
0.708526
2.501964
0.327137
0.628234
3.045342
0.343147
0.586993
0.802380
0.847549
0.610080
1.149748
1.754181
1.135185
0.521266
1.266592
3.255399
1.372564
0.384691
1.249883
0.334470
1.435966
1.142588
1.048450
2.705842
0.466771
2.469661
1.671767
0.955631
0.567233
1.287557
1.825169
2.146278
0.394971
0.293386
0.460635
0.977082
0.585812
0.304714
0.379536
3.543356
3.624688
1.367749
0.618672
0.539466
0.760041
0.438253
0.448221
0.569284
1.139393
0.898646
0.507808
0.604480
0.339334
0.674177
2.404388
0.444305
0.841497
1.591470
2.101294
0.509525
0.419729
3.033564
1.132013
0.888750
0.468337
1.435066
1.331555
0.478120
0.463552
0.512317
0.420310
1.695433
0.375206
0.531725
0.908210
0.629583
0.700263
0.425131
1.866724
1.533361
1.063480
0.470715
2.171234
0.323892
0.400647
1.782380
1.358285
1.320914
0.496491
0.854013
0.527303
0.459223
1.572902
0.422183
0.677112
1.185044
0.301495
0.516971
2.446690
2.176040
0.444466
0.237644
0.797248
3.389252
2.497129
1.185319
2.875985
0.943629
0.323647
0.540166
1.658886
2.558953
1.316455
2.276280
1.424289
0.994614
0.532819
1.421835
0.705752
0.467357
0.630839
0.295354
0.239022
2.088964
0.495785
1.133465
2.426551
0.284538
0.254220
0.478180
3.649906
1.120806
0.310956
1.941608
1.369132
0.582502
0.447922
0.561795
3.064688
0.581587
0.493491
1.369902
0.860638
0.247421
0.496546
2.653349
0.801110
0.516976
0.550196
2.777143
0.600765
0.230575
1.406939
2.725867
4.979320
0.670034
1.238000
1.710389
3.739896
2.581817
0.425411
0.886212
1.226074
0.295899
0.912772
0.335095
0.504496
0.328607
1.026179
0.340999
1.058277
2.660945
0.528095
1.438221
2.113572
0.355993
0.540590
1.994097
0.563573
0.579909
3.307728
0.417876
0.423782
1.545653
1.135553
1.522119
0.722976
0.859985
1.535495
0.569428
0.300991
1.386330
0.893274
0.902319
2.402083
0.426006
1.696439
0.495331
1.182194
2.145942
0.394851
1.796872
0.523983
0.231185
0.349126
0.718575
1.172599
0.438205
0.576819
0.240709
0.344503
0.728710
1.921872
3.726352
0.492193
1.160268
1.078245
1.164554
0.389311
1.225155
0.894950
2.095787
0.278556
1.224770
0.550739
0.541480
1.261823
0.936810
0.858303
1.284713
2.032319
0.974751
0.419993
0.289165
0.353383
0.829774
0.603511
0.507647
0.495746
3.827276
2.154817
1.860480
1.824442
0.553166
1.649397
2.184633
1.220493
0.436741
1.653075
3.179974
2.848239
1.014380
0.632716
0.621206
0.601586
1.069191
1.190718
0.582757
0.407867
1.461031
0.881355
0.497658
0.766156
1.513508
0.268290
0.777580
0.392341
1.435849
3.332336
2.726859
0.231001
1.135337
3.798731
1.771805
1.384712
1.042552
1.342253
0.762141
1.256681
0.871212
0.549738
0.526865
2.704078
0.914560
0.425090
0.810075
1.547695
5.448128
0.780367
0.391072
0.459613
1.931632
1.831745
0.453460
0.256414
0.261708
2.159047
0.599031
1.487882
0.418645
0.307235
0.684787
0.500426
2.664698
2.225482
0.638934
0.701206
1.044749
0.516036
0.371122
0.302011
0.842436
0.271801
3.546817
0.284580
1.533505
1.584202
2.065639
0.413308
0.629042
0.484490
2.224127
0.290766
3.012562
0.361714
1.053489
3.887645
0.762553
2.903008
1.329429
0.296445
0.258398
1.867389
0.711744
0.944922
0.550904
0.427021
0.984591
1.284700
0.693464
0.521538
2.455686
0.250632
1.476819
0.282758
1.683678
2.195751
0.472046
0.297043
1.022169
0.363153
3.382046
1.095305
2.166348
0.585056
0.693114
2.619746
1.004740
6.334650
1.409319
2.429826
1.804957
3.052082
0.992361
4.661326
1.388650
4.309571
0.588645
0.730223
0.623823
0.318241
1.903107
2.693156
2.238138
1.459304
1.067533
0.622591
0.322235
3.316954
0.875138
0.282627
3.713051
0.981249
4.716612
0.701467
0.573608
2.206177
0.248041
1.132036
1.289617
1.901888
3.096112
1.311050
0.653578
0.234576
1.782930
1.244960
1.245302
0.289480
1.208135
0.788418
0.812505
0.931837
1.266397
1.198539
0.504061
0.502572
2.425296
1.283480
0.865566
1.072935
0.649900
1.968665
0.349597
0.696970
0.975426
0.735116
1.096706
0.715642
1.037486
1.430066
0.547041
1.114437
1.046556
0.678855
1.162902
1.838594
0.269902
2.471286
2.341997
0.325307
2.306552
1.300834
0.756133
0.295029
0.672324
0.409594
0.578381
0.576528
0.914877
1.889605
0.989815
4.390881
0.261720
3.182005
0.438161
0.830909
1.288824
0.954635
1.066191
1.789760
0.562374
0.693951
0.273249
0.781685
0.952926
1.728228
7.109609
1.569470
0.645410
2.149391
0.251843
1.093444
1.103607
0.626607
2.299216
2.691012
0.330746
1.810411
2.072149
1.287821
0.663495
1.052291
0.394232
1.260390
0.380797
0.995213
1.376438
1.889019
4.461572
2.433383
5.363153
1.623081
1.528136
0.407669
1.057286
0.288394
0.572446
0.377804
2.069225
0.994622
1.571352
0.755633
3.656033
0.370295
0.916890
2.409217
1.863215
1.212134
0.338760
0.993423
0.314921
0.814766
1.643504
0.858292
0.664286
4.183145
0.960422
0.821543
0.610474
0.808747
2.528830
0.232427
1.430479
1.364218
0.445462
0.309450
1.447010
1.644496
1.648338
2.959088
3.130435
0.397809
0.514580
3.395006
1.033793
2.008555
1.243723
2.697958
0.336366
1.079459
0.401484
0.698179
0.788985
0.461695
0.262119
0.329378
0.303157
0.803750
1.606936
2.978801
0.284997
1.727424
0.269596
0.365748
1.641783
0.914604
0.748836
0.686786
0.533155
2.477891
4.208203
2.263921
1.216250
0.953174
0.751677
0.814109
1.951074
0.692192
0.315083
1.136422
0.571159
1.906797
0.417314
1.102786
2.872782
1.889681
1.464906
2.188806
2.192546
0.849056
1.424576
7.054369
0.426720
0.560777
0.962700
1.172538
1.118072
0.698436
0.852372
2.360298
1.221340
0.835256
1.229605
0.669685
3.779747
0.304776
1.539155
0.950818
1.552743
2.671581
0.510568
0.430488
4.231260
1.916593
0.656743
0.671953
1.631454
0.556202
0.920499
2.533618
0.840101
0.383836
1.362519
0.485303
1.007643
2.438483
1.392071
6.298074
0.507148
1.519180
0.530454
0.299793
1.400494
2.524498
0.696054
1.324805
0.829871
2.045586
1.387180
2.187214
2.597400
1.356914
0.556950
3.949245
0.937703
3.923669
0.703440
4.692841
1.051414
0.632609
0.380787
0.445754
1.387471
0.308212
1.613509
0.536296
0.389986
1.254508
0.899283
1.643192
0.274268
0.611325
0.231964
1.515991
1.161375
2.396387
0.275073
0.538931
0.405298
1.212776
2.979823
0.471313
0.391648
0.552008
0.703635
0.236979
2.320025
1.681907
0.537440
1.046123
1.910409
0.836697
1.017742
2.410026
0.240948
2.408815
2.095642
0.316600
0.669421
0.579103
1.520307
1.552577
0.698597
3.436626
0.282202
0.678364
0.375890
2.364734
3.213099
0.683592
2.215430
0.305510
1.786282
0.276593
4.226473
0.491692
2.944785
4.724479
1.178507
0.894532
3.407725
0.385157
1.299503
2.056203
1.814145
2.174085
0.399778
0.398862
1.094040
0.777299
0.600339
1.561363
0.359510
3.120837
0.551914
1.785966
1.076352
0.708314
2.257950
1.066598
0.961801
0.313978
1.321713
0.562047
0.366089
1.699992
2.047179
1.667034
0.480461
1.261592
0.459566
1.071108
2.074019
0.308544
2.493882
1.668413
0.945790
2.028935
3.111320
0.434793
1.053498
3.223285
0.245786
0.564550
0.259733
1.131772
0.701687
0.504761
2.165804
1.566638
2.860267
0.375497
0.541561
1.138818
0.528147
0.618419
1.770729
0.910487
1.471161
0.635163
0.597896
2.035582
1.086301
4.666627
0.417202
1.774624
0.496368
1.453497
1.391582
0.794240
2.258894
1.296245
0.861552
0.744613
0.243258
0.971745
0.455755
0.529580
0.598487
2.631681
1.275621
0.499425
0.478383
0.709707
1.219588
0.743800
3.588591
0.438351
0.249200
0.949720
1.573296
2.083538
0.466778
0.422906
0.246620
0.455828
0.572689
0.322784
0.967126
1.231713
1.497767
0.480959
7.978765
1.801533
0.338761
0.797491
0.837954
0.904439
1.232886
0.715811
0.626256
0.330299
0.994364
0.362757
0.979148
4.080626
2.936717
1.050728
2.356445
0.968356
1.323508
0.255265
0.399999
1.232459
0.757696
4.448920
0.769935
0.617648
0.430532
0.423187
0.407619
1.900615
0.461252
2.152124
2.462903
0.441945
0.811667
1.244510
2.816661
1.976582
0.652264
1.847362
0.970724
2.012774
0.400984
1.091859
0.230751
0.806963
1.285929
1.570616
0.240301
0.299115
0.443934
0.786526
0.554901
1.065057
0.540872
3.463062
0.309649
0.704315
0.962093
0.348642
0.530704
0.278161
1.442544
1.038195
0.374676
2.716822
2.198472
0.533699
1.166191
3.327503
3.714495
0.918571
0.352737
0.614961
1.085511
0.280274
1.005586
2.666942
0.252415
0.291933
0.584094
1.157768
1.169006
0.446455
2.953875
0.370516
0.466415
0.584741
0.246131
0.612176
0.991584
0.429455
1.252231
1.905178
0.936073
0.524935
0.244011
0.276465
0.289079
0.631975
6.762311
0.598950
2.848022
1.201107
2.689039
1.474346
0.404629
0.505968
0.619093
2.201680
1.275259
2.636478
0.738847
1.223330
1.346432
0.897570
0.499768
0.507778
0.365649
0.352312
4.525697
1.632132
0.307451
1.796959
4.770648
1.211340
0.469423
1.046481
1.231309
1.180728
3.417233
0.897890
0.726547
1.776034
0.229551
1.094902
1.985839
1.481796
0.542038
0.550183
1.563581
2.231189
1.027075
1.093966
1.099328
0.423998
0.370510
0.501129
2.063602
0.742391
0.668987
0.648220
0.633269
0.728573
1.199572
0.756192
1.192682
0.528581
2.603207
2.670960
0.777681
0.968231
1.351938
0.311428
0.281242
1.415288
3.339657
0.352381
0.304029
2.745141
1.794664
0.587838
2.464805
1.730595
0.480969
1.596881
0.489324
0.964300
0.894223
1.173704
0.819917
1.166296
1.227599
0.387389
2.104432
0.957308
0.942727
0.258746
1.676340
1.351925
0.980291
0.458495
0.521483
0.322117
1.762602
0.344408
1.681330
1.345822
0.393074
1.142603
1.847438
0.599453
0.240441
0.906464
0.705413
0.741513
0.335855
0.449164
0.624999
0.862222
3.499805
1.384623
0.798979
0.344950
0.294433
0.622903
0.298313
1.776333
3.160662
1.452780
0.280178
0.483926
0.596928
2.015182
0.259178
0.333060
1.600338
2.080615
0.311755
0.763508
1.975073
0.484703
2.220935
0.555889
3.171331
1.128826
0.886382
0.842728
0.550495
0.592792
1.058164
2.958871
0.977754
1.141927
1.455710
3.893551
0.633175
3.008354
0.347026
0.771554
0.811959
2.411059
0.986414
0.708779
2.281768
1.153226
1.938887
0.542143
0.870116
2.329885
0.652060
2.083650
0.775330
1.447488
2.003454
0.295190
0.280160
3.414784
1.018200
2.583817
1.832546
0.565302
0.822496
1.139976
0.683666
4.162672
0.578232
1.545835
1.385495
1.399860
0.340503
0.644159
0.426882
3.381091
0.302752
0.776644
0.882241
0.349194
0.774214
0.245515
1.213694
0.721416
0.932279
0.917131
1.046604
0.692370
0.512263
0.762756
2.869153
0.807690
1.769396
2.124784
1.947964
0.611324
1.128118
2.022670
0.782435
1.465796
1.528373
1.747479
2.043470
0.646310
2.759449
3.275062
2.301852
0.305017
0.251079
1.539197
0.535357
0.612423
0.789517
0.913155
0.295076
1.266742
0.266527
2.327839
1.952086
1.151174
0.235112
0.565888
2.175277
1.287110
1.287272
2.823570
0.615606
1.145835
4.733143
0.290936
0.639051
1.578055
0.284069
0.444749
0.855971
0.256927
0.742159
0.624745
2.557998
0.259932
0.778073
0.669692
0.664399
0.421336
2.562411
0.253885
0.795136
0.884034
0.815643
0.457306
0.515392
1.104919
3.053901
0.547956
1.485178
1.104660
0.391792
0.236343
0.894817
1.170146
1.776842
2.128100
1.109786
1.045165
0.806181
1.473011
0.431133
0.330252
1.595560
1.043497
2.601328
0.981560
2.332751
0.744028
0.535849
3.348970
1.289656
0.376077
0.270667
1.489287
1.251921
0.412468
0.258113
0.933265
0.888121
1.074109
0.254117
0.352657
2.729974
4.035495
1.218788
0.450248
0.877050
3.449064
0.473583
1.064886
2.340175
1.827139
1.554559
0.275442
0.455710
0.304816
0.976839
0.913548
0.899705
0.358009
1.273447
1.806657
5.183826
0.486404
0.752320
0.741676
1.085497
0.495457
1.659024
0.885687
0.490301
1.067547
1.623024
0.647069
1.234870
1.764433
0.406536
1.539122
0.667286
4.379404
0.713741
0.269130
0.229532
0.906366
0.978966
0.385271
0.969176
0.240989
2.771464
1.153144
0.504593
0.823976
0.669333
1.780890
1.156186
0.644234
0.419375
0.465042
0.605553
0.471337
3.100248
1.011810
0.566033
0.507653
0.693095
2.511630
0.749604
1.975464
0.229925
2.891455
0.750749
1.116031
1.193783
0.389140
3.361658
0.825650
3.222164
0.258808
1.209533
0.472839
0.658519
0.539740
0.335212
1.027683
1.375737
2.379038
2.495550
1.406626
1.651141
0.285263
1.333605
0.304014
2.701995
0.640536
0.684047
2.847069
2.718647
0.287700
0.611963
0.638716
0.487600
0.298025
1.689145
0.341699
0.260481
1.200005
1.713790
3.696883
0.260567
1.659162
1.571908
0.904956
0.469580
1.099610
0.797767
0.977317
1.280757
1.016138
1.231067
2.318852
2.449133
0.656115
2.618810
0.600287
0.630103
0.954596
0.416236
0.867224
0.866733
1.612858
0.705265
4.558512
4.711309
0.960520
0.676115
0.434951
0.713194
0.841934
1.789690
0.297560
0.563430
1.107497
0.704380
0.834207
0.450693
0.399556
1.470285
0.671208
1.098385
1.950208
2.918556
2.096380
0.724065
0.849987
0.618883
1.604458
2.896164
0.368606
1.194998
0.461319
0.394851
0.265879
1.573508
1.019900
0.814638
0.245126
5.232552
0.277820
2.478875
0.450315
0.273784
0.808842
0.469378
1.640210
2.964877
1.223524
2.175341
1.542200
0.306641
3.030975
1.805837
1.950861
2.732606
1.599547
1.823540
2.545227
0.487475
3.132048
1.743976
0.736090
0.610548
0.891147
0.646578
0.487295
1.692799
0.309328
0.477822
0.977686
2.319916
2.314515
1.195961
3.649820
0.287711
1.003545
0.250470
0.408138
0.342940
3.101586
2.132054
0.274489
4.708253
0.422299
0.504938
0.350041
0.353454
0.393808
2.085373
1.639257
0.319391
3.955524
1.811642
1.028632
1.007956
1.804241
0.848311
1.141033
0.751885
1.434595
0.411941
1.927635
0.695306
0.462998
0.728988
1.139169
0.537358
2.074255
2.692957
4.088783
1.844172
0.386611
0.894241
1.568931
2.902821
0.581709
2.927286
1.936008
3.186218
0.824849
1.574979
1.064254
1.875360
0.945713
0.654736
0.243242
1.228124
0.414487
0.290465
0.550607
2.089117
0.724121
0.511359
0.578316
0.457847
1.334507
2.438077
2.448854
1.315632
0.813880
1.260053
1.601380
0.901109
0.603432
2.438398
1.322113
0.700586
0.540200
0.404703
1.370066
2.237573
2.262012
0.325705
1.107907
0.926451
0.550764
0.585645
0.560065
1.697363
0.387109
0.325912
0.554615
0.563285
1.089943
0.332937
0.365547
0.610347
0.451346
0.823335
1.229220
1.413356
0.829580
0.427486
0.467999
4.166142
1.382257
0.422940
1.448801
0.238655
2.262151
0.470085
0.994048
0.475952
0.577293
3.844263
1.521350
0.491786
0.789596
0.239370
5.227306
0.258288
3.735060
0.246786
1.054020
1.876276
0.858733
2.457571
0.302887
2.557919
0.590072
1.387882
0.547537
0.299832
1.225422
0.778334
3.163649
1.042148
2.682686
0.325347
0.554193
2.753872
1.930004
0.285402
1.259091
0.785809
0.535076
1.669056
1.649069
0.307862
0.852978
1.739915
3.409428
0.615466
0.588439
0.495528
1.971542
1.024868
1.092690
2.082618
1.372183
1.643737
1.456077
1.317887
0.514344
0.535735
0.830222
1.656710
0.716728
1.410283
1.938774
2.932977
1.628917
0.391485
2.620378
0.779010
2.826239
1.457302
1.805249
1.716571
0.932881
1.145604
0.669900
3.323798
0.557906
0.578735
0.301795
0.589761
0.569604
2.406458
0.677136
1.210671
1.076812
2.074958
0.727005
0.555608
0.487035
0.267212
4.470176
2.621069
0.655624
1.063670
0.636608
0.501506
0.773851
2.011735
1.071551
1.514329
1.073976
0.963831
1.280565
1.385107
0.748302
0.773217
0.394919
0.958544
0.937711
2.289165
3.833502
1.625131
0.587717
2.368035
0.230079
1.745194
2.561633
0.385306
0.685095
0.719339
2.019089
1.910899
0.926649
0.994178
0.432075
0.778895
1.586203
0.467162
0.381679
1.615051
2.219735
1.226072
0.493470
1.105222
0.644004
0.255450
1.032285
0.841660
1.066136
0.511663
0.728480
1.261145
0.707205
0.393734
5.601922
1.958584
1.957841
0.268074
0.920960
0.361805
0.637011
3.390698
0.254823
0.388428
0.429267
1.885827
0.765326
2.347649
2.208520
0.550127
0.236670
2.918578
1.499237
0.479324
0.363061
1.801527
1.922925
1.732995
0.480690
1.289190
0.674697
0.442116
2.243645
0.397414
2.645967
3.960501
0.833435
2.016638
1.974186
0.678662
0.349482
1.250417
1.471375
0.582751
1.192337
0.264780
1.159227
2.165061
4.039243
1.073982
0.898540
1.480475
0.812192
0.671891
0.343244
1.575819
0.306290
1.092514
0.675699
1.218130
1.991493
0.578222
2.304081
1.280573
0.552352
4.980310
0.471276
0.400104
0.338607
0.267992
0.279247
0.662678
0.778874
0.402193
1.231621
2.133436
0.637073
0.392182
1.326033
3.331491
0.267806
1.451161
0.241118
0.920756
0.558459
2.512851
0.623080
0.439669
0.728274
0.590218
0.604536
0.751170
1.040553
1.821215
3.249030
2.589166
0.491929
1.161003
3.712531
0.511845
0.427106
0.286674
0.239698
1.773640
1.288026
1.694755
0.967554
2.063958
0.461354
0.548416
1.100723
0.759918
5.898426
0.259129
1.044852
1.457729
0.743540
0.748739
3.599964
0.777787
1.613834
1.928896
0.264293
0.296362
0.749468
1.929849
1.171346
1.626809
3.824236
1.424779
0.443380
1.512127
3.247930
2.616938
0.442741
1.140485
0.340258
5.358830
0.878880
0.274147
0.596783
2.495871
0.861093
0.313535
2.043748
3.024883
1.676947
3.858284
2.504513
7.377461
0.809653
1.224393
1.604833
2.933822
0.802038
1.131727
0.565232
2.654590
1.006719
0.391426
1.120975
0.833854
0.722965
0.719620
0.361957
0.373260
0.430439
1.143990
0.386225
1.089700
0.854772
0.988923
1.026964
0.561825
0.695764
1.096494
1.207387
0.417127
1.300300
1.437134
0.539350
0.554851
0.391807
1.019488
3.097532
1.459222
2.528362
2.858087
1.294621
1.439641
0.250354
0.655505
1.028568
0.608179
1.592389
0.756281
0.282760
1.626186
1.617448
0.287733
1.167174
0.922430
1.077198
0.265849
2.109427
1.105149
2.273054
0.394452
0.740938
0.440134
1.078107
0.442649
0.374240
0.238619
0.817194
0.654628
0.671398
0.618770
0.438814
0.391642
0.295469
0.588751
1.350149
0.967741
1.321762
1.856204
1.054249
0.391455
0.429032
2.726357
1.763457
0.656183
1.170816
0.878749
0.394355
0.291211
0.313147
1.966001
0.252014
0.785122
0.563651
0.835467
1.273544
2.220076
1.941470
0.945503
2.180940
0.385161
0.907708
0.832972
0.244237
0.621266
0.425230
2.682223
1.236212
0.411284
0.309907
0.239389
0.674571
0.390929
0.428135
1.650117
1.773907
0.245015
2.352333
1.056687
0.605945
0.307644
1.775811
1.984262
0.377901
1.455382
0.666623
0.941045
1.229551
0.833162
1.019117
1.317492
2.040215
0.539106
0.445983
0.467837
0.711558
0.661639
0.689193
0.727042
0.737436
0.414646
0.910621
1.084028
2.081001
1.094092
0.403153
0.632473
0.870034
0.406422
2.930685
1.588330
3.949749
4.611038
4.115763
0.273216
1.469508
0.988237
1.877136
0.243079
2.683863
1.157390
0.231941
0.483680
1.710510
1.431183
0.242070
1.300768
0.290412
0.835221
0.543358
1.154458
4.871071
0.280083
1.877196
0.671631
1.075218
1.219518
0.727253
0.738677
1.054575
0.280929
2.598107
0.827834
2.482440
0.946206
1.135183
1.150208
1.434134
3.683883
2.625628
1.163745
0.661460
1.247441
2.374335
0.755950
0.309888
0.685572
2.394117
0.987617
0.230130
1.080717
2.230457
1.474405
1.559489
0.777870
2.093991
1.306087
0.334937
0.302919
3.359938
0.233481
1.154764
0.255303
1.049822
0.423853
2.411091
0.934395
0.277571
1.064118
0.661195
0.274778
0.665239
2.004303
1.129529
0.848818
0.618465
0.447789
1.411412
0.290227
1.376559
0.876720
0.304578
6.361055
0.627011
1.356447
2.385556
0.305630
1.984220
4.381182
1.091982
0.564151
2.211957
0.899208
2.122061
3.684986
0.495038
0.276645
0.511286
2.481357
1.812735
1.043468
0.330719
0.915798
0.874739
0.822518
1.228157
2.090463
1.070564
1.309670
0.254244
0.243615
1.306830
0.841687
1.706830
1.666245
2.784951
0.879323
1.039228
0.495348
0.341786
0.703366
0.403781
0.436099
1.545073
0.677222
1.837421
0.645798
0.896547
0.387403
0.904287
4.100201
0.724513
2.562700
2.088906
3.407720
0.762559
1.162050
0.981598
0.948184
1.655209
0.637951
0.440671
1.573914
0.634153
0.797616
1.025523
2.449808
1.976594
0.272707
0.381574
2.209700
1.520306
1.004696
0.890656
0.754295
2.659216
0.565526
0.837414
2.724825
1.557980
0.393320
0.794755
3.743938
2.928301
0.720286
0.561079
0.952431
0.971953
1.369899
0.374744
0.343024
0.298915
0.672725
2.152800
4.190918
0.860324
1.430410
0.354014
0.765556
0.702707
0.305303
3.285201
2.181320
0.789157
0.279078
2.483843
0.442451
0.584126
1.621121
0.569356
0.922784
0.382155
0.948474
1.658022
3.827306
2.275039
0.723605
0.952916
0.322581
0.318872
0.249745
1.844066
0.310948
0.946796
0.760634
1.449278
0.304856
0.889143
0.713245
1.285948
1.045312
3.533993
0.610626
1.816311
0.997076
1.581244
0.240626
0.302537
0.857043
0.813537
1.337746
0.688528
0.311053
3.170904
0.989703
2.649160
1.535342
0.468387
1.651798
0.306812
1.662838
0.873450
2.416239
2.500939
0.565502
0.878826
0.584461
0.802777
2.068222
1.044540
2.068327
1.436688
0.820069
0.571775
0.303533
1.405226
1.407721
0.236896
0.311569
2.475785
1.040074
0.654925
0.526533
0.365817
0.933655
1.533139
1.918137
3.761693
1.934452
1.019542
0.522003
1.089713
1.328262
0.888799
1.417009
0.754705
1.027374
2.151576
0.245101
0.509093
0.869733
1.230727
0.558288
0.601324
3.878603
1.484631
2.554994
1.047841
0.486464
1.132991
0.565390
0.313835
1.446192
0.242448
0.532352
0.881442
2.885087
1.217850
0.282380
2.208487
1.381609
1.537810
1.536812
1.913454
0.765574
0.958239
0.458592
0.555711
1.289964
1.169681
4.219841
0.516184
1.411816
0.589617
1.760957
0.250018
1.473786
0.767281
1.689018
2.588245
2.102778
1.429260
1.128783
2.782033
1.296326
1.547039
1.407337
1.617290
0.730540
2.901082
0.917940
1.465040
1.637469
3.320789
0.832957
1.479121
1.106473
0.784587
0.799131
0.554539
2.365131
0.567592
0.572142
2.979005
1.713216
0.241561
2.028865
0.338525
5.564959
0.296493
1.312434
1.639733
1.087193
0.250138
1.176962
0.531171
0.839450
0.602752
2.087326
0.714861
1.604907
3.387667
0.528332
1.591129
0.434534
0.283743
0.618949
0.992835
2.708611
1.323682
0.310818
0.829527
0.323263
0.952608
0.831001
0.323425
0.591265
1.622267
1.598024
1.245949
0.437483
0.387122
2.077749
0.462712
0.616512
0.943760
1.381777
2.051234
2.319701
0.689245
3.268076
6.235529
1.043884
0.788497
2.911922
1.309946
1.811871
0.290943
1.851051
4.338044
0.867144
0.885550
1.028124
0.618806
1.302431
2.158255
1.610595
1.196445
0.800071
0.705565
0.242639
0.803003
1.354298
0.329978
0.536223
1.760307
0.266702
0.314552
0.710764
0.893740
0.499608
0.932247
0.464837
1.141626
3.805806
1.333682
0.255041
0.839921
0.363817
0.604300
0.889109
0.829439
0.736597
0.460527
0.631948
2.984795
2.551506
0.417713
0.236490
3.648111
1.275182
0.648973
0.314049
1.266261
0.307516
1.240776
2.138396
1.368139
0.427556
0.747470
1.297622
1.327668
1.111461
0.804857
0.798010
2.746973
0.815523
1.453265
2.400828
0.513623
2.180237
0.754119
2.535110
0.294492
2.191351
1.142865
1.524948
0.751994
0.370321
0.902819
0.301760
1.135306
0.500471
1.613000
0.762208
2.092583
0.313675
0.325557
2.274528
0.275316
2.354222
0.390654
1.419222
0.639853
0.387472
0.588655
0.549517
0.521120
0.812881
1.022752
1.130126
0.411080
4.619064
3.672810
0.677565
0.678489
0.508665
0.531014
0.794320
1.223774
1.610089
0.986579
0.597287
0.293921
0.347414
0.541079
1.168605
0.565453
3.043069
0.991293
0.879701
0.869657
0.640169
0.459601
1.110074
1.827124
2.008275
0.545397
0.397756
1.195112
0.679739
3.993911
0.315029
0.552087
0.520698
2.788394
0.519699
0.305449
0.618317
1.236081
0.991339
0.787734
1.188996
1.846480
1.064556
1.342449
0.949942
0.925154
2.805417
1.190966
0.650538
0.927480
0.731706
0.770535
3.517179
0.504445
0.260073
0.279459
1.127601
2.201758
0.750580
0.304971
0.332623
0.472523
0.645037
0.986318
1.830398
2.731631
3.241441
1.168100
3.899252
0.486599
0.466771
0.916167
0.258039
1.068976
0.388915
0.354577
2.898364
1.958673
0.833372
1.918044
3.686712
0.301610
2.450939
0.918561
0.626024
0.242923
2.088782
0.597623
2.103567
0.869868
0.368811
0.549670
0.821251
0.258330
1.023657
0.508334
0.344098
0.383593
2.879851
0.710845
1.983919
0.748418
0.488786
3.284698
2.809919
0.464811
0.870252
0.246001
1.817982
0.249115
0.738451
0.327176
0.652092
0.248678
2.238164
0.686581
4.015826
0.409260
1.168689
1.167498
1.237845
0.816417
0.561998
0.300316
0.521614
2.838831
0.580256
0.520061
1.162859
0.506168
1.366127
0.311711
0.320165
0.613727
3.208509
2.093011
1.637293
1.762242
0.643590
0.485693
1.205881
0.253358
0.772683
0.343391
3.917587
1.050699
0.347993
1.079869
0.414753
2.805567
1.458256
0.884190
0.555341
0.534160
0.853817
0.360969
1.508071
0.319707
0.437440
3.911088
1.162105
0.451709
1.099805
4.598776
3.931820
3.991483
2.261420
0.716047
0.347169
3.100840
0.958228
1.709228
0.580877
0.382976
0.571308
2.238379
0.634822
0.312240
1.407241
0.430389
2.586012
0.358884
0.526963
1.632832
0.340539
0.527231
2.009734
2.682862
2.417064
3.339572
1.588393
2.561930
0.761187
1.703513
1.711148
0.870052
0.748464
0.654773
0.412882
2.494576
3.010252
1.765579
3.115553
4.768245
1.464574
2.884291
3.659038
1.550957
0.455044
2.652422
0.524423
0.715071
0.648457
6.503812
1.221839
2.252263
2.088074
0.742126
2.298395
1.338798
1.462603
0.877118
0.241557
1.654995
0.683164
0.338976
0.906419
0.912218
1.751502
0.887375
0.835628
0.474615
0.416652
0.407148
0.814771
1.110820
1.465157
1.574273
2.166189
0.678945
0.999223
0.593888
2.593265
0.476318
3.211428
3.531252
1.141379
0.548934
1.672646
2.662358
1.268734
3.581675
0.808664
1.727106
0.608795
1.022757
0.807038
0.708566
1.111638
0.533678
0.990245
0.423150
0.731941
0.349139
1.901584
1.574047
1.231033
0.976861
1.086802
0.928530
1.692818
2.250692
1.394583
0.418645
2.366265
0.972644
0.258502
1.095314
1.181705
0.919823
3.453737
1.237190
1.909938
0.640684
0.692520
0.624109
2.955412
1.614979
0.442847
0.535408
0.249361
0.811740
1.021689
0.265275
3.127639
1.894493
1.868646
0.334325
1.903573
0.812904
2.422386
0.475463
0.459394
4.297249
0.348354
1.315741
0.350169
0.747999
1.866958
1.342172
1.897382
1.889821
1.216695
0.925874
1.119187
0.660663
3.130220
0.261917
0.797141
1.805642
0.355080
0.793502
1.098193
1.058033
0.245501
0.774776
2.123133
1.105481
0.244298
0.467375
0.424105
0.998134
0.397039
0.355058
0.538580
2.043438
1.678896
0.392000
0.422282
2.537878
0.776514
1.196802
0.451594
0.749004
3.329114
0.453885
0.694251
0.707010
1.783246
0.385206
0.267279
2.351773
0.690579
0.805603
0.346561
0.760777
0.792114
0.253451
0.555621
1.506583
0.945441
3.011412
1.013616
0.912474
1.280873
0.316569
2.657847
0.780183
3.871731
1.340241
0.745317
0.291468
1.690959
0.537712
0.392754
0.731952
0.249066
0.295441
6.779061
1.419117
0.253149
0.529945
0.891212
0.820303
0.233923
2.482873
0.510614
0.312669
1.504913
2.316491
1.180368
0.578344
0.283875
0.916240
0.388942
0.789021
0.272214
0.843125
0.293368
0.335338
1.663686
0.593798
0.265981
1.163558
0.291714
2.378481
1.252029
2.616528
0.316901
1.530795
3.893149
1.982553
0.821275
0.395432
0.443449
0.512180
0.513344
0.374218
1.028217
2.306996
0.832143
1.500576
1.104735
0.265154
0.437201
0.517089
0.947980
0.933739
0.254350
1.744805
1.412944
2.910084
0.413561
1.706678
0.412867
1.023547
0.887471
0.490445
0.854073
1.685298
0.228633
0.400631
2.902756
0.530054
1.572084
0.446764
0.980234
1.366870
1.835847
1.569364
1.619226
3.516022
0.843590
0.291549
0.478675
1.443958
1.988162
0.779194
2.540811
2.840876
0.455727
0.441931
3.482520
0.265789
0.800436
0.579959
0.441647
0.485210
0.469372
1.125765
1.044595
0.660591
0.540238
1.952251
0.482628
3.133538
2.070839
4.542246
1.272908
1.188633
1.224163
0.640222
0.381783
0.554722
3.307737
0.773573
1.224394
1.083853
0.512192
1.260190
0.929797
4.112079
1.076047
0.690310
0.886394
0.546166
0.666340
0.701717
2.678132
0.535201
2.271801
0.410309
0.538299
3.247150
0.632679
0.999144
0.257888
0.299957
0.904094
1.560179
1.041801
1.358408
0.795510
0.816054
0.805560
1.501175
0.673010
1.144274
0.330773
2.228047
0.755950
0.733785
0.851147
1.478679
0.783968
1.474275
3.686936
0.346268
0.447287
0.962967
2.930929
3.137346
0.411512
3.145788
0.653239
0.637715
1.094407
0.273580
1.382105
1.025113
0.393246
0.599657
0.518772
1.031850
3.168633
0.510911
0.385274
0.239883
2.465188
0.970148
2.381592
0.687235
3.468900
6.942844
0.343296
1.915020
0.975391
0.360797
1.282234
0.438308
1.362763
0.879839
1.975330
0.699273
1.940413
1.499916
1.108113
0.847293
3.289325
2.577954
4.981915
1.007247
0.349100
3.023597
1.736377
3.031357
2.353346
4.314153
2.331673
2.555936
0.252996
0.627207
1.035369
0.908861
2.210334
0.821400
0.536404
0.340968
3.161079
0.478859
2.126346
2.153946
1.607123
1.885026
0.285155
1.542986
7.401081
0.439655
0.699569
4.026643
2.641818
1.316834
3.100665
3.207786
0.664178
2.388655
0.349138
2.357064
4.791462
0.258023
0.423248
1.147305
0.964606
1.370551
0.463894
0.252287
0.552400
0.932126
1.811770
0.422085
0.907452
1.086408
3.725749
3.048996
1.072766
0.448883
2.982644
3.287736
0.395243
1.042393
0.427588
0.431577
1.674415
1.891552
0.628248
1.333102
0.389550
3.252241
0.661456
2.546297
1.086196
5.692180
1.979232
1.914834
3.178450
1.130212
0.836644
0.393133
4.541103
1.097350
0.944976
1.364399
1.281169
2.012057
1.052108
1.396478
0.716955
1.199957
1.343877
1.333090
2.572060
3.883923
0.943193
0.779738
1.468118
1.477847
0.365757
0.882093
1.416631
1.387478
0.372453
1.307404
1.103124
0.881404
2.749186
2.207981
1.468044
0.473184
0.847049
0.509587
1.023813
1.646432
0.691629
0.301812
0.995121
2.563408
2.453007
1.745857
1.024619
3.610502
0.311831
2.175919
0.668532
1.092954
2.971331
0.819892
0.650794
0.278492
2.060373
0.268103
0.809629
0.898739
0.763380
0.404517
0.397901
2.443383
3.281938
2.359343
1.942564
1.705489
0.409050
0.271422
0.655627
0.578743
0.441713
1.582179
0.450433
1.278838
1.373281
0.574958
1.248046
0.711903
1.179099
1.471729
0.661814
0.748364
0.761626
0.269775
1.185450
0.249870
2.436664
0.582460
0.653589
0.978197
0.332600
0.654697
0.803101
5.620876
1.050125
4.027378
0.350523
0.359384
1.670965
0.377818
1.087281
0.578016
4.428293
0.817229
1.336916
3.417196
1.547430
1.123674
0.696169
2.029397
0.402089
0.498649
0.508060
0.805634
0.702880
0.899899
1.114174
1.640414
0.884721
1.803773
3.774044
0.292882
0.816191
0.304075
0.369585
2.120553
0.737271
1.938804
3.583787
0.730815
3.104366
0.444752
2.287888
0.895667
0.827807
0.874108
1.344558
0.383614
0.235875
1.696014
0.928589
1.051669
0.290806
3.037971
0.870430
0.494227
3.623141
3.119802
2.356497
0.858310
0.685371
4.654722
1.109900
5.926013
0.883485
0.610005
1.005796
0.372197
0.278940
2.929949
1.203780
1.543053
0.668720
0.968490
1.348443
0.360358
0.535491
0.525897
1.023770
1.497458
1.056061
1.222128
1.076886
3.259907
0.724573
0.710255
3.042354
0.624235
0.930424
0.925163
0.264964
0.262075
0.678951
2.127317
2.530044
1.544462
0.466735
1.048692
0.536023
0.692615
2.633657
0.339144
2.433830
0.468171
1.745758
0.369933
0.782837
1.583247
0.253992
1.626782
0.396024
1.996678
0.405564
0.464818
0.606880
1.316439
1.122334
1.061315
0.711267
0.406039
0.475536
0.369660
0.403928
1.966717
0.649503
1.067359
2.964379
1.326181
0.760836
1.485957
3.249388
0.231304
0.842644
2.577281
2.214552
0.508685
0.815142
1.120325
1.212567
1.041012
0.692049
1.050888
3.919490
0.418676
2.027856
0.682347
3.387172
1.730564
1.799384
2.603727
2.520094
1.067342
0.469547
0.247910
3.857164
0.493722
2.494430
1.639295
0.626967
0.544864
0.995013
1.723424
2.510921
0.943234
0.796049
0.736408
1.238835
1.258542
0.544371
1.179389
1.834486
0.972167
0.706633
1.567294
0.444153
1.191773
0.717443
2.157827
2.578082
0.969623
0.421316
0.329151
0.410098
2.285518
0.353078
0.348860
0.346528
1.791379
0.397513
1.078667
0.623709
0.777875
5.027377
2.219135
2.176685
1.278521
2.725888
0.778386
1.500521
0.239942
3.648125
0.503755
2.301789
0.400273
0.338937
0.800904
1.150522
1.332974
1.871763
0.500348
1.671793
0.245133
0.732369
0.438319
0.374942
0.862612
3.561986
1.514609
1.361060
0.854369
4.970180
2.199512
2.345801
1.139035
0.880879
0.930062
1.694291
2.407303
0.263009
0.611387
1.229519
0.658534
0.728976
0.276912
0.500522
1.102410
1.394839
1.835055
0.482007
0.780304
1.473194
1.823686
2.632410
0.452690
1.354391
2.093670
0.538513
0.762318
0.287102
0.710718
0.239442
1.453812
2.063077
0.607591
0.940583
2.367003
0.927016
3.493789
1.718251
1.987142
0.293092
0.848578
0.296433
0.914989
1.437964
3.096629
2.398872
0.524434
1.405899
0.859102
0.409840
2.166810
1.004669
3.534739
0.899726
0.572193
4.781880
1.035915
0.308833
1.169152
0.229470
0.813360
1.712360
0.281297
1.545671
0.490176
0.351513
2.521875
1.196097
0.496710
0.853226
1.219022
0.907682
0.643153
2.660172
1.023318
1.324587
0.348969
2.576769
1.732858
0.824689
0.337034
2.252468
0.965599
0.265359
0.493394
0.564026
0.389167
2.959129
0.646562
0.255002
0.328109
1.714376
0.376511
0.466632
1.398540
0.529522
0.423200
13.714370
3.434313
0.679042
0.528926
0.713438
0.713551
0.513289
0.781993
1.007368
0.392437
3.925408
0.941810
0.581662
2.928219
0.868831
2.073869
0.704796
0.901606
0.376703
1.136863
0.680635
0.846406
0.580123
1.154202
0.279319
1.892900
1.469483
0.789785
0.359677
1.556294
0.378371
0.624033
3.385216
2.584190
2.421435
1.175987
1.041142
2.797475
0.265012
0.385827
0.528112
0.338187
0.945196
1.157369
0.627027
1.353073
0.344883
0.746433
0.439791
0.702070
1.420944
0.789001
1.875441
0.272678
1.596571
1.677740
1.136944
0.354562
0.687944
0.933710
2.281556
2.319230
3.049702
1.300616
1.060358
0.893196
0.382784
2.573610
1.146538
0.357095
0.628831
0.262082
0.366329
0.378794
2.040979
1.517791
0.714255
0.433324
0.849432
0.710432
0.391151
1.355560
1.031409
1.183037
0.606245
0.955306
0.351276
0.409566
3.329461
0.416683
3.470766
0.501812
0.262557
3.532811
0.772950
1.051992
0.557507
1.609524
1.076515
0.284800
1.424705
0.521548
0.602755
3.357861
0.811584
1.704181
3.569272
0.333564
1.972362
0.232183
1.166871
0.447342
0.865430
2.693689
0.852078
0.325907
1.322228
0.824041
1.315340
1.383114
0.240059
0.246867
0.733612
1.753212
0.660893
0.769245
0.529495
1.070232
2.672260
0.428073
0.960384
0.784059
0.726413
1.356729
1.990473
0.318150
1.061861
2.226611
0.581278
2.377544
1.427276
0.394103
0.551238
0.359638
0.376267
2.016570
1.025730
0.907992
0.901581
0.321218
0.628570
1.884500
0.699338
0.791077
0.324595
0.348852
4.422346
0.326573
0.489175
0.478039
0.308707
5.097708
4.656278
0.359564
3.117402
0.657545
0.471667
0.455350
0.432408
1.650126
1.368397
0.645370
0.324549
0.322666
0.274315
0.286307
1.204694
2.000494
1.111015
0.791346
0.803406
1.888812
0.781652
0.792907
2.011035
0.386916
0.923350
0.709371
1.736079
1.131544
1.320922
1.149061
0.452477
2.584354
0.270652
1.429464
3.706693
2.217860
0.795628
0.344589
0.866576
0.361375
0.519938
1.174248
0.865692
0.676906
1.794629
1.556102
0.401582
3.698198
0.517883
0.371509
0.410012
0.925418
2.147588
0.395527
0.457017
0.682223
0.529408
0.303753
0.911805
0.521106
2.264100
2.733543
1.580389
0.409858
1.557633
2.420326
0.585554
0.324079
0.913864
2.922853
1.385646
0.713388
1.404357
0.585046
2.878489
0.391191
0.448013
0.459085
0.962229
0.610611
0.730090
0.370464
4.464535
4.541583
0.855735
0.387772
0.544725
1.415251
2.490479
0.323144
0.297919
5.527778
0.447550
1.161014
1.761476
0.433169
1.400972
3.126439
1.030326
2.514386
0.949319
1.253813
0.536267
0.592840
0.332286
1.302126
1.175967
1.149942
0.883579
0.478280
0.587753
0.305877
0.380931
1.003209
0.697304
1.714872
0.634528
2.263389
0.749665
0.550484
1.654045
0.323141
0.345371
1.487533
0.312842
0.523023
0.450224
0.507002
1.026714
0.743664
0.628692
0.555240
0.285575
1.320617
0.298695
1.664645
1.589194
2.908861
0.375851
0.290712
0.300113
0.618877
1.092492
0.391486
2.378107
1.131062
1.754272
0.595195
1.277316
0.285883
5.098364
1.250981
0.998022
0.443898
0.239512
1.223590
0.299373
0.821884
0.234279
0.930390
2.626788
0.749379
1.247628
1.443234
2.810055
8.086071
0.301447
1.173843
1.916787
0.794048
0.863891
1.102075
1.263090
5.250431
0.339596
2.179033
1.740100
2.677029
2.077742
0.784230
1.610089
0.549463
1.859684
1.206658
1.261106
1.544964
0.915364
0.372172
0.351501
0.264873
0.931569
0.711637
0.703050
1.015735
1.206219
0.828054
1.009903
0.781790
2.101278
2.126132
1.094157
5.788269
0.459793
3.419992
2.363250
1.191624
1.475812
2.264130
0.334830
0.893620
0.886702
2.796084
0.293282
0.313719
0.868594
0.380778
0.384361
4.173206
2.432393
0.354560
0.310759
2.760082
0.265801
0.452950
0.747378
1.586555
0.603492
1.165019
1.197213
2.382562
0.429179
0.504659
4.294558
2.021222
2.435331
4.674806
3.098349
0.805868
1.754180
0.918060
0.774903
1.013016
0.740708
1.303696
3.496370
3.315065
0.523107
0.890530
2.552635
1.693903
2.066273
0.340090
1.826154
0.627064
5.803834
0.713334
3.112962
3.123616
2.508088
1.398922
0.713009
2.546267
1.715827
0.266283
1.093777
0.368663
0.945851
2.126625
1.640559
2.305987
1.013543
0.664752
0.395776
1.337175
1.324223
1.322384
0.358862
0.587742
2.374300
0.292618
0.793632
4.427311
2.259631
1.740046
0.879398
0.826515
2.371314
0.451455
0.291052
0.768656
0.736708
0.641926
0.366076
5.079730
0.828445
1.747463
0.364633
0.951566
0.884243
1.213474
1.625499
1.436941
0.845902
0.271743
2.349829
0.694973
0.636126
1.021551
1.837817
1.204753
1.710248
0.510554
1.700330
1.934515
0.712375
2.283467
0.255540
0.730705
1.267949
6.492874
5.042078
1.442903
1.028668
1.035902
0.333761
2.256164
1.139419
1.002750
0.595360
0.435268
0.389752
1.831329
1.800639
0.251466
1.186479
1.378235
1.362035
4.989039
1.894848
1.276967
1.249354
1.195446
1.251466
0.274670
0.419321
1.961468
1.450400
0.583230
1.798835
0.473612
1.815756
1.925899
0.324939
2.623677
0.331660
0.829034
0.332753
2.157317
0.248170
0.515710
1.115868
2.014491
1.259049
0.476808
0.654901
0.236869
0.961897
1.610735
0.882390
2.095250
1.688052
0.270145
3.307901
1.184067
0.754687
0.360057
0.518284
0.269638
2.207435
1.166468
1.658515
2.731539
0.381548
0.263732
0.245779
0.567993
0.801326
0.914558
0.947351
0.907820
0.540280
1.583983
1.677660
0.431535
0.662372
1.653632
4.897702
0.510241
0.443912
0.301639
0.846901
0.286151
0.910001
0.997490
2.645306
1.168812
0.427465
1.509275
0.678750
2.248110
1.988617
0.669626
0.471407
1.281168
2.143099
0.949655
0.571968
1.234843
4.752586
5.049600
0.239260
0.572844
2.502089
0.922526
1.731750
0.836809
0.310538
2.509564
0.724684
0.839523
1.140576
2.940008
1.530423
1.773548
0.283119
0.659965
0.851927
0.796837
1.010107
0.633780
0.259535
0.696944
0.495593
0.438771
0.977914
0.683083
1.055907
1.041560
2.050318
4.345800
0.733593
2.145438
1.354642
1.089499
0.349718
4.017889
0.600704
0.501582
1.444215
0.804176
2.478019
2.273082
1.177722
0.467989
0.278638
1.268483
0.502059
0.555441
2.684422
1.647138
1.524758
0.620640
1.404524
0.942031
0.728869
0.860444
1.510804
0.395061
0.411554
0.552103
1.771875
2.153911
1.267162
0.421069
2.723901
0.378861
1.609430
0.766985
1.744022
0.469435
0.965559
0.596895
0.434462
0.246063
0.293634
1.551462
1.822991
0.296858
5.899411
0.539725
2.136337
0.983877
0.400860
1.091284
0.918986
0.328390
0.396399
2.280266
1.368182
0.285771
1.080544
2.660332
2.010516
1.140940
0.923201
2.634271
0.691438
4.638111
0.572564
0.576507
0.688585
0.247088
3.491379
2.603823
0.557756
0.309380
0.228769
0.705979
2.431607
1.265546
1.732834
0.440145
1.019764
2.168091
1.035535
0.857254
0.573655
0.548948
0.238612
2.101789
1.849562
2.473003
0.430028
2.975806
1.434532
1.137876
0.653646
1.454738
1.250080
1.736072
2.548510
0.497939
2.443157
1.406826
0.760100
2.320972
0.294076
1.414560
0.823398
0.431882
0.751824
2.083480
0.837104
0.309181
1.005066
0.606781
0.875420
1.591753
1.445438
0.786553
2.265357
0.689907
0.482510
1.815200
1.084112
0.606041
1.861396
0.937046
0.292436
0.426079
1.994915
0.567844
0.692738
2.055975
0.924149
0.677911
0.752385
2.020706
0.233216
0.861684
2.393756
0.284853
1.704080
0.955591
0.237302
1.335361
0.797641
2.267769
0.696762
0.728993
2.821294
0.929234
1.112972
0.257846
0.481304
0.304870
0.911333
0.876015
0.268032
1.884992
0.503729
0.943327
3.361141
0.525475
0.366105
0.831796
0.251532
0.268729
0.397999
0.717695
0.768439
1.370349
1.638855
0.486867
0.764135
0.449724
1.154422
0.453296
0.807936
0.724445
0.285616
0.470974
0.963244
1.134557
0.536905
0.926340
0.471386
3.252061
1.696224
3.453039
0.666057
5.316536
0.393192
0.275882
0.379560
2.394599
0.765506
0.817669
1.366204
0.743915
0.885845
4.448694
1.810467
0.979016
1.399258
0.851394
2.184065
0.339296
0.970871
0.928515
1.599130
1.121811
0.894604
0.508922
1.090060
1.858750
1.655395
1.988069
0.466754
0.331100
0.599643
0.460435
1.155920
1.457341
0.841188
2.640363
1.424009
1.190948
0.846494
0.848189
0.536699
0.942125
1.269874
0.351383
1.026530
1.372854
2.865628
1.125991
1.125962
1.011482
0.993127
0.264854
0.746205
1.547176
1.536655
2.918145
0.406284
0.269820
0.897834
1.166374
0.346348
1.036969
0.439752
1.636304
0.802017
0.421575
0.473658
0.294585
1.266687
0.943554
0.686482
0.307943
0.466995
0.437493
2.501314
0.274656
0.989131
1.584487
0.564037
0.341067
0.236842
0.253955
1.850217
0.577723
0.380816
0.636618
0.440486
0.809412
1.307916
1.133073
0.992106
1.731587
1.848066
0.690597
1.105908
1.649855
0.740069
1.292732
0.250441
0.259105
1.495563
0.426116
3.936594
0.848531
0.703941
0.708703
1.157495
1.903271
1.342521
3.224037
1.035113
1.921432
3.393128
1.928318
2.587167
2.545901
0.825752
0.306478
1.725229
1.753019
1.470690
0.243233
1.038847
1.055035
2.859876
0.956575
0.372962
1.379030
0.387034
1.043981
1.133600
2.163543
0.416881
1.078140
0.311317
0.528188
0.467334
5.107245
1.808776
0.481322
0.294653
1.437924
1.593406
0.741552
1.664090
4.005702
0.698851
1.450295
2.867481
0.471265
0.952412
1.195885
1.022666
0.546721
1.661610
2.436816
1.175401
1.199946
0.378953
0.824064
2.226325
1.664289
0.357255
0.476072
1.227179
1.182125
2.833960
1.808669
1.345076
1.366277
0.779318
1.366050
0.505543
1.025946
1.390562
0.451054
0.571189
0.270419
0.344925
1.064086
0.566267
0.595330
1.034551
0.402463
1.498603
0.624447
0.557185
0.547106
0.893778
2.714186
2.233127
1.922266
0.949222
0.969479
0.332167
0.646433
0.433253
0.678813
0.450132
1.693476
1.164479
0.571084
1.591359
0.228810
1.217471
1.451545
0.937143
0.951885
1.645699
2.459388
1.813658
0.434025
1.074892
2.870254
0.231757
0.442088
1.216826
0.469395
2.723752
3.275019
2.231266
0.780005
1.019363
3.301794
1.242240
1.866527
2.523359
0.692519
0.842008
0.905693
0.329047
0.403856
1.770684
0.743882
1.718555
1.437269
0.256100
0.632476
0.726968
0.569592
1.620040
1.540402
1.273656
1.927185
0.569986
0.304209
0.452391
0.373801
1.467040
1.959110
1.124450
1.797482
1.217709
2.293936
1.077870
0.684939
0.764666
0.821034
0.824617
0.326062
0.632150
2.447866
1.353143
0.488790
0.847605
1.422379
1.511281
0.829482
0.279992
0.582376
1.129069
0.922975
2.207798
3.427387
1.322197
0.648653
0.475183
0.344867
0.851262
1.695572
0.748916
1.377711
0.744662
0.358525
0.442663
0.784821
0.706401
1.209038
0.661368
0.260164
0.371770
1.249570
1.437177
0.232822
1.162980
1.998758
0.439064
1.399938
0.552162
0.279671
0.587817
0.609331
0.316002
0.255411
0.433984
1.005996
1.319328
1.608313
2.325791
0.983116
0.524322
0.388997
0.708547
0.986561
0.261134
0.431062
0.489256
0.236063
0.330314
1.066450
0.922958
0.350065
2.012864
0.394147
1.226942
1.455387
5.380185
0.524548
0.307108
0.631465
0.285036
1.425621
4.818258
1.443261
1.144992
1.230274
0.578348
0.672367
0.629756
0.936594
0.335593
0.736554
1.336515
1.592116
0.403870
0.974345
1.237273
0.448153
0.397280
0.799876
0.723982
2.482458
0.672587
4.301194
0.749888
0.987712
1.451954
0.265448
0.465735
1.304611
0.942221
2.170775
0.399839
1.006426
1.413534
2.383135
0.530995
0.974654
0.306287
0.850106
1.039078
0.574967
0.611650
0.343125
0.387378
1.715020
3.584834
1.666788
5.278268
0.780774
2.771270
0.258097
0.669879
0.548981
2.164060
4.011184
1.183193
1.229600
3.594845
2.614001
0.271494
0.702049
1.007932
0.584049
0.384271
0.277704
1.599703
2.595410
5.985083
0.277936
0.800833
0.490489
0.856849
5.953257
3.017176
0.675712
1.428079
0.976459
1.263037
0.560943
0.897037
0.570910
2.223045
0.468151
1.143470
2.823555
0.501282
0.460390
3.533567
2.530888
3.886731
0.738379
0.517745
1.603288
0.861633
0.421706
5.984934
1.000804
0.890222
0.357891
0.387788
0.285783
0.800908
0.558824
0.581022
0.495819
2.068102
0.805777
0.445456
1.440193
1.024429
2.966628
0.861190
0.868776
1.260158
0.270202
0.464511
1.760467
0.736489
1.197755
0.403081
0.813312
0.619192
1.204651
0.715014
3.207582
0.318819
3.164627
0.942798
0.261526
1.647882
0.235024
1.286316
0.710533
0.552744
1.509132
1.260453
1.950296
0.295317
0.295767
0.880486
0.532967
0.669681
0.717335
0.643401
0.613096
2.288718
0.554912
1.384408
0.691760
0.610629
0.897907
1.098063
1.361682
1.253206
0.865428
0.375425
0.348863
2.331354
2.986985
1.243631
1.703478
0.667282
3.720826
5.165348
0.261892
1.599326
0.786573
1.064229
2.062192
1.159350
2.933782
3.295620
0.677619
0.433248
0.448116
1.710664
0.780869
0.230341
3.159782
0.558026
0.270390
0.398081
1.754597
0.561586
4.664201
0.646807
1.242551
1.784510
0.277165
0.907245
2.725699
1.286138
0.597756
2.069952
1.141474
0.491024
1.271613
0.527174
0.795801
1.983559
0.559799
0.703793
1.417924
0.860201
1.683311
1.823955
1.614724
0.373281
0.704480
2.080096
0.371943
1.100114
0.577784
1.162539
2.784160
0.395440
1.112300
0.292675
0.505902
0.977729
1.592911
0.324821
0.244039
1.036609
0.692005
1.313181
1.782352
1.448729
3.129503
3.881473
0.725066
0.531238
0.311482
0.639498
1.707867
3.225586
5.457337
0.476876
0.252528
0.491901
1.242534
0.239135
0.671373
0.297169
0.848175
1.829813
1.658960
0.348831
1.532517
0.629287
1.682425
0.782317
0.339568
1.455355
0.668310
2.537804
1.138933
0.840454
1.270412
0.897796
0.411772
2.305533
0.626927
0.244550
1.419908
2.132245
1.404190
0.384604
1.610458
0.520987
0.973402
0.651819
0.468317
0.584984
2.671004
2.338575
0.483727
2.096618
1.018710
0.383465
0.726634
2.148225
1.404989
0.322565
0.297231
3.200793
0.233412
2.504801
0.817206
0.921327
0.460755
0.649108
0.334314
1.367862
0.642878
1.624484
1.270358
1.104359
0.835460
1.285724
0.988906
0.618117
1.704846
3.648747
1.447969
0.707534
0.352077
0.883263
0.503398
0.795194
1.469024
0.410462
0.302806
2.123888
2.528605
0.371670
0.650077
0.599342
2.255197
0.256589
0.253203
1.127107
1.241393
2.849229
0.600671
7.798665
1.609934
3.549279
2.568761
1.538443
1.272002
2.993526
0.425143
0.377156
0.709003
0.289873
0.564861
0.615912
0.353436
0.514699
2.085455
0.416280
2.027204
0.737533
3.034847
1.720356
2.027563
0.605712
0.362332
0.884895
0.307807
1.063568
0.603797
1.101598
1.066533
1.989885
1.054336
0.520304
1.872063
0.903554
2.102332
0.318799
0.538931
2.749025
0.429130
0.929205
0.447007
3.347094
1.525908
0.660192
2.138062
1.074644
2.795161
0.874603
0.645125
1.846228
3.771334
1.641937
0.310820
4.976849
0.583284
1.137630
3.332698
1.656851
0.253930
4.597802
0.594616
0.877795
0.955929
0.598231
0.834977
1.297621
0.744752
1.485922
1.423093
2.131214
0.670046
3.827697
2.407631
1.326134
4.583898
0.778623
0.795909
0.619845
0.966430
0.692343
1.365150
2.642042
0.655653
0.271306
0.557306
2.501922
1.361507
0.719004
2.399956
1.558156
1.775125
1.700034
2.038073
0.616545
1.887369
2.416403
1.958841
2.972813
0.376887
0.876246
0.276876
0.869743
0.543388
0.673126
1.328327
1.860955
0.722194
0.801831
1.339270
0.293735
8.057462
0.769172
2.900828
2.940063
0.232430
4.425762
0.237673
0.248576
1.661881
2.385721
1.018832
1.038717
0.346386
1.009858
0.692747
1.894367
2.129209
0.403316
0.347824
0.873283
1.067221
0.319939
1.546649
1.252042
0.546412
0.366300
0.244932
1.552160
0.416969
0.389697
0.378706
2.180787
0.461484
0.433718
0.395399
1.113962
2.483296
0.336864
0.387126
0.336817
1.801700
0.342258
1.032306
0.989561
1.740057
1.051303
1.156382
0.396904
0.546578
1.365096
1.451071
0.342314
0.323368
0.404212
2.396651
1.062421
0.426508
0.252759
2.942435
3.971211
2.869352
2.284907
1.528143
0.387518
0.791358
0.612971
0.922524
0.334273
1.227347
2.634828
1.692641
0.596314
3.876452
0.763006
0.292511
0.362397
0.887548
7.465226
3.759409
2.677071
1.023289
0.854286
3.548144
0.813948
0.397151
1.128387
1.078958
0.769395
0.620179
0.322763
2.154400
0.811278
0.864623
1.416239
2.287338
1.078096
1.488137
0.596111
0.834708
0.451840
1.222664
0.853910
1.336167
1.192042
4.213033
1.051566
1.085456
0.551540
0.282598
0.794268
1.356111
0.519353
3.661509
3.850895
1.424272
1.657067
1.894793
1.591259
0.260228
0.265793
0.384027
0.889354
1.159885
0.316656
1.326157
1.162357
1.003866
0.739957
0.470826
2.144506
0.244886
2.952306
0.640308
1.852093
0.286548
0.236384
0.552085
1.689248
1.380356
1.647248
0.845779
0.727807
0.457746
0.298721
2.608473
0.370680
0.520587
0.803261
0.442287
0.851037
5.294608
1.674298
0.327460
0.573433
1.361468
0.307374
0.581136
3.055938
0.662999
0.794547
1.640741
0.544877
0.560869
0.573750
0.778969
1.469023
0.358621
0.374374
0.328424
1.734534
0.381056
3.084187
1.298212
0.697050
1.650391
1.690008
1.309384
3.834390
0.371353
1.404263
0.718544
0.698893
0.896169
0.314046
2.394528
0.527207
1.493987
0.535450
2.718350
2.123362
0.825429
0.585469
0.546842
1.462862
1.882175
1.016244
0.408469
0.260801
1.009782
1.404430
1.065295
3.446839
0.452161
0.687491
0.636847
0.488425
0.323810
0.388254
1.006754
1.974961
1.722873
3.210377
0.418824
1.777258
3.615048
0.776124
2.103315
0.846025
1.473567
0.326060
1.013992
1.449864
2.767579
0.620603
0.539013
2.886620
0.240250
0.395060
1.588184
0.270964
0.537143
0.456346
0.493291
0.533097
0.310766
0.604028
1.518444
1.496762
1.683041
0.425640
2.095497
0.962131
0.252804
0.456181
0.458202
0.875763
4.081661
0.960619
0.803983
2.225629
2.868236
0.775294
0.268841
4.282699
6.649688
0.474927
0.591399
3.130169
1.515788
1.422246
2.274086
0.430839
4.082436
0.859313
2.890113
4.169968
0.316653
1.088856
0.232440
0.514013
0.461901
2.445044
1.117719
3.373686
0.485007
0.661007
0.339994
0.488027
1.190394
1.584035
0.799867
0.253098
2.008478
1.049628
0.822643
0.687824
0.545740
4.307718
2.590557
0.596272
2.844560
1.182627
1.233426
0.973015
1.225688
1.042589
1.170978
0.253908
1.980111
1.032678
0.557409
0.728603
0.523847
0.715379
2.915487
1.252132
0.633270
0.374332
2.329838
0.425860
2.299475
1.340918
0.301892
0.397084
0.856651
0.898113
1.972627
0.483925
0.677796
0.886889
0.960079
1.256487
3.827987
0.670617
1.585394
0.479627
1.358786
0.447966
0.893875
1.607085
2.002950
0.396631
0.388764
2.295448
1.408347
0.727426
0.333087
0.325011
0.435063
1.231749
1.739312
2.004718
1.471184
1.153028
1.571311
1.419843
1.975415
0.334981
1.167567
1.305290
1.377026
2.021136
1.100185
0.238180
0.261843
0.653461
0.635865
3.383285
0.492883
1.697235
0.933226
4.747294
0.483736
1.260033
0.401338
0.505583
1.547026
1.192827
1.242399
3.672138
0.541445
0.735938
0.993190
0.572455
0.751807
0.598878
2.782305
1.690977
2.623508
0.327295
0.330436
3.119141
3.637496
2.118558
0.464878
0.394465
0.629638
1.476694
0.799639
1.888343
1.704225
1.400697
2.004597
0.482483
0.385741
0.607163
1.466473
0.704183
2.226739
1.615263
0.281474
2.236509
1.378223
0.991344
1.632477
0.975815
2.745155
0.254096
0.702603
0.550675
1.219228
2.300316
1.720548
2.241883
0.377273
2.522932
1.999424
0.449647
0.232497
0.768779
0.599542
0.391852
0.372656
0.272563
3.932145
0.322038
1.343667
1.856466
2.110726
0.265374
0.746641
0.573215
4.420954
1.775888
2.799568
1.458120
0.453752
0.631434
0.358851
0.272329
1.474634
0.484960
0.913862
0.395126
0.526547
1.279648
1.611564
1.408313
0.405903
2.085006
2.243364
1.623744
3.351428
1.710253
1.822420
0.243411
1.801079
1.365923
0.383032
0.980768
1.050779
1.409534
2.061966
2.772262
0.622968
0.914961
0.977673
0.562006
0.322888
0.984247
1.781019
2.754974
3.188366
2.115981
0.877635
1.444661
0.679923
0.701195
0.542270
0.280776
0.279832
1.335087
0.674648
0.498030
1.094762
0.815451
0.357089
2.771981
0.637329
1.124370
0.457254
0.348149
1.678864
0.429559
0.232266
0.309310
0.851226
0.347611
0.572974
2.832737
0.347435
0.720109
3.386432
1.318711
0.354973
0.450615
1.596024
1.207152
0.714466
1.840739
0.546945
0.313518
0.244638
0.247778
0.509193
3.603696
1.259389
0.889661
0.504746
1.778592
0.231052
2.543923
0.601480
1.403299
0.890415
6.007799
1.451308
0.444298
1.818850
0.358998
1.604830
1.051978
0.640758
0.676108
1.580523
2.941628
1.837004
1.104679
0.445656
0.505941
0.293832
2.481251
0.338240
1.783526
0.436041
0.362984
1.446257
0.349691
2.041630
0.422830
0.676432
2.362771
1.802086
2.142042
2.491701
0.391602
0.370367
0.451514
5.064036
0.587862
3.047660
1.467766
1.154363
3.617303
4.623485
3.935922
1.193042
0.805412
0.727679
0.649151
0.327949
0.237891
0.262235
0.309902
1.862143
0.477260
0.392275
1.653289
0.364916
0.550286
0.234974
1.163331
0.721524
0.238442
0.352653
0.572876
2.207848
2.022482
0.312037
0.605276
1.831645
0.743688
0.277512
0.779164
0.774524
0.706597
0.556224
2.484539
0.464449
0.504544
0.966186
0.274643
1.639048
1.063148
2.155789
3.422577
0.676632
1.455928
1.539093
0.592507
2.508156
0.846633
0.614398
0.644593
0.348394
2.147723
2.836631
0.823945
0.730949
0.254178
1.760279
0.273419
1.676211
0.721514
1.294443
2.353833
2.249102
0.390608
0.261343
2.294065
2.012953
2.146983
1.647609
1.394567
4.029211
0.261778
0.755059
0.739464
1.307233
3.681143
0.432292
0.263476
1.317425
0.559682
0.762076
0.321900
0.863663
1.591307
2.314607
0.356899
2.297060
3.942983
0.688516
0.278074
1.705365
2.209762
0.740115
2.497510
0.279462
1.709470
1.692492
0.823058
0.868366
1.280395
0.281628
0.323725
0.469141
0.390854
0.507812
1.023147
0.421655
0.294323
0.903254
0.497438
2.077089
0.960728
0.415544
0.542592
1.317291
1.014482
0.785431
0.262552
0.424740
5.540608
0.328217
1.558837
2.317010
0.512588
0.708300
0.621486
1.668324
0.553074
0.833226
2.024519
1.643201
1.428660
2.936349
0.351151
4.932947
3.016163
0.602275
0.630290
3.505934
3.025962
0.317449
0.367985
0.507736
1.077178
2.313706
0.419126
0.699800
0.238329
0.517595
0.488109
0.800208
0.435059
0.612618
2.937277
1.088085
1.272237
0.549258
1.717298
1.601246
0.374512
0.728252
0.412117
0.509659
1.441808
0.364072
0.731562
1.090401
1.475966
0.500585
1.994874
0.490658
2.004985
0.844938
0.844496
0.296367
1.203827
1.140340
1.240279
0.324350
1.036310
5.685250
0.763869
0.765622
0.986024
3.164329
0.245496
1.567601
1.246749
1.049650
0.325796
0.361017
0.382430
1.239313
1.127872
0.333750
0.243430
2.655655
2.436541
1.967369
1.773520
0.769398
0.305491
0.832656
0.562968
2.395606
0.902492
0.721849
2.154110
2.775528
0.448490
1.112240
0.295126
1.904179
1.202630
0.694601
0.527529
3.746657
3.201477
1.395592
2.182613
0.747112
1.908181
1.104082
2.886658
0.526469
0.235358
0.322206
1.218253
1.660810
0.831811
2.666182
0.261284
0.851096
1.123710
0.536393
1.728704
0.548708
0.393546
3.399533
3.442601
0.586684
0.370421
0.691139
1.233978
0.498188
0.903645
1.485468
1.466586
2.091590
0.516918
1.873468
0.608597
1.992388
3.252049
0.403648
0.350116
1.435145
1.018995
1.530118
0.515007
0.348774
1.209840
0.234205
0.254991
2.021179
0.548393
1.988841
0.583307
1.130613
0.894152
0.280536
0.549532
2.415662
0.930721
0.395379
2.878085
0.894466
0.926056
0.312765
0.432791
0.320184
1.213719
1.521856
0.319890
2.478495
1.755997
2.058893
1.949554
1.683730
0.405066
2.183801
3.544082
1.635550
0.236959
1.071678
0.345387
0.538929
1.940947
0.710015
0.518329
1.205797
0.249894
1.233383
0.332593
0.491270
0.294788
2.032686
1.531588
1.818470
1.052593
2.052455
1.196432
0.916499
0.257608
1.251762
2.269289
1.304751
0.263995
2.166692
0.984962
0.428295
0.690436
1.606410
0.385943
1.476302
0.517724
1.972938
0.513075
0.444164
1.162968
0.627236
0.379955
0.702331
2.151595
1.194970
8.101675
0.593735
1.067155
2.269775
0.261899
0.683235
0.469628
1.085416
0.301699
0.449396
1.415839
1.352454
4.077994
0.944328
1.132427
1.295985
1.040525
1.781242
2.041310
1.186864
2.646365
0.505931
1.631114
3.053908
1.909888
1.328170
0.274356
0.268433
1.593679
0.559584
0.241502
1.833900
0.531344
0.429201
0.591095
2.977752
2.218284
1.912519
0.286273
0.272966
0.740802
0.445308
1.398081
1.084342
1.228920
0.541281
2.654180
0.725914
1.501824
2.095503
1.001815
1.119924
1.135964
2.072450
0.892469
0.485565
4.823518
1.365501
0.896451
0.720949
0.798593
0.596980
0.314540
2.029217
0.393267
0.992172
1.666570
0.571671
0.675283
0.415072
0.382538
1.966523
0.564432
2.134414
0.509370
0.342060
0.904065
3.185099
2.412172
0.230633
2.244638
1.216078
0.689712
0.624749
1.416499
3.975295
1.432751
0.359710
0.715336
0.903593
0.548006
1.058786
0.541537
0.808985
0.295444
1.315032
0.394738
1.155888
0.541494
1.845620
1.397261
0.446584
0.406169
0.959802
0.936971
0.601506
0.305183
0.982513
1.047293
0.836900
0.361081
0.416320
0.863362
0.358139
1.093689
1.304440
1.089198
0.277778
0.536734
1.290609
0.391635
0.975737
1.173436
2.689673
1.863802
2.919903
0.451091
0.872852
3.755067
0.679713
1.167949
5.572737
3.310554
0.377151
1.574383
3.226357
2.410484
1.117161
0.692829
1.072678
0.647945
0.521245
3.208961
0.511409
0.988203
0.574852
1.219685
0.893928
0.329310
1.917783
1.825520
0.320256
0.624799
2.143984
0.761249
0.844966
1.033495
3.798149
0.323210
2.932144
0.250347
0.271863
0.403083
0.355839
0.890518
0.573958
0.528305
0.285632
0.556494
0.531369
2.000972
0.253342
1.216329
0.787543
0.403162
1.219733
5.297226
0.281012
3.541380
1.986260
0.879227
0.423492
3.500018
0.608209
3.747235
0.488717
0.358536
0.844054
0.442767
1.189014
2.269529
0.855383
1.603054
1.163036
0.898444
0.901477
0.748938
1.251000
1.126013
1.440239
0.229675
1.355577
1.479501
0.625005
0.469874
1.468097
1.250226
0.407176
1.846214
1.781848
0.980306
0.862651
1.223536
1.905995
0.321967
1.097045
0.448373
2.732989
0.642528
0.317533
0.343561
1.764918
0.561929
0.437542
0.250996
1.717653
0.450466
1.510626
2.116199
2.345231
1.726702
0.441538
0.465206
1.325722
1.788368
1.016298
1.860563
0.569349
3.027463
0.677714
0.371613
1.728940
1.806292
1.880403
2.251125
0.545850
0.974857
2.791590
0.404401
1.106364
2.062364
0.261627
1.437482
0.368031
3.238131
0.264648
1.398602
0.727455
2.798313
0.708866
0.810955
1.273591
1.546307
0.536199
0.638810
0.487161
1.261536
1.119313
2.076667
2.309396
2.080307
1.526668
1.914526
0.920423
0.548884
0.735629
2.432877
1.083832
0.876395
3.351431
0.542217
0.363583
0.822260
0.243801
1.930174
1.172759
1.925142
0.578617
2.227731
0.735728
0.388455
0.533212
0.666065
1.280056
0.603468
0.824077
0.379754
0.433137
2.900677
0.602130
2.911384
1.083166
1.462757
0.365006
0.482016
0.972014
0.981472
1.804078
0.571571
4.799505
2.958313
0.707020
1.589352
0.613411
1.324142
0.760072
0.944004
0.425543
1.742035
0.423106
0.252449
1.311617
0.521581
2.230415
0.291886
0.366622
0.737613
2.314307
2.908027
1.923863
0.988341
0.556521
1.500306
1.154970
0.563837
0.779200
0.407967
5.155030
1.560048
1.214622
1.358856
0.286153
1.248155
1.253265
0.418131
0.623143
1.584020
2.448195
1.391930
0.239591
0.440409
0.343764
1.973717
0.629396
1.058461
1.028508
0.338165
2.627281
1.133823
0.474840
0.338469
0.512865
2.047658
3.227162
4.035880
0.286151
0.522527
0.754067
1.712202
0.943759
0.699986
0.463935
0.410632
0.691134
0.279133
2.841762
0.430859
0.365330
0.388143
0.271906
1.491985
0.240109
1.716672
0.944142
0.465123
1.344858
1.189899
1.096052
2.405149
0.604545
2.764672
1.879786
0.851622
1.359877
2.729190
0.861359
0.831899
1.060384
0.605730
0.447552
1.086304
2.595840
0.594728
3.667373
0.456830
0.551643
2.861688
0.671082
0.828716
1.238569
1.025875
0.846294
0.442051
1.015766
0.748478
0.786003
0.255729
1.253836
1.037741
0.293276
0.388953
0.317506
0.280398
1.249207
0.974587
2.074185
0.972267
0.774188
0.607222
0.250242
1.029203
0.250867
0.270286
2.532587
0.424115
1.091159
3.169102
2.763950
0.377261
1.264557
0.832748
2.731334
0.236107
1.916375
0.985013
2.502094
1.669215
0.806138
1.568824
1.156911
1.354092
2.211572
0.720125
0.974165
2.120569
3.738776
0.230940
1.523927
1.133763
0.748717
3.954383
0.256704
0.547880
0.556187
1.756718
1.398450
1.420691
0.247254
1.961424
1.272572
2.269059
1.198349
1.497859
1.161890
0.843720
1.849994
0.660456
1.331711
1.084866
0.760291
3.155999
0.544819
0.390628
0.231105
0.959038
0.605664
1.258461
1.974300
1.144269
0.365328
1.318722
0.381188
0.496445
0.447982
0.752326
3.013346
5.916189
0.366872
0.564692
1.602278
0.418368
0.552710
0.460738
0.517629
0.352683
4.686081
1.843343
0.730462
0.410763
1.831860
0.442374
0.257531
0.277138
0.744634
0.237655
0.708616
0.910410
0.304370
1.002220
0.437272
0.989072
0.266920
0.976699
0.297209
1.593777
3.885267
2.494148
0.361533
0.470355
0.526471
0.288746
0.549390
1.011583
0.676178
1.034866
0.826632
4.121898
0.463897
1.190873
1.589627
1.005705
2.468138
0.288311
0.445776
0.727992
1.191683
4.635238
0.320525
1.226366
0.257260
1.430607
2.632301
0.838311
0.233089
0.915017
2.743067
2.977464
1.889636
2.354713
3.509064
0.314123
0.936335
0.309591
2.587907
0.883406
2.262357
0.372455
1.156502
3.121659
1.005476
3.312410
0.563647
3.325204
1.265895
0.542135
0.788385
0.837121
0.292447
1.613819
1.847050
0.994166
0.411354
0.523420
1.030186
1.182773
3.094691
1.909834
0.312550
0.249072
0.603703
3.207833
1.697648
0.392707
1.549156
2.035688
1.925756
0.837952
0.584114
0.336071
2.613468
1.374027
0.352827
0.950511
1.079336
0.478797
1.112357
0.553834
0.402870
0.534402
1.327343
1.692619
2.887681
0.237768
3.826505
1.200857
1.344463
0.608622
1.586955
0.361838
0.645923
1.023078
0.422671
1.305717
1.842757
0.814137
1.524249
1.718926
0.669667
2.283070
0.229124
0.458032
0.570583
0.560755
1.216027
1.729482
1.565601
0.412085
0.283683
1.735527
1.488859
0.267041
2.147975
1.077127
0.656632
2.474378
1.497081
1.634654
0.293032
1.156022
2.645487
1.181878
0.310300
0.618375
1.025453
0.610043
0.717122
2.714888
1.241284
1.533504
1.164367
0.954251
0.555777
2.817717
0.280447
1.781625
0.326509
2.810001
0.544050
1.050657
1.357244
0.513861
1.123224
0.437371
0.956471
0.832820
1.979865
2.474589
0.294404
0.918844
1.397754
0.281594
1.689198
0.258333
0.517706
2.208699
0.532647
4.321615
0.937118
0.815058
6.099629
0.970695
0.628585
0.245528
3.225858
0.413382
2.187094
4.515100
0.304419
1.167841
0.252695
2.931944
0.889157
0.833559
0.462676
0.387220
1.181251
2.614010
7.647919
0.267209
3.457587
1.771883
0.494081
1.331836
2.533539
1.025557
0.234305
1.705218
2.021915
0.905259
0.824933
0.389192
2.363140
1.153278
0.425297
1.758359
0.983680
0.395753
0.770357
0.417231
2.480578
2.046937
1.417848
2.480151
0.318485
0.552249
0.366897
2.361471
0.705636
0.856917
0.371895
1.983103
1.956492
2.412153
0.721706
0.562845
0.539533
1.106350
1.894135
0.474936
0.966025
3.924434
0.529225
0.995874
3.393759
0.801355
0.990465
1.631670
1.018733
0.668284
0.255043
0.628470
2.208123
0.339601
1.954123
1.367382
0.430802
1.130463
0.782595
0.731282
0.473848
0.429905
0.341795
1.314856
0.232763
0.692960
0.865817
0.711759
0.329016
1.019036
1.453443
1.071914
1.015403
0.262870
1.209958
1.654495
1.444078
0.822739
0.443239
4.760799
0.230899
0.829822
0.723458
0.349897
1.155188
1.007330
0.344393
2.488209
0.341482
1.541592
0.883748
1.071838
1.973148
1.568854
0.346254
0.953473
0.240446
1.155836
2.015375
2.371135
0.271157
0.357420
2.059839
3.032409
0.238818
0.251213
1.394117
0.604531
0.825912
0.436251
3.120952
0.713014
1.670969
1.984408
2.098224
0.789973
0.311990
0.237220
0.776531
0.515955
1.951131
0.670147
0.780935
1.975152
0.608513
0.645077
0.498058
3.455136
0.815245
0.627047
1.092115
1.946454
0.623096
3.775380
1.756252
2.115282
0.737664
0.908170
2.266598
0.394398
0.315602
0.998348
2.726839
2.180892
0.265011
0.505962
0.344068
3.516981
0.432704
0.738431
1.045526
1.978118
1.460057
1.664571
0.475609
1.421260
0.837216
0.279277
1.355027
0.282737
1.458328
0.430784
4.047654
0.806354
2.395339
0.999594
2.053040
0.373650
1.517098
0.562206
4.141874
2.640638
0.509483
1.830741
0.493713
1.219863
0.637175
2.471316
1.689498
1.387189
0.419634
1.993039
0.294704
0.747884
0.616765
0.350041
0.886921
0.807914
1.340940
2.643278
0.390719
2.806809
3.066925
0.499970
2.566020
1.494687
0.326758
0.416961
3.157080
0.914285
0.996657
4.602383
0.661667
2.062149
0.767847
4.127892
0.421973
0.321243
2.434559
0.381828
1.156780
0.723838
0.270857
0.766004
1.827360
0.330775
0.612573
1.234551
0.298261
0.557703
0.632970
0.806967
2.079024
0.797719
0.238511
0.368839
1.841809
2.331108
0.289270
0.426107
1.365919
0.454696
1.237607
1.468043
0.948428
0.649525
1.000219
0.266516
4.997443
0.461441
0.394386
0.617279
0.460320
1.297892
3.000961
0.229874
3.673933
0.448807
0.534268
0.612160
0.681864
1.725427
3.308092
0.582676
1.248915
2.782279
2.230523
0.999146
2.086369
1.452632
0.891813
3.390985
0.699895
0.535899
0.660861
1.760628
1.140557
1.267393
0.619885
0.755141
0.553293
1.137951
1.874986
0.404569
1.949024
0.481959
3.979482
0.758770
0.669026
1.719027
0.893070
4.299973
0.337553
1.202306
1.759812
0.485321
1.076258
0.444637
0.611825
1.661267
0.305676
0.380863
0.891790
0.353518
0.446153
0.901594
0.328765
0.651611
0.876327
0.241181
0.927865
0.413787
0.473544
1.607574
1.617418
0.604079
0.530221
0.407807
1.375348
0.780635
0.333986
1.777660
0.917599
0.654958
0.979241
0.469879
0.647982
1.298136
0.468812
0.281266
1.339459
1.017798
1.389139
0.673133
3.517510
1.834722
0.259188
1.788024
1.579360
0.469634
0.707380
1.307511
0.589898
2.392971
1.659299
0.272536
0.679875
0.595234
0.256050
0.301513
0.569584
2.494695
0.735785
0.447946
0.377668
2.537166
3.001962
2.061586
1.747995
0.369041
2.198472
0.811736
1.319718
0.978439
1.856824
2.351048
0.976462
2.544508
0.925091
1.676175
1.901300
0.439626
0.949688
1.483610
2.495807
0.315316
2.460384
1.879951
1.104433
0.315441
0.381538
0.661145
0.727129
1.805355
2.131574
0.744503
0.708933
0.496161
0.293590
1.587927
0.438547
0.318684
0.795645
0.806723
1.004416
0.433187
1.657756
0.556987
2.229274
0.899328
0.822334
1.471964
4.074076
0.288714
0.468485
0.315357
0.478409
0.252070
1.357891
2.462542
0.828363
0.791582
1.866707
2.573397
0.526082
0.668134
0.517293
0.392049
0.637394
1.282199
0.231830
0.601875
0.624779
0.360816
0.557639
5.058649
1.176422
1.556253
2.393563
0.900827
1.602700
1.267414
0.263007
0.691062
1.337255
1.049694
0.442097
0.843383
1.121298
0.617057
0.372827
2.099354
1.224353
3.013421
3.633569
0.519030
2.907554
4.890850
1.261576
1.219876
0.689292
2.925436
0.652390
1.469606
0.537521
1.699027
0.845200
1.271516
0.336103
0.259288
0.582321
2.602571
0.335518
0.624643
0.707028
0.411649
1.572908
1.220640
0.435121
0.669225
1.129369
0.417135
0.325045
0.334357
0.798842
2.045744
0.348828
1.208840
0.752952
0.937615
0.493654
1.682814
0.977751
2.347408
0.387368
0.677599
1.594923
0.292926
0.721170
0.667606
0.591805
2.286841
2.046456
1.181945
0.586200
0.837892
3.667767
3.109184
0.664347
2.782442
2.024225
0.656877
0.645275
0.575752
0.790471
0.410997
1.818831
0.244467
0.915590
0.813255
0.817015
0.330334
1.136373
0.297717
0.661156
1.165654
0.744712
6.183177
1.220349
2.323848
0.440149
0.896310
1.781701
3.659405
2.064386
0.239775
0.708422
1.147404
0.242179
0.245384
0.463035
0.347975
0.592041
0.721738
1.204456
2.681421
3.008221
2.248382
0.437007
3.713468
2.960525
1.116287
1.066363
1.084180
0.490731
1.054431
1.414672
4.046611
2.195984
1.810845
0.919290
0.714428
1.754243
0.776829
1.455681
0.736197
0.864003
0.453571
1.543906
0.430760
1.320154
1.872998
2.258483
1.387183
0.377538
1.502058
0.718351
0.511129
0.973020
0.394252
0.432871
0.955318
1.238592
1.269675
1.804233
2.032350
1.479125
2.055864
0.920793
2.508293
2.453831
0.904432
1.753428
0.257454
1.899890
1.249388
0.624239
0.881032
2.294440
0.604990
1.269913
1.336136
0.787125
0.462233
1.233505
0.305440
0.633358
0.379576
0.479966
2.122546
1.885543
0.581858
0.843227
0.334167
0.701941
0.614406
0.426608
1.732515
1.616482
0.428483
1.225550
0.623022
1.269166
7.531530
1.363978
2.623566
1.501736
2.056670
1.772650
0.471327
0.235787
0.942628
0.376265
1.907730
0.529648
1.806073
1.267021
0.496542
0.641575
1.083831
1.539901
1.501617
0.510768
2.958117
0.390532
0.901279
0.291799
0.465509
0.453971
0.436810
1.330011
1.111865
0.822663
5.298573
1.887723
1.058491
0.923459
1.039945
1.128643
0.607519
0.475571
0.395390
0.889525
2.207754
0.483603
1.541021
1.545789
1.524073
0.824422
0.356593
0.835190
0.457734
0.559969
0.962403
1.751810
3.818438
2.249976
1.021851
1.662863
0.250955
1.622183
0.513755
0.726670
2.668808
0.521990
1.362045
0.413580
0.896062
1.061892
3.956094
0.486889
1.685761
1.197111
1.809381
1.863247
0.540794
1.120814
0.841857
0.985978
0.952739
0.461634
0.961027
1.134151
0.272471
0.464089
0.275219
0.640084
0.475350
0.760868
3.704853
1.920416
3.507281
1.636230
2.364951
1.747889
0.250784
0.671124
1.810123
1.717445
2.578656
0.839185
1.370097
0.357648
0.883603
1.010508
0.871896
0.582708
1.243220
1.426659
1.440987
0.813674
0.315186
0.472547
0.249670
0.831769
1.507895
0.414636
0.562035
3.446372
2.037082
0.831704
0.827606
1.660910
0.448333
2.171192
0.805505
1.000145
0.449832
0.568106
0.998951
4.071344
1.055079
0.482204
1.910882
1.154664
0.558563
0.243372
1.288653
2.337762
3.855111
0.258270
1.884322
0.560566
3.214502
0.995965
0.593202
0.583642
0.859413
1.968317
1.062560
0.516006
0.347527
2.208317
0.338456
0.263779
1.277257
4.904587
0.628580
1.174794
4.194261
0.478377
3.405299
0.705824
0.732776
0.855257
0.237841
2.801324
2.177876
5.798955
5.131231
1.680450
1.227868
2.343132
0.740162
1.559233
1.554705
0.609065
1.403909
3.642013
0.318063
0.436823
0.713917
0.864213
2.969651
2.737205
0.606701
0.655223
1.769360
0.848174
1.846475
0.453383
2.150789
0.877655
2.777475
1.551440
1.613873
1.999227
0.567361
1.230275
0.761536
0.753597
3.993451
0.599223
0.231026
0.240977
2.939490
1.799998
1.840158
3.420950
0.925783
0.243346
0.789944
2.181388
0.550776
0.229205
0.294969
0.240813
1.318015
2.143780
0.864625
0.300943
0.362169
2.928347
1.764305
0.991825
0.786541
0.825276
1.517749
7.703879
0.646565
0.259222
0.593928
0.747060
0.691314
3.088979
0.530551
1.643246
0.697021
1.056433
0.777285
0.452347
0.508913
2.560296
0.598479
0.704854
0.410891
0.720373
0.438242
0.703245
1.524962
0.756933
2.296738
1.215168
1.258142
3.177816
0.902230
0.874639
0.464015
1.912077
0.642499
0.607342
1.535959
1.478683
1.750464
0.413506
0.233370
1.608253
0.544207
1.761192
0.269851
2.201801
3.001092
0.432428
0.431634
0.747293
2.213235
0.375183
0.743802
0.948826
2.361963
2.518774
0.585328
2.104019
0.510818
3.403907
0.669202
0.507095
1.250494
1.094138
0.728680
0.521222
0.379904
0.314763
0.453688
0.767611
0.631868
2.138900
0.358103
0.348335
1.146185
6.289428
2.881824
0.624473
3.873824
0.458403
0.262966
0.493812
2.464624
2.796673
0.633054
0.352056
0.476228
1.070671
0.447406
1.611549
1.936479
3.938225
1.875994
0.926435
0.734152
2.051231
0.395503
1.244090
2.628092
1.282433
1.361302
0.988380
2.666855
2.159745
1.321438
0.544499
0.504242
2.453578
2.224448
1.168177
1.630950
1.911358
1.492486
0.666740
0.241176
1.777510
0.382033
0.575355
2.448551
0.829799
1.995995
0.787924
0.946795
1.704654
0.334054
0.806110
0.369794
2.360956
1.126694
0.647228
0.936374
0.836521
0.493399
0.758798
4.400260
1.413779
0.533494
0.354953
1.364906
0.237425
1.937585
0.243636
0.362202
0.375780
0.456700
0.243739
0.640288
0.518815
0.706897
0.265212
1.983943
0.268889
0.593523
5.229993
2.594113
0.660849
1.846594
2.786937
2.334214
2.821694
3.911091
1.710653
1.004366
0.862701
1.621351
1.066603
1.253706
1.822731
2.336174
3.577997
0.793348
0.673128
1.871696
0.453993
5.159485
2.066003
1.736696
2.328555
2.203875
1.043682
0.370866
0.901540
0.489638
1.054300
0.249621
1.052211
1.857862
0.529302
1.427724
0.241518
0.294004
0.880995
0.267611
2.028546
2.146777
0.540894
1.884473
3.142018
0.269777
0.475027
0.262686
0.770127
0.531708
1.302457
0.549226
0.982178
1.688614
0.499295
0.505948
0.250982
0.665263
0.583811
0.546349
0.575400
0.526746
0.963852
4.309343
1.473499
2.728202
0.290699
0.494787
0.416466
1.194902
5.177634
1.899601
0.533942
0.477970
0.707793
0.241803
2.479819
0.601695
1.945755
1.848820
0.382689
1.027035
1.836395
0.738389
0.353324
0.936393
0.386904
2.807262
0.839462
0.573964
0.633083
1.876263
0.577006
0.601157
0.754501
0.366949
2.240648
0.558206
1.554202
0.450895
1.195852
0.565156
0.653095
0.836550
0.485841
1.720714
2.340259
1.298077
1.184526
0.627358
1.185216
1.069421
1.427665
1.565776
0.905161
0.445515
1.859224
0.793650
5.793206
1.105138
0.245878
1.423952
0.449637
3.900049
0.477815
0.745997
0.469647
1.579227
0.331140
0.304675
2.276793
0.815272
2.122280
2.401737
1.328270
2.769944
2.254747
1.692334
0.247387
1.223236
1.018656
0.388227
0.412960
0.254059
0.430528
1.243995
1.368316
1.023967
0.329024
1.256280
2.113098
4.910776
2.160854
0.382441
0.693206
0.616577
5.805703
0.519047
0.383242
1.448829
2.552258
0.594788
0.732808
2.114932
1.572667
0.913875
0.847143
0.444355
0.371803
0.476012
5.816540
0.287179
1.025007
3.723912
1.260319
3.415908
2.015951
0.634153
1.821643
0.998728
2.140221
1.782819
1.042503
1.687243
0.271037
1.105540
0.511612
0.319081
0.574317
0.611299
0.772304
0.278843
1.988849
1.328135
0.762153
1.949713
0.757698
0.593627
1.964724
0.253733
0.248842
1.674199
1.443163
0.237672
7.085559
0.603891
0.553665
0.379720
0.409699
3.275781
0.642809
2.016203
3.511390
0.284579
0.398370
1.574856
2.865935
0.667290
0.297323
0.875247
1.407867
1.419875
2.167668
1.128516
2.121262
1.283750
7.430358
2.346074
1.397090
0.734743
1.781736
0.293252
1.457649
0.869959
0.915434
0.310588
0.886007
1.342472
0.783778
1.207629
2.211078
1.483371
0.350832
0.685940
1.757469
0.719479
1.091781
0.775150
0.796487
1.896035
0.553028
0.344726
0.662136
0.261291
0.963668
2.673693
0.443723
2.490713
1.230167
2.667197
1.203119
0.599019
1.946410
0.908815
1.346858
0.362866
1.027039
1.101611
1.633158
2.242630
0.439091
1.333273
0.348206
0.483244
0.437305
0.338221
1.104848
1.065330
0.457293
1.575646
0.336250
1.676162
1.554469
0.700468
1.832105
2.598762
1.277898
0.674629
2.077977
0.541052
1.711366
1.901665
2.563217
1.965846
0.235520
0.618171
1.380123
2.317631
1.478245
0.640096
0.919987
0.867056
0.249222
0.432063
0.937081
0.462901
0.763065
0.591836
2.106461
0.818723
4.008517
1.915370
0.990975
1.003399
2.333728
0.972686
1.816608
0.928731
0.884212
2.017043
0.593795
1.673594
5.491775
3.252160
0.473649
1.845837
5.584736
0.317060
0.338885
2.905234
0.522047
1.115080
0.531461
5.258242
0.495718
1.255046
0.576541
0.393361
0.647482
1.042716
0.835450
0.439160
1.121545
0.639682
1.427096
1.386670
0.838295
0.370806
0.442279
1.494573
2.361297
1.535314
1.212276
1.178212
0.290332
1.199054
1.618838
0.499895
1.803779
0.814025
0.424261
1.213294
1.688713
0.651896
0.429874
0.448947
0.881848
0.379867
0.967675
1.634729
0.519986
2.036519
1.631037
0.230734
1.099820
2.294288
2.124390
0.342417
1.843551
0.423636
1.610269
1.737429
0.389535
0.775158
0.801142
1.294391
0.782634
1.165559
1.119301
0.352565
0.614708
0.646843
1.458500
0.453027
0.334621
0.282079
3.388376
0.232959
0.919740
1.294591
0.616408
0.320080
0.407279
0.590564
1.043471
5.028984
4.061996
2.004573
1.700662
0.641695
2.756854
1.568304
2.658691
1.371024
0.827632
1.778363
0.769621
1.360606
0.744963
0.234659
0.530309
0.965365
1.065685
1.871825
0.836688
0.596944
0.811535
2.269984
1.412985
0.359185
6.062257
0.878448
0.962256
0.345766
0.594646
0.282831
0.548833
0.271388
0.607463
0.893562
1.899874
4.415886
1.273691
1.288681
2.087758
1.759790
0.522338
0.489526
0.487006
0.775546
0.783303
0.555653
0.760605
0.311802
0.784157
0.497201
0.800655
1.821547
0.908063
0.256899
0.292044
1.312924
1.311702
0.840762
1.447494
0.883609
0.800773
0.756799
5.707108
0.454459
1.773457
0.474481
0.516313
0.371645
3.239053
0.471292
1.050776
2.365864
0.932872
0.922181
0.481879
0.707980
4.164975
1.115151
0.234502
0.746993
1.162630
0.981654
1.959296
1.789640
2.033871
1.709457
2.056937
5.100879
2.837888
1.198481
0.229341
0.434802
1.708836
1.207985
2.154054
2.554259
0.415849
0.729245
0.910427
0.596368
0.858869
0.392585
0.957774
0.239984
1.896274
0.229907
2.213127
1.169910
0.496112
5.035514
1.511177
0.528036
2.608378
0.379140
0.291339
1.546100
3.215147
0.300819
0.700915
1.399042
1.010574
1.584997
1.718339
0.560944
2.149618
1.565570
1.054455
0.276595
0.406304
1.334057
5.648061
0.752108
0.697339
0.812001
0.508989
1.860888
1.978407
3.443184
2.386723
0.638801
0.708170
0.519780
1.685539
1.302912
1.445580
0.998263
0.740438
1.231506
0.963114
0.587353
1.185237
1.103071
1.049914
1.407317
2.024413
1.597369
0.620923
1.483162
1.437442
3.252965
3.654940
0.884125
0.591312
0.281543
0.367495
2.504350
1.441972
0.694260
2.176937
0.262115
0.796426
1.532557
1.359699
1.494102
0.505168
3.355303
4.549664
1.581604
1.020795
2.331206
1.557935
0.554790
1.269756
0.770362
1.241745
1.773504
4.101077
2.266734
0.400327
3.730372
1.668291
3.019607
0.376176
0.524464
0.853429
0.986021
1.407049
0.692118
0.317339
0.775323
0.330224
1.464959
2.387555
0.619349
0.792228
1.384754
0.276824
0.644896
1.450698
0.562723
2.443830
2.736816
0.680483
0.314421
2.864029
1.481917
0.390410
0.867774
1.392791
0.536156
0.696264
1.800146
0.471172
0.923908
0.580339
0.536188
1.378617
1.328862
0.620959
5.526642
0.999749
0.676778
0.431464
1.898369
0.347222
3.536039
3.504115
1.605368
2.062229
0.781893
0.797206
0.420294
0.374027
0.970915
3.554915
2.399155
2.932700
0.244004
1.269802
3.822856
1.561391
0.712251
0.319081
2.481608
2.646377
0.469063
1.302780
1.052866
0.692768
1.069434
0.734758
1.033193
0.336282
0.482329
0.911486
1.077711
0.296098
1.448407
2.039744
0.555271
1.331822
0.285711
0.808680
1.268098
0.558071
0.266469
0.318007
1.471256
0.623761
0.255060
0.284962
0.755183
1.053677
0.288032
1.362803
0.683804
0.341713
1.833639
0.806946
2.310503
0.883480
0.478854
1.512303
1.449170
2.218888
5.815184
2.355346
0.384235
0.437470
0.250107
1.961137
0.452001
0.418145
1.412874
2.369049
1.158272
3.002554
0.419266
4.961709
0.745632
0.607065
3.575914
5.050911
0.579426
2.431526
0.541754
0.239486
0.420775
0.332568
0.644770
2.061196
0.236493
0.847838
0.583745
1.124655
0.877705
1.106320
5.136344
0.275032
0.910140
0.610785
0.337728
1.056288
0.311615
0.271875
1.277883
1.157442
0.886800
1.578714
0.241089
0.244207
0.294126
1.994479
2.369582
1.285576
0.343954
0.894818
3.326752
0.713527
0.716796
0.827662
1.863915
1.559122
2.264352
1.839507
0.383635
1.765629
0.390061
1.058458
3.862698
0.718064
2.109767
0.956820
0.242766
1.632821
0.810002
0.495705
3.726182
1.838509
6.681771
0.268679
3.036676
1.287410
1.806383
0.367638
1.149243
0.333231
2.199736
1.780155
0.453643
0.906180
4.184991
3.508623
1.179979
0.683579
2.658366
0.908483
2.327500
2.673975
1.468656
3.381514
0.759195
0.341881
0.643036
1.007242
0.499227
1.337950
0.637464
0.609760
1.266395
0.477921
0.230985
2.358909
1.159575
1.530060
1.500126
0.661522
0.963886
0.691171
1.065095
2.310447
1.800995
2.178153
3.370696
0.416485
1.862374
0.473672
0.448267
0.661398
2.418437
0.893030
0.855240
0.940213
0.324441
0.973882
0.419858
1.002769
0.974972
0.672627
1.098047
2.839890
1.056524
3.306402
2.532294
1.898862
2.869597
0.491508
1.407137
2.946600
0.576095
2.688019
0.680073
1.377867
0.484856
0.531590
0.892126
1.059260
0.954239
0.957918
0.634206
2.001308
0.672040
1.057891
0.566519
0.943104
0.682752
2.148311
0.810912
2.344153
0.704951
3.445900
1.261919
0.462067
0.482407
1.721682
1.227706
0.934227
1.720596
0.296865
4.349369
0.472409
2.218481
3.034379
1.173846
0.539438
2.217638
0.418783
0.515102
0.674218
1.155809
0.366715
1.361632
0.540262
1.636454
0.268440
0.831835
3.266677
0.750215
0.340316
0.682560
1.512720
0.395426
2.343160
0.319642
1.074305
1.486088
1.519238
0.692135
0.752282
1.933272
2.413323
0.292503
0.504027
0.339576
1.461089
0.553195
2.363640
0.228604
3.808535
3.583026
1.989605
0.696273
2.042189
0.265501
2.095430
2.108276
1.453301
1.305221
3.632336
1.320881
0.322561
1.108568
1.916813
0.695143
1.966404
0.928174
0.831665
0.617852
0.264679
0.465866
1.017778
0.675783
0.259462
0.992753
1.417725
1.236928
0.958324
1.253036
1.270189
1.269290
0.920184
1.856136
1.107796
0.246630
0.394032
0.451474
1.557819
0.496844
0.374833
0.656774
2.066412
0.326620
1.711645
1.621206
2.609405
0.305230
0.606338
0.816937
0.591469
1.016285
0.853405
2.156937
1.374820
1.353280
1.990605
1.283780
0.845754
3.760900
1.798473
1.846638
0.586883
1.522565
0.423252
0.326488
1.601297
0.788402
0.656119
1.338846
0.555946
0.229034
1.321614
0.257233
0.642074
0.492264
2.279560
0.402836
0.234009
0.377026
1.426680
1.842639
2.698113
0.701912
0.456410
0.626710
0.576936
1.823461
1.099968
0.948872
1.349285
0.989207
1.784749
0.963589
1.116058
0.569452
0.234780
1.069419
0.379771
0.436037
2.471583
4.173391
0.412160
0.430457
1.107381
0.604500
2.468034
0.563418
0.245835
1.155137
1.602131
0.994571
1.733695
1.333905
2.023240
0.503506
0.484483
0.547046
3.479020
1.996432
1.134359
0.792809
3.075436
2.346784
0.230742
0.345996
3.502474
1.861008
2.388223
0.634090
1.502398
0.264014
2.285981
1.073293
0.316869
4.480544
1.597924
0.679430
0.768828
1.517755
1.010257
0.611795
0.956216
0.638021
2.783686
1.205397
0.356295
0.715640
0.470899
1.349852
1.523065
2.137424
0.820877
0.229349
0.487978
1.510104
0.276220
0.852300
3.040954
0.478271
0.588259
0.454552
0.439329
0.819991
1.694007
1.150890
1.969920
0.569551
1.964463
2.804982
1.029842
1.881686
1.204558
0.281401
2.071036
1.026683
3.041615
2.293095
0.525446
0.946473
3.010730
0.382601
2.274102
2.972071
0.659042
0.667562
2.077201
0.590314
0.470136
0.248463
2.409129
0.369546
0.449161
1.485507
0.990832
0.956627
3.496972
0.287369
1.236243
2.038308
0.299654
1.158509
1.907763
0.260444
2.692170
1.239718
0.527681
1.798040
0.276033
1.412946
0.429868
0.347849
6.153261
1.365837
1.748808
1.134649
2.220935
0.384957
0.342918
2.281834
0.482839
0.644962
3.157462
1.884192
1.498988
1.282492
0.778047
3.494614
1.662320
2.720836
1.479554
0.403128
1.837420
1.531529
1.449961
2.917662
0.858133
2.598372
0.905553
1.193519
1.449668
0.718078
3.698265
0.593294
0.324655
0.495904
1.119448
0.796067
0.509915
0.373178
1.485586
6.630165
0.642949
0.339945
1.087878
3.944148
0.583790
0.245963
3.234559
0.744841
1.478674
1.011851
0.860802
0.420395
0.397866
1.100830
0.731145
0.509929
0.262319
1.125123
0.315432
0.390266
1.061920
1.026171
1.789193
0.371050
1.384503
0.482862
1.920759
0.569872
2.380646
1.613895
0.929206
1.920758
1.816918
1.724379
1.779496
0.704752
0.901115
0.883748
1.060813
1.170763
1.525770
0.347612
0.446533
0.574052
3.106918
0.333361
0.823792
3.829846
2.402665
0.960499
0.798380
0.836652
1.209590
0.332152
2.450325
1.329173
2.485980
1.249563
0.911755
0.296081
0.326013
0.316289
0.937345
0.283774
0.516770
0.880155
1.951803
0.550466
1.101833
2.104541
1.187644
1.054564
1.391858
0.519123
0.362681
2.055994
0.606614
0.345082
1.102166
2.816292
0.909135
0.359394
0.419403
0.252739
0.428738
0.329238
0.386040
0.770610
0.336994
3.307106
0.661152
0.254605
0.940017
0.475774
1.703675
0.650210
0.507944
0.421438
1.644378
2.769674
1.179567
0.476547
0.272898
4.903925
0.920461
6.921895
1.206236
0.342754
0.531911
1.215380
1.408712
1.232696
5.005140
0.687309
1.664943
1.553973
0.673410
1.461185
2.199806
2.468026
1.438123
1.499526
0.322110
1.786022
1.169966
1.233889
0.265323
2.940059
4.196810
1.040464
0.653592
1.265207
0.468565
0.444598
1.604463
0.359424
2.553718
0.512919
1.425077
0.322048
0.949297
2.056202
0.533768
2.034086
1.043868
1.121800
0.689419
0.811161
0.537858
0.954293
0.318903
2.167869
0.705617
1.758570
1.257857
0.506499
1.162646
0.958323
1.695366
0.525604
1.279467
1.496730
3.857892
0.840192
1.460618
0.411034
1.551927
2.567805
0.413662
0.501085
0.262644
0.624422
0.809579
1.371266
0.809046
1.272605
1.609697
2.196185
0.985929
0.745239
0.273559
0.671060
1.240488
1.753273
2.282297
1.448500
0.801528
0.617899
0.237057
1.665582
0.539111
0.641465
0.595546
6.232291
1.754944
2.146222
0.452961
1.710791
0.691517
1.271359
0.372164
1.642016
1.721945
0.701271
1.361504
2.252279
2.586073
0.673719
2.133750
2.675843
0.456932
0.590002
