1.184761
1.802926
1.245434
1.241894
0.273633
0.400393
0.632177
0.950509
0.395999
1.415961
1.907434
0.508591
0.264644
1.532058
0.475273
2.090297
0.560509
0.231075
0.408856
0.304353
2.086539
0.797323
0.277167
0.905512
0.862750
0.703648
0.344031
1.663545
2.025342
1.036534
1.808337
0.729199
3.313213
0.755921
2.226068
0.418125
0.573755
0.669368
0.895873
0.664920
2.742959
2.850882
3.355432
0.258088
0.524876
0.325219
0.858165
2.736573
0.529456
0.399480
0.567530
3.005033
2.120744
1.018506
1.483664
1.446613
0.663549
2.165833
2.323860
0.423036
0.720682
0.594906
0.428706
3.090952
0.532602
0.522811
0.816217
1.127856
1.486668
0.470354
0.562907
1.883032
1.159077
1.197432
0.883489
1.074556
1.288701
1.227803
0.495414
1.847879
1.525499
0.432556
1.643250
0.290107
1.751229
1.475650
5.529094
0.494881
3.388666
0.247550
1.308482
0.265693
0.738574
1.473078
0.967514
0.280586
0.272490
1.518221
1.195112
0.690370
1.001046
1.828127
1.067548
3.422652
0.743209
0.233447
0.652309
3.362844
0.408289
0.479738
0.814096
1.265627
1.779611
0.724625
1.032216
1.012364
1.105376
0.823847
0.344216
3.898205
1.325136
0.654255
1.135252
1.768941
1.805909
0.561736
0.671104
0.879099
1.335277
1.371682
1.226027
1.398177
0.717956
2.216412
2.068553
2.193881
0.751757
0.871607
0.456220
0.347910
0.440120
0.645103
1.371164
0.253853
0.509541
0.367017
3.267695
3.059478
4.326420
2.922808
1.139010
0.518408
1.526833
0.373170
0.813811
0.256997
3.224791
1.381439
0.380994
1.027999
0.903862
0.607774
2.654300
2.478768
0.239083
1.339030
0.525818
1.227491
1.519814
1.312935
2.270575
0.342014
0.621213
1.854776
1.190531
1.325179
3.416698
1.710322
0.306265
0.252353
0.583979
0.833802
0.579978
0.538681
1.415737
0.493817
1.092112
0.707992
2.131439
0.322195
1.767424
1.230273
1.837389
0.293755
0.286089
2.264572
1.571896
0.234517
0.818010
1.537304
0.700976
2.501963
0.586993
1.754182
1.372563
1.142588
1.671767
2.146277
0.585814
1.367746
0.448221
0.604480
0.841498
3.033563
1.331552
1.695435
0.700263
0.470715
1.358285
0.459223
0.301495
0.237644
2.875984
2.558949
0.532820
0.295355
2.426553
1.120805
0.447922
1.369900
0.801108
0.230575
1.238000
0.886212
0.504496
2.660943
0.540589
0.417876
0.722976
1.386329
1.696439
1.796870
1.172599
0.728709
1.078246
2.095787
1.261826
0.974749
0.603513
1.860478
1.220497
1.014380
1.190718
0.497659
0.392341
1.135339
1.342254
0.526866
1.547693
1.931631
2.159050
0.684790
0.701203
0.842436
1.584202
2.224127
3.887646
0.258398
0.427019
2.455684
2.195754
3.382044
2.619749
1.804957
4.309574
1.903106
0.622590
3.713057
2.206183
3.096114
1.244960
0.812504
0.502572
0.649901
0.735115
0.547041
1.838595
2.306551
0.409593
0.989814
0.830909
0.562374
1.728228
0.251843
2.691012
0.663495
0.995213
5.363152
0.288394
1.571352
2.409218
0.314920
4.183140
2.528828
0.309450
3.130436
2.008555
0.401483
0.329378
0.284998
0.914606
4.208207
0.814110
0.571160
1.889682
1.424572
1.172537
1.221340
0.304775
0.510568
0.671954
0.840102
2.438486
0.530454
1.324805
2.597397
3.923670
0.380788
0.536296
0.274268
2.396386
2.979823
0.236979
1.910412
2.408817
1.520305
0.678365
2.215430
0.491692
3.407721
2.174088
0.600340
1.785970
0.961804
1.699990
0.459566
1.668411
1.053498
1.131772
2.860267
0.618419
0.597896
1.774624
2.258897
0.971746
1.275621
0.743799
1.573295
0.455827
1.497766
0.797492
0.626256
4.080621
1.323508
4.448920
0.407618
0.441944
0.652262
1.091860
0.240301
1.065059
0.962091
1.038195
1.166193
0.614960
0.252416
0.446455
0.246131
1.905180
0.289080
1.201108
0.619093
1.223328
0.365649
1.796958
1.231312
1.776031
0.542038
1.093962
2.063602
0.728573
2.603209
0.311428
0.304029
1.730599
0.894224
0.387389
1.676340
0.322117
0.393075
0.906466
0.624999
0.344949
3.160661
2.015184
0.311754
0.555888
0.550494
1.141926
0.347026
0.708779
0.870117
1.447489
1.018199
1.139976
1.385496
3.381095
0.774212
0.917133
2.869152
0.611326
1.528373
3.275055
0.535358
1.266745
0.235112
2.823570
0.639049
0.256927
0.778072
0.253885
0.515392
1.104663
1.776844
1.473011
2.601327
3.348972
1.251921
1.074111
1.218787
1.064886
0.455710
0.358010
0.752321
0.885686
1.234870
4.379398
0.978968
1.153145
1.156186
0.471337
0.693095
2.891455
3.361658
0.472839
1.375738
0.285263
0.684047
0.638715
0.260481
1.659162
0.797767
2.318854
0.630102
1.612857
0.676115
0.297561
0.450693
1.950207
0.618884
0.461319
0.814638
0.450315
2.964876
3.030981
1.823542
0.736089
1.692801
2.314517
0.250470
0.274489
0.353454
3.955527
0.848307
1.927635
0.537359
0.386612
2.927284
1.064254
1.228122
0.724121
2.438077
1.601381
0.700587
2.262014
0.585645
0.554615
0.610348
0.829579
0.422940
0.994049
0.491785
3.735060
2.457570
0.547536
1.042151
1.930005
1.669055
3.409429
1.024867
1.456079
1.656710
1.628915
1.457300
0.669901
0.589760
1.076811
0.267212
0.636607
1.514331
0.748303
2.289162
0.230079
0.719340
0.432075
1.615050
0.644004
0.511663
5.601914
0.361805
0.429266
0.550127
0.363060
1.289188
2.645969
0.678662
1.192337
1.073984
0.343244
1.218131
0.552353
0.267991
1.231622
3.331493
0.558459
0.590218
3.249032
0.511843
1.288028
0.548416
1.044853
0.777787
0.749467
1.424778
0.442740
0.274147
2.043747
7.377467
0.802038
0.391426
0.361957
1.089700
0.695765
1.437134
3.097532
1.439642
1.592389
0.287732
2.109426
0.440133
0.817194
0.391641
1.321761
2.726357
0.394355
0.785123
1.941467
0.832972
1.236213
0.390929
2.352329
1.984262
1.229554
0.539105
0.689194
1.084028
0.870034
4.611043
1.877138
0.483678
0.290411
0.280083
0.727253
0.827833
1.434134
1.247440
2.394119
1.474403
0.334937
0.255302
0.277571
2.004302
1.411410
6.361060
1.984221
0.899209
0.511286
0.915797
1.070565
0.841684
1.039231
0.436100
0.896549
2.562696
0.981598
1.573914
1.976594
1.004696
0.837413
3.743936
0.971953
0.672725
0.354013
2.181317
0.584127
0.948472
0.952914
0.310949
0.889143
0.610626
0.302537
0.311053
0.468386
2.416236
0.802776
0.820069
0.236896
0.526533
3.761696
1.328265
2.151576
0.558289
1.047839
1.446193
1.217851
1.536813
0.555710
1.411816
0.767282
1.128781
1.617291
1.637468
0.784590
0.572142
0.338526
1.087196
0.602751
0.528333
0.992833
0.323263
1.622266
2.077752
2.051233
1.043883
0.290943
1.028123
1.196441
1.354300
0.314553
0.464837
0.839923
0.736597
0.417713
0.314049
1.368136
1.111459
1.453264
2.535108
0.751994
0.500470
0.325558
1.419223
0.521120
4.619060
0.531014
0.597287
0.565453
0.640168
0.545396
0.315030
0.305449
1.188993
0.925153
0.731705
0.279459
0.332623
2.731633
0.466771
0.354576
3.686704
0.242923
0.368811
0.508335
1.983918
0.464811
0.738451
0.686581
1.237845
2.838831
1.366124
2.093009
1.205881
1.050698
1.458257
0.360971
1.162104
3.991483
0.958227
2.238377
2.586012
0.527229
1.588394
0.870052
3.010252
2.884289
0.524421
2.252267
1.462604
0.338975
0.835629
1.110821
0.999224
3.531249
1.268731
1.022758
0.990246
1.574048
1.692815
0.972645
3.453731
0.624109
0.249361
1.894493
2.422387
1.315740
1.897383
0.660663
0.355080
0.774776
0.424104
2.043438
0.776514
0.453885
0.267279
0.760776
0.945443
0.316569
0.745317
0.731953
0.253149
2.482872
1.180372
0.789022
1.663685
2.378481
3.893147
0.512180
0.832142
0.517089
1.412945
1.023548
0.228633
0.446763
1.619225
1.443955
0.455727
0.579959
1.044594
3.133540
1.224162
0.773573
0.929796
0.546166
2.271798
0.999141
1.041801
1.501174
0.755948
1.474274
2.930925
0.637715
0.393246
0.510911
2.381594
1.915023
1.362761
1.499915
4.981911
3.031358
0.252996
0.821400
2.126346
1.542987
2.641814
2.388652
0.423247
0.252287
0.907455
0.448883
0.427588
1.333104
1.086196
1.130215
0.944979
1.396476
2.572060
1.477844
0.372454
2.207984
1.023814
2.563404
0.311832
0.819893
0.809629
2.443383
0.409049
1.582175
1.248047
0.748364
2.436666
0.654697
0.350522
0.578015
1.547430
0.498649
1.114176
0.292883
0.737273
0.444752
1.344557
1.051670
3.623140
4.654728
1.005796
1.543053
0.535492
1.222128
3.042351
0.262075
0.466734
0.339144
0.782837
1.996681
1.122332
0.369659
2.964378
0.231304
0.815140
1.050889
3.387171
1.067339
2.494428
1.723425
1.238835
0.972169
0.717441
0.329152
0.346528
0.777876
2.725889
0.503756
1.150523
0.245133
3.561990
2.199511
1.694289
0.658535
1.394840
1.823683
0.538513
1.453813
0.927016
0.848576
2.398872
2.166813
4.781881
0.813360
0.351513
1.219022
1.324585
0.337033
0.564028
0.328108
0.529521
0.528926
1.007367
2.928220
0.376704
1.154203
0.359676
2.584190
0.265012
1.157367
0.439791
0.272679
0.687944
1.300616
1.146537
0.378794
0.849433
1.183036
3.329462
3.532812
1.076517
3.357860
1.972362
2.693686
1.315339
1.753213
2.672260
1.356729
0.581278
0.359638
0.901581
0.791077
0.489176
0.359564
0.432408
0.322666
1.111016
0.792907
1.736079
2.584358
0.795629
1.174249
0.401582
0.925417
0.529409
2.733542
0.585554
0.713387
0.448011
0.370464
0.544724
5.527779
1.400971
1.253811
1.175967
0.305877
0.634526
0.323140
0.450223
0.555239
1.589194
0.618875
1.754273
1.250983
0.299374
0.749380
0.301447
1.102076
1.740100
0.549462
0.915363
0.711635
1.009902
5.788266
1.475811
2.796086
0.384361
2.760079
0.603493
0.504660
3.098346
1.013015
0.523108
0.340089
3.112960
2.546269
0.945851
0.664749
0.358862
4.427310
2.371310
0.641926
0.364634
1.436940
0.636126
0.510554
0.255541
1.442902
1.139418
1.831333
1.362037
1.195446
1.450401
1.925900
0.332752
2.014496
0.961897
0.270146
0.518286
2.731539
0.801324
1.583983
4.897702
0.286151
0.427466
0.669627
0.571967
0.572842
0.310537
2.940009
0.851925
0.696943
1.055908
2.145440
0.600705
2.273079
0.502059
0.620639
1.510804
2.153912
1.609430
0.596894
1.822992
0.983877
0.396400
2.660335
0.691438
0.247088
0.228769
0.440144
0.573654
2.473003
0.653647
0.497941
0.294076
2.083483
0.875419
0.689906
1.861397
0.567844
0.752385
0.284853
0.797641
0.929234
0.911331
0.943328
0.251532
1.370349
1.154422
0.470976
0.471385
5.316533
0.765510
4.448694
2.184064
1.121809
1.655393
0.460433
1.424007
0.942124
2.865625
0.264853
0.406285
1.036968
0.473659
0.307943
0.989130
0.253955
0.440486
1.731592
0.740069
0.426117
1.157493
1.921433
0.825751
0.243232
0.372961
2.163541
0.467334
1.437923
0.698852
1.195885
1.175401
1.664289
2.833961
1.366051
0.571189
0.595329
0.557186
1.922265
0.433252
0.571084
0.937142
0.434026
1.216827
0.780006
2.523363
0.403857
0.256100
1.540400
0.452391
1.797487
0.764665
2.447863
1.511282
0.922975
0.475182
1.377710
0.706402
1.249572
0.439064
0.609330
1.319327
0.388997
0.489257
0.350064
5.380182
1.425623
0.578348
0.736554
1.237274
2.482457
1.451953
2.170771
0.530995
0.574967
3.584839
0.258097
1.183192
0.702049
1.599703
0.490488
1.428077
0.570909
0.501281
0.738381
5.984935
0.285783
2.068103
2.966630
0.464510
0.813315
0.318820
0.235024
1.260451
0.532967
2.288722
0.897905
0.375426
1.703478
1.599327
2.933782
1.710663
0.270390
0.646807
2.725699
0.491024
0.559800
1.823957
0.371943
0.395440
1.592911
1.313179
0.725067
3.225587
1.242533
1.829816
1.682428
2.537802
0.411772
2.132245
0.973403
2.338578
0.726635
3.200789
0.460755
1.624484
0.988906
0.707534
1.469028
0.371671
0.253202
7.798669
1.272004
0.289874
2.085456
1.720357
0.307807
1.989885
2.102334
0.929206
2.138063
1.846227
0.583285
4.597802
0.834980
2.131214
4.583896
0.692343
0.557306
1.558155
1.887366
0.876247
1.328326
0.293735
0.232430
2.385725
0.692749
0.873281
0.546412
0.389698
0.395399
0.336818
1.740058
1.365099
2.396652
3.971209
0.791360
2.634829
0.292511
2.677067
0.397151
0.322763
2.287337
0.451840
4.213034
0.794268
1.424271
0.265793
1.326155
2.144507
0.286548
1.647249
2.608468
0.851039
1.361469
0.794546
0.778968
1.734536
1.650389
1.404263
2.394529
2.123362
1.882171
1.404427
0.636845
1.974958
3.615049
0.326060
0.539014
0.270964
0.310767
0.425640
0.458202
2.225630
6.649688
1.422245
2.890113
0.514013
0.485007
1.584032
0.822644
0.596271
1.225684
1.032677
2.915486
0.425859
0.856651
0.886888
1.585394
1.607084
1.408347
1.231747
1.571308
1.305292
0.261843
1.697235
0.401339
3.672138
0.751807
0.327294
0.464878
1.888341
0.385741
1.615264
1.632479
0.550675
0.377272
0.768781
3.932143
0.265374
2.799566
0.272329
0.526548
2.085008
1.822419
0.980770
0.622970
0.984246
0.877635
0.280776
1.094762
1.124371
0.232266
2.832740
0.354973
1.840743
0.509194
1.778591
0.890415
0.358999
1.580522
0.505941
0.436040
0.422829
2.491703
0.587862
4.623480
0.649149
1.862139
0.550286
0.352653
0.605276
0.774523
0.504545
2.155790
0.592506
0.348394
0.254179
1.294444
2.294066
4.029211
3.681146
0.762076
0.356898
1.705361
1.709469
0.281627
1.023147
2.077086
1.014480
0.328217
0.621486
1.643201
3.016161
0.317449
0.419125
0.800206
1.272238
0.728250
0.731564
0.490658
1.203829
5.685249
0.245496
0.361016
0.243430
0.769397
0.902492
1.112239
0.527529
0.747112
0.235358
2.666183
1.728704
0.586684
0.903647
1.873473
0.350116
0.348774
0.548393
0.280536
2.878089
0.320184
1.755996
2.183802
0.345387
1.205796
0.294787
2.052453
2.269291
0.428294
0.517724
0.627238
8.101681
0.683234
1.415838
1.295985
2.646362
1.328167
0.241503
2.977750
0.740802
0.541281
1.001815
0.485567
0.798594
0.992172
0.382537
0.342060
2.244641
3.975293
0.548006
1.315033
1.397261
0.601507
0.361082
1.304440
0.391636
2.919906
1.167948
3.226357
0.647945
0.574852
1.825523
0.844966
0.250347
0.573957
2.000975
1.219736
0.879229
0.488717
2.269529
0.901477
0.229675
1.468097
0.980306
1.097045
0.343562
1.717658
1.726700
1.016298
0.371613
0.545850
2.062363
0.264648
0.810955
0.487162
2.080308
0.735627
0.542216
1.172763
0.388455
0.824076
2.911380
0.972015
2.958315
0.760071
0.252449
0.366622
0.988340
0.779201
1.358853
0.623143
0.440409
1.028509
0.338469
0.286150
0.699988
2.841762
1.491985
1.344857
2.764673
0.861360
1.086304
0.551642
1.025877
0.786002
0.388952
2.074185
1.029205
1.091160
0.832748
2.502096
1.354094
3.738775
3.954384
1.398448
2.269059
1.849996
3.156001
0.605665
1.318720
3.013349
0.418368
4.686078
0.442374
0.708614
0.989074
3.885266
0.288746
0.826632
1.005706
1.191685
1.430609
2.743067
0.314123
2.262360
3.312410
0.788386
0.994165
3.094692
3.207831
1.925757
1.374026
1.112355
1.692621
1.344460
1.023077
1.524252
0.458032
1.565600
0.267040
1.497082
1.181879
0.717123
0.954252
0.326510
0.513862
1.979865
0.281594
0.532647
0.970694
2.187092
2.931943
1.181254
1.771883
0.234305
0.389193
0.983680
2.046940
0.366897
1.983100
0.539533
3.924438
0.990466
0.628469
0.430802
0.429905
0.865814
1.071913
1.444080
0.829822
0.344393
1.071837
0.240446
0.357420
1.394116
0.713014
0.311990
0.670145
0.498058
1.946456
0.737665
0.998347
0.344068
1.978120
0.837216
0.430782
2.053036
2.640642
0.637175
1.993040
0.886921
2.806809
0.326758
4.602391
0.421972
0.723837
0.612573
0.806966
1.841808
0.454696
1.000218
0.617278
3.673934
1.725430
2.230522
3.390990
1.140558
1.137952
3.979482
4.299977
1.076258
0.380863
0.328766
0.413787
0.530220
1.777664
0.647982
1.017798
0.259188
1.307513
0.679872
2.494696
3.001965
0.811738
0.976462
0.439627
2.460387
0.661145
0.708932
0.318684
1.657755
1.471963
0.478410
0.791581
0.517293
0.601875
1.176422
1.267413
0.442099
2.099351
2.907559
2.925431
0.845200
2.602569
1.572910
0.417136
0.348829
1.682814
1.594923
2.286840
3.667770
0.656877
1.818829
0.330334
0.744713
0.896311
0.708420
0.347975
3.008224
1.116286
1.414672
0.714428
0.864003
1.873001
0.718352
0.955320
1.479127
0.904432
0.624238
1.336136
0.633357
0.581856
0.426608
0.623021
1.501731
0.942628
1.267020
1.501616
0.291798
1.111865
0.923462
0.395390
1.545789
0.457734
2.249974
0.513755
0.413580
1.685762
1.120814
0.961030
0.640085
3.507284
0.671121
1.370097
0.582708
0.315187
0.414637
0.827606
1.000145
1.055083
0.243372
1.884323
0.583641
0.347528
4.904590
3.405303
2.801323
1.227867
0.609065
0.713918
0.655221
2.150789
1.999230
3.993452
1.799999
0.789945
0.240813
0.362169
0.825277
0.593928
1.643244
0.508914
0.720373
2.296740
0.874639
1.535962
1.608251
3.001094
0.375182
0.585329
0.507095
0.379903
2.138899
2.881825
0.493812
0.476228
3.938224
0.395503
0.988381
0.504243
1.911359
0.382034
0.787925
0.369795
0.836521
0.533496
0.243636
0.640288
0.268889
1.846589
1.710653
1.253707
0.673128
1.736696
0.901539
1.857858
0.880994
1.884473
0.770127
1.688614
0.583811
4.309343
0.416465
0.477970
1.945755
0.738388
0.839459
0.601156
1.554201
0.836551
1.184525
1.565775
5.793202
3.900051
0.331140
2.401735
0.247387
0.254059
0.329024
0.382440
0.383243
2.114932
0.371804
3.723916
1.821644
1.687245
0.574317
1.328135
1.964726
0.237672
0.409697
0.284579
0.297323
1.128517
1.397088
0.869961
0.783778
0.685941
0.796487
0.261291
1.230167
0.908815
1.633160
0.483244
0.457292
0.700467
2.077975
1.965847
1.478248
0.432062
2.106462
1.003400
0.884212
3.252157
0.338884
5.258242
0.647481
0.639681
0.442279
1.178212
1.803780
0.651897
0.967674
0.230734
1.843550
0.775159
1.119299
0.453027
0.919744
0.590565
1.700666
1.371024
0.744965
1.871824
1.412985
0.345765
0.607463
1.288681
0.487005
0.311803
0.908060
0.840763
5.707112
0.371644
0.932873
1.115150
1.959293
5.100881
1.708835
0.729245
0.957774
1.169910
2.608377
0.300819
1.718338
0.276596
0.697338
3.443184
1.685539
1.231509
1.049912
1.483163
0.591314
0.694261
1.359702
1.581600
1.269755
2.266735
0.376176
0.692118
2.387557
0.644896
0.680480
0.867775
0.471173
1.328861
0.431463
1.605367
0.374028
0.244004
0.319081
1.052866
0.336282
1.448404
0.808678
1.471258
1.053680
1.833637
1.512303
0.384236
0.418144
0.419266
5.050906
0.420774
0.847837
5.136342
1.056290
0.886800
1.994480
3.326747
1.559121
0.390061
0.956820
3.726182
1.287410
2.199737
3.508623
2.327505
0.341880
0.637464
2.358912
0.963888
2.178150
0.448267
0.940212
0.974971
3.306404
1.407135
1.377868
0.954239
1.057893
0.810912
0.462067
1.720596
3.034382
0.515102
0.540262
0.750215
2.343159
0.692135
0.504028
0.228604
2.042190
1.305222
1.916813
0.617853
0.259462
1.253034
1.107796
0.496845
1.711646
0.816937
1.374818
3.760900
0.423251
1.338843
0.642074
0.377027
0.456411
0.948874
1.116059
0.436036
1.107382
1.155138
2.023239
1.996432
0.230742
0.634092
0.316869
1.517754
2.783687
1.349853
0.487978
0.478271
1.694011
2.804983
2.071040
0.946472
0.659043
0.248462
0.990835
2.038305
2.692169
1.412949
1.748809
2.281835
1.498989
2.720832
1.449961
1.193519
0.324655
0.373179
1.087879
0.744842
0.397866
1.125122
1.789196
0.569873
1.816918
0.883747
0.446531
3.829846
1.209589
1.249562
0.937345
0.550467
1.391857
0.345083
0.419404
0.770611
0.940018
0.421438
0.272899
0.342755
5.005138
1.461185
0.322110
2.940059
0.468565
0.512918
0.533768
0.811162
0.705618
0.958320
3.857892
2.567806
0.809578
2.196184
1.240488
0.617899
0.595545
1.710791
1.721945
0.673720
