1.077619
3.637840
0.332763
1.335396
3.040933
2.446163
1.169301
1.121367
1.252739
0.439305
0.532678
0.303173
1.153308
0.007440
0.608095
1.827065
3.324306
0.535720
3.275391
2.138775
2.231428
1.062653
0.413339
0.002127
1.585814
2.635051
0.409771
0.233839
2.497927
2.463711
0.198361
0.057148
0.521669
0.169014
1.252960
2.374255
4.065862
2.523999
5.057159
1.670261
3.816754
3.007111
2.146642
2.401934
0.253978
2.436312
3.848114
0.689785
0.507825
1.394230
4.629341
2.855986
2.570535
0.962827
5.358452
3.135542
2.154450
1.013909
1.774106
0.484078
0.102502
2.104817
0.923210
1.377640
1.445340
0.428740
5.263365
0.029789
3.365527
4.299967
0.722576
0.303167
0.312858
1.714121
0.332473
1.803611
2.763856
2.925581
2.026128
2.573270
1.477235
0.031058
4.961539
3.764591
0.465996
0.500705
1.260832
3.076266
2.953029
0.882967
2.593694
1.032103
1.613797
2.781445
0.096454
1.724877
1.939248
2.297130
3.499639
2.226106
0.139009
2.527254
1.471726
1.471377
0.263117
5.309067
1.511386
0.428704
1.061542
3.190087
2.217252
1.980248
0.728739
2.410135
1.939770
4.866484
5.462586
2.541533
0.021225
3.869860
3.689536
0.006740
1.122202
3.819540
1.082844
1.927284
2.800534
0.239217
0.210978
0.331623
2.310288
0.706832
1.329865
0.540471
0.186342
0.735689
5.516439
2.947232
0.567618
1.225391
2.159940
0.473268
2.119755
2.145436
3.683661
3.137492
0.971048
1.631540
2.266504
2.642115
2.820721
0.698556
0.024676
0.071594
2.369339
1.803994
2.725090
0.611705
5.480343
1.364220
1.018847
2.302065
0.792373
1.846966
0.900944
0.054102
1.222215
0.722308
2.228053
3.620309
0.518090
1.949080
1.765642
0.488955
1.692662
0.089265
0.205839
1.349534
4.776971
2.181519
0.459610
1.502028
2.945813
0.011499
2.193659
0.040001
2.281225
1.693314
1.165968
0.561677
0.257639
2.404009
1.057529
1.372068
0.791567
2.286308
1.815300
1.596566
2.473035
2.269982
4.550474
2.171978
2.387987
3.798244
5.380806
1.288598
2.792432
0.076741
0.677563
2.263797
2.360287
1.716750
0.425324
5.413419
3.582442
1.854731
3.195491
3.314063
1.135750
1.638069
1.045651
2.054452
2.248618
0.961911
2.410334
0.868113
3.380057
0.330246
1.857137
0.198941
2.551638
1.839549
0.297960
0.022106
3.433692
0.188386
0.206505
0.679621
0.224883
2.978777
0.192281
1.009366
0.110935
0.143066
1.964044
5.534647
0.232582
0.554114
1.031000
4.921650
0.814260
4.603611
0.591244
0.030666
5.503216
3.351485
1.098886
2.625556
0.199093
0.956884
0.050403
1.406718
5.391567
2.203917
2.339171
2.535965
0.885934
0.292295
0.792380
0.909268
2.650547
0.399262
0.531874
2.878070
1.276110
1.253923
4.503453
1.889158
2.504295
0.151035
0.014058
0.920186
0.315074
2.030400
0.843059
1.580442
0.595759
3.850806
2.059223
3.056037
1.039467
3.494478
1.055656
1.534317
3.554408
0.008695
1.693216
0.101301
2.546576
0.971278
1.682105
0.495548
0.061178
1.345026
0.658740
2.497879
2.385065
4.306934
0.968168
0.401066
2.875185
1.504047
2.106747
0.132152
0.939823
0.786557
2.778472
2.339886
0.019633
1.258866
0.883151
0.884184
0.546814
0.251126
2.298543
1.449963
2.426553
1.290195
2.898627
2.538723
2.538766
3.744341
2.347693
2.502457
5.014746
0.246025
0.352487
0.910348
2.216316
0.020689
2.238362
1.623238
3.460486
0.842381
1.617032
2.554995
0.074299
0.652284
1.831351
0.939309
0.009417
1.643734
2.005790
3.481352
1.405881
0.183081
0.515589
0.418149
2.398519
3.086430
3.857890
2.098967
0.697708
1.351576
2.026090
0.641994
1.268774
0.447371
2.367088
3.471416
3.164260
3.724909
0.222436
2.380323
3.223162
0.476940
1.436885
1.937463
3.834109
1.430175
1.256917
0.115800
1.270793
1.388204
0.776985
2.169997
1.783940
2.101335
0.994915
1.858348
2.099930
0.474409
3.768425
0.899397
1.568786
1.540724
0.564320
0.550626
2.162858
2.266080
0.688205
2.964710
0.218978
3.260021
2.578648
1.521207
0.383704
0.261617
0.561431
2.020652
0.584862
2.973818
1.759319
6.300896
0.190652
1.575766
2.146727
2.024014
0.569520
1.802877
1.785054
2.653123
1.575423
4.696709
1.480425
2.327642
0.167586
5.131389
0.733865
1.687421
2.879387
0.760859
4.378345
2.637725
0.683044
2.873483
3.247671
1.667417
0.271016
2.097426
1.184961
1.733358
2.302065
1.670994
3.071653
4.521068
1.027395
0.307299
1.582519
3.062208
2.467510
3.114266
1.804334
0.946173
1.835241
3.481407
0.688898
3.387741
1.966391
1.731826
0.791907
2.644736
4.744045
1.263620
1.989279
2.927767
0.065857
2.683518
1.350950
2.234599
0.913288
0.442468
0.647159
3.254962
4.269491
2.004631
3.062721
0.883427
1.065380
0.089303
0.676593
1.659947
0.666760
3.390833
1.471151
0.154385
1.514905
2.515975
2.636759
0.231346
3.462825
0.588742
0.830856
3.270045
1.662665
1.124059
0.994525
3.695260
0.051287
1.419686
2.200561
1.803976
3.290168
3.463067
0.986284
1.551254
2.045759
1.842682
0.087978
2.449348
0.655254
1.996962
0.091001
0.936899
2.149795
0.391630
0.395294
5.499675
0.005678
0.447031
0.329004
0.135334
0.670107
0.080720
1.450739
1.729906
2.528976
2.726677
1.466130
0.960815
0.029134
1.478138
1.092560
0.247184
0.778036
0.282578
0.732119
0.562077
1.832294
1.238771
0.406266
4.785621
3.190597
0.476001
3.655944
0.265304
3.019820
2.307660
1.288888
0.710951
2.439343
2.006994
0.136122
1.128034
2.328618
2.183700
3.318903
0.380656
0.243362
0.534400
1.956304
2.946881
0.949147
3.316591
0.151222
2.055506
0.145590
1.985267
2.599434
1.311372
0.264083
1.665971
2.164790
1.711249
1.616604
0.103455
3.668955
1.478515
3.330308
3.700887
1.571892
0.106607
3.388026
1.627062
1.282507
2.192682
1.318643
2.323540
0.593774
0.179958
2.833448
2.433115
1.760581
2.226578
0.258460
1.499790
3.279940
0.730604
0.491508
0.353165
2.636720
1.645977
3.607967
0.533755
1.249532
3.202838
2.007128
2.431571
0.966932
2.022101
2.306894
0.297089
1.553918
0.992335
0.480649
3.110353
0.481582
0.586568
4.988163
0.622858
0.611908
0.194534
0.759340
2.968775
0.039302
2.361254
1.015943
0.581704
0.295017
1.009037
3.278607
3.404796
2.006734
0.306762
0.758398
4.205079
5.192447
1.855799
0.738557
4.610140
1.040489
2.868467
0.944006
0.750029
0.089142
0.241408
1.902112
4.337191
0.677959
1.207245
1.346097
0.096342
0.373741
1.113176
0.379792
5.360586
1.447425
0.156963
3.224436
2.461475
2.201212
1.259577
1.195046
3.988866
3.950961
3.337313
4.177957
2.885351
0.516805
1.090007
1.717068
2.749558
4.169299
1.313181
0.603146
0.889615
5.550046
0.444930
2.879800
0.600152
2.804833
4.127595
2.556663
0.220692
1.510312
5.048356
0.600229
0.636207
1.389957
0.447561
1.821957
0.022151
0.413938
0.141288
2.277317
0.308605
2.330642
0.167490
1.750869
3.132606
0.349003
3.410318
0.048842
2.868053
1.324797
0.613748
0.218879
0.279509
1.785865
3.024498
1.455422
1.314309
0.005725
1.510638
0.483566
1.151070
2.166980
1.219780
1.510041
2.215564
0.309076
5.304016
2.645109
4.222073
0.766596
0.004324
2.132800
5.682149
2.153803
0.337942
6.092404
2.558324
1.759430
2.557794
2.419573
0.020014
0.048602
2.010416
1.743547
0.314701
3.550259
0.348092
0.017325
0.746561
2.995072
3.665065
0.146277
1.858194
0.690578
0.134515
0.683545
0.743241
5.914578
3.937915
0.100224
3.179001
0.265267
0.035535
1.662116
0.708066
2.380336
1.754712
0.684868
1.520342
3.227634
0.105171
2.393297
1.270095
1.732323
1.506426
2.714149
1.584301
0.046091
1.127762
2.806371
3.878110
3.998960
1.258774
4.807457
2.231549
1.514655
0.658624
0.771197
2.197397
3.483027
0.524502
0.966905
3.706457
4.533259
0.833941
0.473311
0.121726
1.041253
1.905065
0.958671
2.242149
3.688695
1.322967
2.393700
0.248295
2.926428
0.939030
3.684919
3.687405
0.355421
0.353289
0.341629
0.877435
1.378822
0.714089
3.028198
0.038232
1.091931
0.078092
1.869472
1.514964
1.787823
0.315308
2.634400
0.784942
0.080045
2.946974
2.086152
2.155580
0.445587
0.362831
0.440521
1.040109
0.287589
2.152606
0.292203
0.457105
1.548338
3.379182
2.472530
1.540630
6.704202
0.415375
0.949594
2.580380
3.459057
2.155986
0.114942
0.158126
0.041167
2.719612
1.095154
0.162390
2.179227
2.776430
3.410781
2.692753
0.566987
3.233469
0.044252
2.839122
2.401574
2.674176
0.044616
0.247160
2.133568
1.009023
2.244401
0.174977
0.454759
1.307916
2.149581
4.141009
2.680363
3.490294
1.800417
0.040762
1.264148
2.217160
1.402078
1.988417
2.989420
3.437511
0.124185
0.760014
1.001802
3.877071
1.742558
0.378837
1.778472
1.063794
1.338774
4.009432
1.841610
3.189344
3.852086
0.888107
3.615525
0.414755
1.335510
1.051999
2.147335
0.334477
2.306241
5.154837
1.458005
2.877412
0.595288
0.024914
3.062340
0.821820
0.521998
4.686036
3.602309
1.913155
3.948143
2.467411
2.984873
2.416263
2.103587
2.730632
1.692781
3.073246
0.745593
1.123930
2.927212
0.890343
0.648562
4.253612
1.928095
0.147885
1.313996
2.569111
0.843810
0.158377
0.509996
1.238978
2.315996
0.286242
1.299156
2.310092
1.808627
0.781194
2.817016
0.465177
1.315269
0.863817
0.058148
2.467028
1.190632
6.964446
1.452998
0.739585
2.097752
3.377731
1.280116
0.363577
2.403434
0.042283
0.507227
2.743109
2.378394
2.690394
0.619170
2.113569
0.030508
0.356672
0.244314
1.614350
1.116371
3.351359
0.834573
0.622491
0.975359
0.016702
1.659175
1.730025
1.814208
2.999030
2.969273
1.766747
2.093427
0.012467
2.322733
5.124653
0.275473
0.081438
2.361639
0.797859
6.037039
1.680714
0.588090
0.439414
3.173568
1.285074
0.807818
2.219430
0.925316
1.504952
1.302166
2.341716
0.816701
0.583913
1.297134
2.022744
1.994365
1.361161
2.565599
1.237730
2.037218
2.523439
5.419455
2.204216
0.230269
2.950057
1.060421
3.476692
2.104858
2.324130
1.330515
3.367408
3.075382
1.623096
2.236404
3.059846
1.728419
3.924328
1.513751
2.239188
0.382696
2.564697
0.045443
1.684350
1.614079
3.945053
0.072669
0.232814
0.506958
1.908909
2.088539
1.804188
1.803199
0.425768
1.939102
5.028693
0.117232
2.221650
2.290973
0.320610
0.200747
2.392383
0.205170
4.657889
1.092086
2.637570
0.849081
2.370749
3.766780
0.150843
0.796778
1.885877
3.221647
3.537564
1.255126
1.341409
0.952273
1.779823
0.249842
0.381766
0.750982
3.620911
3.560690
0.437131
0.163120
1.929698
2.419420
3.684346
4.089178
0.027114
0.237367
2.412286
1.434712
0.236715
2.370234
1.865557
1.723335
0.424186
3.101533
2.348325
2.706967
1.042847
1.501566
0.348948
2.453324
3.433822
2.432123
1.760156
0.470585
2.662419
0.297856
2.092956
0.245085
2.439853
0.263277
0.174170
2.401565
2.250277
2.809256
0.064182
1.711853
1.040412
2.805628
1.227480
3.501189
1.098184
1.290363
0.399869
2.427777
0.437063
2.979946
2.196362
0.045139
4.617957
2.124012
2.993263
0.187487
3.032463
5.686663
2.831828
2.440857
1.380014
1.084378
0.014454
0.226031
2.535597
2.730678
3.249817
1.942696
1.381562
1.414920
0.252464
0.200688
0.623524
2.185193
2.478250
6.017616
2.409061
1.218694
5.323371
3.469400
2.867024
1.991028
2.447127
1.103307
5.517835
0.856514
0.843665
1.372064
2.257038
0.618595
2.738144
1.516121
3.538702
0.141833
0.648514
2.564848
0.530068
0.440906
3.657327
1.068816
0.865320
0.519303
5.733575
0.357465
1.258619
0.143470
3.596628
1.093625
2.117733
0.046297
3.561658
1.237623
1.263511
0.960392
1.471678
0.052727
2.555978
0.368687
2.912108
1.265908
2.477995
0.747975
0.270369
2.201275
0.172113
4.651109
0.271704
0.315305
1.689954
0.115265
0.700623
2.599751
0.907177
0.060984
0.299334
1.133614
0.894025
0.625386
4.327902
1.058739
0.134429
1.544254
3.276614
5.240658
0.613894
1.744765
3.866299
1.537424
3.521005
0.851634
2.380618
2.189292
0.481780
2.265858
0.198396
0.050370
3.811250
0.897697
0.270145
1.307934
6.349701
1.450649
0.591705
0.335199
0.044578
1.234119
2.347806
0.244289
3.461996
0.645302
0.325270
5.524074
3.629969
2.082478
1.429845
4.429169
2.487394
2.806612
0.426088
2.530859
5.766195
2.133796
2.351378
0.040198
2.212333
4.804159
0.666462
2.804491
3.033382
1.441934
0.565500
2.956542
2.582945
0.215004
3.042191
2.494052
3.347025
0.430085
1.986046
2.919753
2.400122
1.062352
2.738521
5.078414
2.273667
3.266680
1.584228
0.682377
2.228239
3.364590
0.292125
1.538383
2.497500
0.428406
0.046884
3.144195
1.225111
0.885534
1.008680
1.343994
3.089180
0.099256
0.794179
1.331992
0.111585
3.074425
0.051910
1.189577
2.102145
0.527338
2.344976
3.007718
0.653325
0.907011
2.547236
2.174095
3.177007
2.302335
0.971922
2.639837
1.921460
0.947787
1.132521
0.982423
1.920860
3.186447
1.127046
1.030560
2.596933
0.658495
0.787882
1.460871
0.326976
0.593546
5.769333
0.135847
1.667968
1.719236
1.786682
3.111520
1.948533
3.364532
0.563464
2.444316
0.044854
2.327159
1.314223
1.339602
2.707456
1.537471
6.059046
0.182204
1.742507
2.166613
2.462110
7.201266
2.182591
0.225579
0.978033
2.180500
0.100689
2.216407
5.497552
0.295759
2.709073
0.775918
0.957162
2.125561
1.741485
3.167494
0.878940
3.180687
1.263772
1.517392
4.550568
1.554462
0.395211
2.269953
0.279558
3.512160
1.624521
1.785340
1.436149
0.412011
2.351166
3.146741
0.370439
2.992992
3.028828
2.502878
1.495922
3.158195
0.516371
0.947673
2.942700
1.096483
0.296966
0.121835
2.318255
2.192404
0.238839
2.195553
1.003328
2.005812
4.719205
2.029654
0.904728
0.265910
2.719153
3.616027
1.764269
0.245771
1.546013
4.701681
0.534630
0.411943
1.404772
2.466571
1.336309
2.304888
2.260426
0.352087
0.093576
0.631982
3.274468
0.167369
1.619998
4.766032
0.266050
5.245670
4.539645
2.370268
1.240118
2.086055
2.400748
3.623687
0.068128
5.541722
1.161948
1.382581
5.634795
4.006702
2.152253
0.195506
0.018365
0.592316
1.043570
3.594610
0.652629
3.221254
1.869142
1.504862
0.011585
0.453353
1.430372
2.899933
1.614923
3.696247
3.383916
1.353676
1.427454
1.068129
1.441380
2.157100
3.513640
0.430357
1.004838
5.263271
3.487344
0.070888
3.117990
0.278230
0.257866
2.530580
1.842108
2.492365
1.388958
0.578006
1.339678
1.787602
2.227775
1.155545
0.424390
3.525343
2.354885
0.315103
0.057934
2.016609
0.533414
1.087779
2.413285
1.231670
0.120385
0.582963
1.260737
2.177178
0.332794
3.491958
0.203432
1.969877
1.271431
0.599588
3.345432
4.990074
0.307866
1.406583
0.010739
2.720629
3.109289
3.055973
0.759484
2.146103
0.087527
1.515001
3.648702
0.020600
1.624963
1.257465
3.936720
1.004617
1.771198
0.748670
2.718963
4.925026
2.059678
2.549991
0.803967
2.427866
3.423504
2.622176
2.160608
2.172584
3.303606
3.236136
5.417141
0.516291
0.793326
0.335943
4.248748
1.978453
3.689468
0.257233
2.268242
1.016114
2.920152
0.078026
0.184131
0.979454
0.158195
0.861952
2.116504
2.356127
2.165427
2.089387
1.159356
0.730876
0.225197
2.613818
0.276432
1.625633
0.153485
3.258758
2.424746
0.185647
1.425297
1.505245
0.388542
0.989666
2.389850
2.578731
2.591398
1.113471
3.896676
3.284060
2.296842
0.964785
1.694517
0.368291
3.968985
0.474457
2.985616
0.053116
2.263682
1.428179
0.217839
0.723800
3.943756
0.006070
3.448547
2.177134
2.005894
1.708739
0.905942
0.122983
3.414942
0.572644
0.507352
1.284720
1.301626
3.482786
4.114292
4.619874
1.932989
5.326803
0.755148
2.399076
0.259740
1.446652
0.336578
2.055475
2.814448
2.638704
5.239773
3.296046
3.478447
0.476635
0.645384
1.161843
0.008589
1.480658
1.608708
0.118491
0.152301
0.919040
1.960088
4.640308
2.468759
2.499804
1.167818
1.282955
0.625806
1.715171
2.250818
0.503294
0.237553
0.167462
2.379149
1.332818
1.755892
2.364897
1.535124
3.070092
1.964999
2.477431
0.582259
1.273112
2.006511
0.639485
0.798730
2.299510
2.481052
3.174199
0.069721
1.896580
0.197324
0.726392
3.907692
0.197337
2.790041
0.195431
3.002070
2.420767
0.257907
1.639954
0.922314
4.675210
0.626755
2.081131
0.225337
4.806854
2.314856
2.307026
0.214970
0.755853
0.336339
3.161352
0.159087
0.295701
5.208058
0.431300
0.013090
2.405864
0.230812
2.325223
2.304856
0.067900
4.488873
0.380592
4.831380
0.797277
0.960969
2.251711
4.554477
4.781975
3.751449
1.494379
3.822059
0.016593
1.675626
1.800465
1.935376
0.329574
1.488283
2.156677
1.980791
0.659923
0.980856
1.008094
5.332561
0.308955
1.017811
0.046614
4.788676
1.285754
4.952979
1.296958
3.190288
3.497218
2.766675
2.078426
3.363249
2.268667
0.198207
3.519083
1.210585
1.555693
0.067629
2.713010
0.337337
2.199054
0.039081
2.259459
0.194404
1.259112
0.819495
2.041468
3.212610
1.596245
0.122142
5.625342
3.247458
0.227695
2.075226
0.003602
0.578594
0.567190
1.519273
4.021771
1.641997
1.130970
1.551952
2.812208
4.834663
2.650503
2.597856
3.417208
2.855449
0.801064
1.577009
0.638668
2.170023
1.476158
1.824297
3.702617
0.189279
1.711183
1.013496
2.918927
4.631788
0.819368
0.854265
5.227274
0.299343
1.355183
0.461128
0.872420
2.175459
2.156625
0.031988
2.369686
2.385822
5.434169
0.028784
0.230660
1.443762
1.525088
1.734910
0.154999
2.284942
0.163727
0.012198
0.807544
0.058518
4.976170
0.942925
3.022762
1.710751
5.113612
0.461198
3.465698
2.018678
1.218542
2.629140
0.330327
0.813292
1.103142
1.511731
0.994844
0.734278
5.493955
3.072311
2.201239
2.234954
0.455274
0.749155
2.228081
0.254474
2.450049
1.905609
3.664452
3.293306
0.057695
1.748424
4.247824
4.040419
2.689896
0.118714
0.408677
1.550080
1.377168
0.362748
2.361866
0.969510
0.658777
3.534501
0.267791
0.091368
4.577662
0.594093
1.463283
1.315038
0.134152
0.140959
0.570737
3.493323
1.089166
0.387940
6.219344
0.072476
1.749867
6.933722
0.428872
4.122503
3.503938
2.017835
2.237219
2.690105
0.200488
1.275179
0.498584
1.551735
3.910684
3.937028
2.646914
0.454630
2.109027
0.926308
0.362286
4.966141
2.609075
2.378140
2.182733
3.153264
1.369060
2.404220
1.350352
0.255540
2.109192
3.451114
1.444712
2.995496
4.303422
1.292677
5.376651
2.426320
1.738181
2.664171
1.954488
1.916045
2.309417
2.598314
2.135978
1.327709
5.317378
0.195845
2.793909
2.342703
0.066992
2.439287
2.929898
0.916683
0.058348
4.125328
1.478629
2.914777
0.030008
2.497814
1.960315
0.663751
3.810518
0.319140
0.407179
2.323770
2.265588
1.533732
1.302273
1.905273
0.565850
2.713602
3.937223
0.734288
2.826575
0.186022
1.724277
0.378795
0.483694
3.516433
0.023930
1.943883
1.558868
0.249846
0.391793
0.210810
2.473231
0.172612
1.414706
2.185763
0.447518
0.356032
2.358823
1.305297
2.270980
2.229651
2.922562
1.809879
2.405044
1.323898
0.355901
2.852500
1.592753
1.760075
1.888590
0.155441
4.192187
5.269796
2.842579
5.365657
1.458104
2.023061
2.041984
3.677643
3.830148
1.582163
4.525620
2.630838
2.080266
1.050703
0.352454
1.511726
1.375081
0.179196
6.008757
0.605503
2.308781
0.869977
2.810590
1.654911
1.081534
0.448573
4.045943
0.672672
0.732106
0.551117
2.586550
0.396588
1.730217
0.866337
2.013631
0.552594
2.558700
2.936537
0.154791
3.001424
3.104351
0.575185
1.501759
5.317604
2.424729
0.055133
2.048866
2.638356
0.100698
1.250565
1.066117
1.092551
2.034178
2.248798
3.066215
1.555637
2.345333
2.100208
0.200338
0.484413
0.974648
0.200014
