-0.273608 1.635470
0.359942 0.618800
-0.406506 1.530010
-0.238681 1.705650
0.057815 -0.019491
0.147536 0.525939
-0.365309 1.449510
-0.885539 1.117840
0.627072 0.025333
-0.639119 1.271030
-0.531846 1.584650
-0.501120 1.401970
-0.829828 1.094240
-0.536069 1.453520
-0.350910 1.646700
-0.184161 1.733550
0.427688 0.516605
-0.718047 1.220930
-1.101010 0.633537
0.601230 -0.105751
-0.167441 0.436475
-0.750236 1.429570
-0.701295 1.397410
-0.545102 1.451560
0.525195 -0.041875
0.103060 0.061699
-0.380923 1.599390
-0.456909 1.469660
-0.462976 1.797760
0.130383 0.274409
-0.651910 1.417250
-0.598025 1.441740
-0.773186 1.289830
-0.678883 1.350080
-0.671689 1.155030
-0.215377 0.404105
-0.381466 0.118517
-0.982840 0.833866
-0.037845 -0.267534
0.398575 0.003472
0.601120 0.419353
0.735222 0.229791
0.234311 0.058067
0.215597 0.359540
-0.482219 1.432020
0.770960 0.166083
-0.307431 0.756228
-0.475310 1.375590
-0.486147 1.611120
-0.900078 1.253770
1.114240 -0.016787
-0.642488 1.695500
-0.317827 1.368630
-0.316304 1.554300
-1.178900 1.687710
-1.058690 0.674317
-0.671752 1.067880
-0.317306 1.719070
-0.308962 1.458260
-0.699559 1.235670
-0.647495 1.351630
-0.593301 1.135100
-0.796047 1.347850
-0.745426 1.469680
-0.626558 1.168500
-0.687255 1.419630
-1.152730 1.630100
-0.529553 1.488290
-0.230230 0.197195
-1.070410 0.378382
-0.329545 1.660580
-0.409020 1.585590
-0.419036 1.510380
0.728461 0.107956
-0.681434 1.271000
0.342230 0.023158
-0.195568 0.309061
-1.136310 1.099770
-0.512471 1.731150
0.386424 0.307069
0.593446 0.101129
-0.525225 1.490570
-1.103010 0.232490
-0.816175 0.398449
-0.499958 1.378590
-0.725894 1.378820
-0.455143 1.706270
-0.270122 0.276297
0.436932 -0.155052
-0.588636 1.577250
-0.396890 0.538018
-0.698041 1.162090
-0.322970 1.790140
-0.871721 0.845718
-0.621482 1.352320
-0.201195 1.759170
-0.790354 1.474250
-0.006281 0.372711
-1.319470 0.802891
0.244953 0.162391
-0.475640 1.546950
-0.388888 0.507317
-0.943762 1.172730
0.496907 0.086034
-0.681572 1.288470
-1.392130 1.496030
0.593376 0.106946
-0.614136 1.288170
-0.843319 1.111120
-0.041323 0.056660
-0.043439 0.520639
0.368678 -0.042922
-0.428923 1.666060
-0.312691 0.448853
0.294024 0.070645
-1.059250 0.241807
-1.787640 1.265030
0.117725 0.118306
-0.561417 1.463200
-1.402550 0.696185
-0.484069 0.251390
-0.549181 1.436540
-0.370550 1.448110
-0.599161 0.275836
-0.835628 1.311210
-0.935292 1.282310
0.463353 0.324518
-0.699101 1.345960
-0.436556 1.565710
-0.727704 1.282460
-0.034348 0.372224
-0.799117 1.185560
0.569013 0.065905
-0.776696 1.289010
-0.457557 1.482720
-0.555190 1.589720
-1.473260 1.858800
0.045431 0.021240
-0.525327 1.593430
-0.278068 1.581340
-0.114694 0.481850
-0.616766 1.280150
0.870341 -0.037177
-1.029160 1.149140
-0.103066 1.560940
-0.329368 0.288121
-0.432751 1.389980
0.511891 0.123564
0.227239 0.005998
0.319456 0.426342
-0.144858 0.634551
-0.726789 1.191100
-0.539079 1.433770
-0.536723 1.416530
0.345263 0.253579
-1.011060 1.030950
0.106116 0.594146
-0.646857 1.492920
-1.778400 1.552380
-0.438733 1.343920
-0.872473 1.211790
0.094608 0.509117
-0.835238 1.214600
-0.262204 1.817680
-0.809775 1.141050
-0.588304 1.451740
-0.619710 1.194840
-0.804002 1.183560
0.099182 0.429887
0.106218 0.702885
-0.365056 1.629600
-0.725185 1.544750
-0.594608 1.164390
-0.644547 1.260590
-0.315349 1.799000
-0.631343 1.408990
-0.692735 1.331860
0.707319 0.048054
-0.053612 1.485760
-0.148407 0.488104
-0.727987 1.235310
-0.884238 1.029860
-0.563654 0.466086
-0.536305 1.447190
-0.149235 1.733050
-0.505496 1.472190
0.108599 0.387025
-0.542937 1.683790
-0.696458 1.148320
-0.739616 1.370020
-0.569515 1.517040
0.158457 0.316771
-0.633278 1.554210
-0.607780 1.605540
-0.752374 1.390920
0.204082 0.135551
0.818924 0.073274
-0.963922 1.157900
0.328102 0.296272
-0.029476 0.384937
-0.431842 0.010953
0.024408 0.436967
0.383922 0.254992
-0.304667 0.749838
-1.538330 1.543510
0.574210 0.049556
-0.477650 0.552001
-0.593340 1.371160
-0.457615 1.647080
-0.158886 0.530878
-0.282589 0.518878
-0.318664 1.800600
-0.653624 1.265190
0.256071 -0.334273
-0.088998 1.604250
0.350607 -0.006052
-0.262785 0.250255
-0.707067 1.678920
-0.878135 1.239300
-0.880859 1.008600
-0.873644 1.133060
-0.931607 0.930879
0.456701 -0.100988
-0.405240 1.701560
-0.822000 1.483960
-0.768780 1.152010
0.416208 0.539104
-0.462374 1.441500
0.857430 0.027306
-0.475111 1.453170
-0.395704 0.462142
-0.415882 1.324490
-0.651021 1.288890
-0.550391 1.423850
-0.880121 0.624767
-0.682371 1.320440
-0.600832 1.478910
-0.354158 1.539460
-0.494302 1.423870
0.567051 -0.164494
-0.686369 1.347870
-0.614072 1.220110
-0.639503 1.343800
-0.618864 1.338520
-0.225160 1.565860
-1.632410 0.273453
-0.672681 1.396240
-0.388704 1.504300
-0.879958 1.163270
-0.763167 1.813460
-0.415615 1.428030
0.436598 0.696633
-0.788116 1.279650
-0.523757 1.448810
-1.272830 1.846340
0.604498 0.333131
-0.880013 1.222570
-0.700075 1.626380
-0.686142 1.317090
-0.810124 1.130290
-0.576489 1.462580
-0.880023 1.291950
-1.546520 1.570190
0.248787 0.155778
0.303157 0.241619
0.032372 0.284950
-0.537976 1.617980
-0.584386 1.509690
-0.391019 1.462380
-0.713991 1.167940
0.402374 -0.125912
-0.443460 1.614380
-0.458207 1.414430
-0.113191 0.251372
-0.848622 1.071520
-0.872450 1.278050
-0.857993 1.675500
0.344865 0.121605
0.089562 0.272005
-0.449067 1.536110
-0.589337 1.424500
-0.309995 1.576970
-0.712387 1.276090
0.637033 -0.096578
-0.618243 1.234500
-0.280958 1.521600
-0.642011 1.495940
-1.269240 0.520643
-0.880857 0.947925
-0.548985 0.407622
-0.508812 1.653150
-0.050172 1.862130
-0.821770 1.111770
-0.897060 1.023380
-0.204088 0.124918
-0.576562 1.415370
-0.954265 0.998760
-0.468240 1.516520
-0.317738 1.371020
-0.836443 1.129790
0.375218 0.035863
-0.511166 1.363560
-0.498002 1.469580
0.515780 0.033299
-0.749084 1.373950
0.705511 0.195456
0.330056 0.259750
0.457825 0.647880
-0.776183 1.383690
-0.525255 1.572430
-0.127304 1.629750
0.545789 0.104258
0.284006 -0.010120
-0.609536 1.452870
-0.801868 1.134000
-0.640370 1.225490
-1.035000 1.250220
-0.023965 0.552253
-0.547270 1.472980
0.648994 0.023182
-0.567403 1.269480
-0.651427 1.519310
-0.783639 1.246850
-0.525424 1.549390
-0.900834 1.377910
0.718099 -0.021121
0.023426 0.325401
-0.455257 1.708760
-0.422734 0.605427
-1.068650 0.822153
-0.915822 1.385640
-1.375790 0.687371
0.389151 0.244668
0.485971 0.256914
-1.644990 0.722541
-0.640941 1.442730
-0.736165 1.287030
-0.504230 1.322630
-0.161172 1.667710
-0.522269 1.459560
-0.770711 0.988050
-0.774379 1.053960
0.353897 0.597509
-0.749867 1.401710
0.682930 -0.053485
0.270649 0.456386
-0.524352 1.509850
-0.795089 1.201540
-0.945514 1.250460
-0.816391 1.317490
-0.536104 1.450070
-0.203427 1.724240
-1.021960 0.951359
0.249103 0.648656
0.744328 0.010185
-0.677656 1.319290
-0.508904 1.598260
-0.380419 1.604400
0.044643 0.331120
0.920755 -0.097550
-0.017960 1.844820
0.254880 0.106099
-0.433595 1.660420
0.635951 0.073043
0.335673 0.156682
-0.559105 1.576540
0.611240 0.046620
-0.732970 1.238740
0.063355 0.340673
0.393182 0.573678
-0.578220 0.604858
1.017300 -0.074776
-0.482655 1.438090
-0.358357 1.338950
-0.490328 0.646427
-0.650348 1.471260
0.746388 -0.002142
0.732814 0.132369
-0.613215 0.893881
-0.858120 1.045370
-0.854994 1.074230
-0.463077 1.527040
-0.918065 1.170880
0.702946 -0.012969
-0.316914 1.660170
-0.136948 0.472063
-0.365385 1.386130
0.895537 0.029958
-0.830617 1.123430
0.328519 0.018854
0.819611 0.110981
-0.435149 1.451140
-0.296565 1.271760
-0.834092 1.147490
0.736166 0.083948
0.621182 -0.047590
-0.602173 1.278370
-0.554911 1.317080
0.904758 0.026769
-0.998401 0.881183
-0.570433 1.572430
-0.469058 0.380963
-0.677586 1.302750
-0.573513 0.372711
-0.264809 0.586052
0.532363 0.105971
-0.384763 1.577390
-0.710569 1.319180
-0.770052 1.314890
-0.490936 1.233360
-0.562268 1.306780
0.026574 0.039313
-0.940717 0.981801
-0.776053 -0.382514
-0.436829 1.551370
0.411176 0.041281
-0.607378 1.119640
0.863432 0.067323
-0.788807 1.256230
-0.885194 0.982803
0.839239 0.042195
-1.130360 1.041310
-0.755671 1.477910
-1.578620 0.672166
-0.681717 1.546690
-0.153036 1.666360
-0.444178 1.523330
-0.631278 -0.047457
-0.615792 1.248390
-0.211645 1.645350
-0.704825 0.963931
-0.766718 1.170290
-0.446028 0.994095
-0.405339 0.548618
-0.485473 1.365900
-0.434506 0.383250
-0.889229 0.721756
-0.210873 1.762460
-0.430865 1.586930
-0.683916 1.064250
-0.831499 1.334720
0.754017 0.100197
-0.135277 0.545621
-0.971454 1.015840
-0.716999 0.927415
-1.517300 0.508591
-0.700717 1.482970
-0.612582 1.485160
0.464378 -0.020087
-0.618779 0.520842
0.939199 -0.008191
0.427777 0.461950
-0.224609 1.590810
-0.838698 1.276670
-0.389736 1.786890
-0.282266 0.711082
-0.513231 1.615420
-0.696431 0.624763
-0.689650 1.072810
-0.996955 1.033320
-0.825566 1.177300
0.345638 0.380063
0.615368 -0.267123
-0.539857 1.255870
-1.042440 1.002810
-0.321369 1.895130
-0.621178 1.366770
-1.160310 0.947307
-0.936254 1.129200
0.844685 -0.067240
-0.849861 1.156850
-0.482380 1.400230
-0.756398 1.360550
-0.403205 0.668679
-1.043300 1.453620
-0.553497 1.700110
-0.063357 0.152357
-0.326927 1.549250
-0.822480 1.110010
-0.597296 1.364890
-0.511674 1.615120
-0.556964 1.205270
-0.765641 1.188450
-0.796236 0.767972
-0.659977 1.566880
-0.543555 1.388470
-0.783630 1.439450
-1.101510 1.074690
-1.101720 0.804440
-0.438123 1.501620
-0.144843 1.515440
-0.488396 1.619830
-0.344876 1.694510
-1.250530 0.686940
-0.254238 1.555640
-0.515959 1.655890
-0.318651 1.716220
-0.164385 0.032944
-0.624166 1.386780
-0.887518 1.044320
0.069539 0.433657
0.616354 -0.076770
-0.396347 1.211720
-0.688403 0.888952
-0.830139 1.125180
-0.954018 1.170870
-1.052810 1.023960
-0.873593 0.980995
-0.600722 1.363540
-0.154151 0.576761
-0.757771 1.191220
-0.476136 1.752730
-0.633931 1.405430
-0.845950 1.257570
0.247249 0.124976
-0.698805 1.254030
-0.476911 1.413340
-1.289090 1.842800
-0.537114 1.456440
-0.700360 1.242310
-0.631583 1.468860
-0.563914 1.498150
-0.789498 1.191850
-0.509905 1.443240
-0.429463 1.736420
-0.514014 1.237220
-0.896875 0.871296
-1.104630 1.120170
-0.408910 1.366540
-0.599141 1.575780
-0.552714 1.418030
0.734508 -0.020170
-0.584141 1.600910
-0.705278 1.329680
-0.474414 1.649190
-0.409346 1.554750
-0.807191 1.285560
-0.743400 1.211490
-0.281913 1.490020
-0.543102 1.255350
-0.700130 1.397630
0.110905 0.836343
-0.030014 0.674751
-0.592938 1.528190
-0.222553 0.109852
-0.690434 1.376820
-0.538248 0.585198
0.145188 0.388420
-0.244855 1.664860
-0.797342 1.301240
0.077375 0.552294
0.502842 0.180935
-0.666833 1.352880
-0.805008 1.103120
-0.239647 0.431808
0.223032 0.083574
0.945288 0.140239
-0.385571 1.574870
-0.460177 1.578910
-0.387032 1.511190
0.291577 0.038773
-0.884983 0.805217
-0.546291 1.280560
0.264861 -0.153735
-0.657513 1.327200
-0.909629 1.337500
-0.453335 1.540890
-0.837684 0.978012
-0.447275 1.814270
0.543928 0.020013
-0.668398 1.290260
-0.245048 1.792450
0.005847 0.481742
-0.996527 1.053070
-0.315245 1.791770
-0.537339 1.406520
0.318239 0.643501
-0.839325 1.043160
-1.225880 1.010310
1.001550 -0.087531
-0.961018 1.157570
-0.485409 1.467400
-0.668362 0.925829
0.782411 0.067259
0.641909 0.050726
0.543572 -0.107547
0.533511 0.029880
0.197900 0.152735
-0.633676 1.504150
-0.458682 1.561200
-1.188420 0.918171
0.156991 0.155749
-0.723158 1.070150
-0.518190 1.190030
-0.468484 1.580000
0.517575 0.099040
0.261385 0.618540
-0.369915 1.679980
-0.748826 1.337410
-0.650294 1.451960
-0.488587 1.181200
-0.274773 1.796750
0.366242 -0.194986
-0.780251 1.267970
-0.336034 1.479890
-0.419710 0.312034
0.516907 -0.088464
-0.338437 0.467061
-0.849920 1.257200
-0.369367 1.359250
-0.141814 0.546263
-0.719988 1.296520
0.434615 0.008767
-0.828287 1.123720
-0.691349 1.239140
-0.966766 0.712685
-0.758958 1.238610
-0.357483 1.556980
-0.696553 0.043738
-0.800468 1.245610
-0.418786 1.451120
-0.554506 1.370660
-0.612992 1.542950
-1.161090 1.057510
-0.527053 1.494450
-0.506129 1.189320
-0.845842 1.121950
-0.376845 1.518810
-0.405730 1.563590
-0.857424 1.251840
-0.956071 0.666412
0.438881 0.522586
-0.795683 0.998560
-0.609576 1.310030
-0.807483 1.174430
-0.913101 1.581820
-0.880442 1.787200
0.528637 0.159035
-0.476001 1.369190
-1.075800 0.309107
-0.277057 1.639590
0.547417 -0.157020
-0.534181 1.291690
-0.775032 1.171310
-0.481544 1.483050
-0.565497 1.517660
-0.329555 1.418310
-1.498510 0.688184
-0.768209 1.347540
-0.849338 1.309840
0.531907 0.058400
-0.547301 1.399230
-0.394266 1.602810
-0.758323 1.425580
-0.742208 1.275290
0.264841 0.869364
-0.424615 1.738610
-0.639270 1.326960
-1.239840 0.694137
0.141058 0.267966
0.253599 0.159675
-0.300570 1.752140
-0.560697 1.244370
-0.217704 0.774208
-0.931826 0.412741
-0.279647 1.339290
-0.453186 0.813774
-0.142033 1.596400
-0.401004 1.642630
-0.643997 1.190400
0.409475 -0.017634
-1.049200 0.770708
0.468006 0.623063
-0.630380 1.178160
-0.790049 1.217750
-0.315779 1.571140
-1.459280 1.906470
-0.463430 1.421070
-0.410222 1.854260
-0.781634 1.301490
-0.860314 0.849754
-1.421300 0.540382
-0.448410 1.810540
-0.625266 1.316920
-0.400694 1.371510
-1.104150 1.569630
-0.649748 1.242270
-0.370217 1.663430
-0.806570 1.066610
-0.731524 1.357400
-0.235333 1.567250
-0.584968 1.439210
-0.716029 1.246710
-0.530024 1.404140
0.065795 0.513680
-0.695324 1.274930
0.204744 0.171116
-0.674045 1.365900
0.435467 0.130464
-0.589489 0.589832
-0.459609 1.600350
0.653468 0.309968
-0.595969 1.440550
-1.146520 0.752185
0.537745 0.050270
-0.670167 1.468110
-0.467983 1.571260
-0.675591 1.404570
0.521518 0.148924
-0.293812 1.910270
0.651912 0.091403
-0.827698 1.069840
-0.572084 1.420670
0.503030 -0.022485
-0.441801 1.628500
-0.511032 1.292430
0.485846 0.205062
-0.252030 1.689730
-0.787910 1.433790
-0.694786 1.597170
-0.653960 1.439600
-0.747185 1.889800
-0.430866 0.451966
-1.467450 0.728698
-0.485448 1.641490
-0.549304 1.439410
-0.479341 1.234660
-1.287670 0.079331
-0.088127 0.454904
-0.508097 1.574490
0.873910 0.430876
-0.125873 0.329878
0.358095 0.082708
-0.337515 0.560095
0.232854 0.398504
-0.596757 1.418120
-0.588588 1.384420
0.532820 0.179877
-0.274534 1.511460
-0.595497 1.503010
-0.184346 0.106335
-0.514102 1.381550
-0.541792 1.474720
-0.617321 1.245860
-1.075380 0.707534
-0.067794 1.923410
-0.573802 1.492060
-0.953600 0.962992
-0.601511 1.545930
-0.578320 1.485290
-0.408371 1.454410
-0.321604 1.654260
-1.068020 2.133470
0.055419 0.746278
-0.641174 1.349680
-0.921322 0.720094
-0.708531 1.335340
-0.567430 1.403230
0.735422 0.098369
-0.623201 1.246170
-0.745541 0.989777
0.510355 0.143710
-0.557382 1.299190
-0.216803 1.694910
0.710242 0.260924
-0.621176 1.430600
0.104975 0.325547
-0.904034 1.215080
-0.687922 1.562820
-0.344906 1.438960
-1.033740 1.242630
-0.668991 1.124350
-0.550691 1.412420
-0.878073 1.237130
-0.742333 1.602200
-0.597336 0.780304
-0.897311 0.382889
-0.736504 1.115200
-1.278620 1.292670
-0.178291 1.619950
0.594050 0.107460
-0.363052 1.527260
-0.592484 1.562570
-1.011830 1.195150
-1.174850 1.143050
-0.659684 1.467700
-0.773110 1.387740
-1.220480 0.541196
-1.307290 0.380429
-0.794739 1.334090
-0.747752 1.334020
-0.467789 1.537990
-0.700563 1.159610
-0.867239 0.974858
-0.759795 1.404440
0.003932 0.392658
-0.852637 0.446499
-0.535895 1.253880
-0.295717 0.442077
-0.508286 1.559580
-0.307011 1.899530
-0.465880 1.357700
-0.867750 0.458573
-0.612836 0.725152
-0.691565 1.399110
-0.414215 1.607330
-0.591799 1.316550
-0.850572 1.212150
-0.270876 1.761170
-0.763493 1.362010
-1.039660 0.705881
-0.533755 1.432510
-0.742096 1.131800
-0.630732 1.360570
0.413782 -0.046650
-0.220645 1.670500
0.369984 -0.005202
-0.466811 1.438790
-0.921496 0.840341
-0.755465 1.168680
-0.478087 1.505810
-0.451700 0.375754
-0.821444 1.452990
-0.105393 0.463502
-0.751809 1.314070
-0.736774 1.276390
-0.609179 1.289830
-0.824530 1.114400
-0.427560 1.502330
-0.098427 0.463864
-0.413349 1.531270
-0.693849 1.242420
-0.227044 1.635690
-1.023150 0.613786
-0.150956 1.642510
0.690612 0.096121
-1.390430 -0.197305
-0.377870 1.589540
-0.431618 1.393590
-0.299670 0.385793
-1.201650 1.090850
-0.046845 0.442341
-0.649903 1.344060
-0.673753 1.358150
-0.569205 1.399510
-1.168220 0.932779
-0.611451 1.213460
-0.576901 1.492770
0.224153 0.068250
0.032808 0.157070
-0.870993 0.649969
0.070163 0.124360
-0.358386 1.561340
-1.265850 0.741327
-0.519429 1.499790
0.432428 -0.145911
0.160720 0.319052
-1.071420 0.787850
-0.498234 1.491600
-0.595481 1.329730
0.310008 0.175199
-0.543238 1.277240
-0.456284 1.783200
-0.442404 1.548270
-0.733845 1.355180
-0.928136 1.144270
0.330823 -0.049832
-0.081383 0.785654
0.180972 -0.045925
-1.031280 0.579770
-0.574752 1.177730
-0.513626 1.499050
0.601761 0.042057
0.252297 0.165745
-0.321057 1.769170
0.858257 0.066500
-0.162593 1.912250
-0.837315 0.646570
-0.535137 1.517340
-0.705511 1.191250
-0.281180 1.643070
1.068120 0.001474
-0.862123 1.364970
-0.554811 1.547510
-0.884322 0.986649
-0.671300 1.174890
-0.319830 1.762360
-0.066443 1.586650
0.740178 -0.067134
-0.643819 0.446572
-0.358193 0.158029
-0.758665 1.151950
-0.953979 0.531587
-0.564669 1.326710
-0.253434 1.740700
-0.858979 1.260250
-0.032980 0.452500
-0.631496 1.469870
0.921586 -0.001404
-1.699010 0.593716
0.476596 0.006036
-0.544727 0.488512
-0.762151 1.204380
-0.589191 1.397000
0.422064 0.453107
-0.744875 1.405440
-0.498754 1.372330
-1.176630 0.319360
-0.801595 0.438054
-0.183456 1.675500
-1.327420 0.520586
-0.888269 1.412260
-0.098156 0.213650
0.236781 0.282565
0.354614 -0.054578
0.562590 -0.148088
-0.360218 1.401060
-1.103160 0.685790
-0.681130 1.205620
-0.372512 1.729460
-0.890854 1.457680
-0.480466 1.657140
-0.757172 1.192600
-0.697165 1.777170
0.870213 0.019388
-0.594175 1.473110
-0.383112 1.744940
0.208408 0.522452
-0.547960 1.289940
-0.453119 1.503430
-0.392212 1.641030
-0.901744 1.211170
-0.215104 1.537710
-0.691154 1.382160
0.575261 0.055446
0.249642 0.207842
-1.008460 1.016280
-0.797975 1.165580
0.219840 0.567814
-0.457822 1.424560
-0.642683 1.569280
-0.306636 1.676930
-0.605933 1.372980
0.259145 0.394673
-0.800430 1.380450
0.313268 1.304500
0.472449 0.064618
-0.705627 1.193950
-1.014360 0.920686
-0.334955 1.269950
-0.255487 1.729180
-0.399924 1.533320
-0.104070 0.360857
-0.533437 1.492740
-0.369614 1.553880
0.077959 0.054286
-0.115278 0.564594
0.332599 -0.113318
-0.563916 1.301340
0.606092 0.182787
-0.608906 1.399650
-0.410668 1.512920
-0.694150 1.361350
-0.342476 1.785590
-0.808113 1.359500
-0.749153 0.522246
-0.313422 1.592720
-0.500864 1.616130
-0.459656 1.360380
-0.581422 1.405860
-0.907552 1.286680
-0.600491 1.162810
0.349894 0.098580
0.199401 0.604505
0.017935 0.056160
-0.856144 0.997963
0.710754 -0.094998
-0.587676 1.410000
-0.774217 1.527460
-0.841389 1.797110
-0.604754 1.487650
-0.543917 1.499920
-1.106220 0.979444
-0.766828 1.163880
-0.635586 2.073360
-0.375076 1.780410
-0.552183 1.575910
-0.748433 1.247710
-0.965192 0.695537
0.682542 0.023919
-0.397600 1.686350
-1.081150 1.008410
-0.374394 1.467200
0.650011 0.099947
-0.587482 1.616700
0.335221 -0.077212
-0.754870 1.163860
-0.759505 1.206850
-0.921911 1.170060
0.588216 0.175339
-1.042590 0.997406
-0.363065 1.431190
0.121359 0.061561
-0.742328 1.114500
-0.965187 0.928267
0.423098 0.278598
-0.905574 -0.003532
0.886553 0.072496
-0.696579 1.307730
0.053071 0.010236
-0.637776 1.550260
0.875118 -0.143494
-0.877833 1.385940
0.926218 0.010313
-0.929311 1.157740
-0.270490 0.697717
-0.881860 1.483370
-0.978240 1.049200
0.318391 0.209840
-0.181123 1.504900
-0.397385 1.354730
0.947716 0.184258
-0.831412 1.041030
-0.152705 0.523056
-0.510487 1.579620
-0.674862 1.644140
-0.504244 1.501630
0.821278 0.003522
-0.964310 1.162900
-0.178569 -0.025923
-0.501015 1.458530
-0.625202 1.314430
-0.370855 1.550850
-0.834510 0.989157
-0.280143 1.464680
0.631592 0.143103
-0.862720 1.371370
-0.380412 1.558920
-0.956254 1.249720
-1.007220 0.178793
-0.467446 1.495520
-1.081750 1.006060
0.110845 0.381541
-0.593362 1.505930
-0.682974 1.312860
0.307620 -0.072318
-0.679434 1.374550
-1.308950 0.354181
-0.850188 1.287110
-0.382597 1.850280
-0.302565 1.630640
0.201720 0.392747
-0.022594 1.819770
-0.558398 1.376440
-0.435046 1.671340
0.377597 0.139778
-0.258375 0.243077
0.520223 -0.199712
-0.872665 1.075180
0.698630 0.050687
-0.864265 1.202830
-0.240779 1.563270
-0.568382 1.516680
-0.741376 1.271110
-0.771109 1.171490
-0.993039 1.418110
-0.675528 0.692479
-0.756704 1.262650
-0.569118 1.365220
-0.538023 1.198110
0.188548 0.297612
-0.074704 -0.049729
-0.734683 1.729840
-0.547683 1.476890
-0.490897 1.425230
-0.317593 0.518213
0.501618 -0.003748
-0.596241 1.489150
-0.228600 1.509560
-0.865443 1.375000
-0.220376 1.614320
-0.583924 1.529400
-0.635894 0.496668
-0.353718 1.841310
-1.167090 0.926314
-0.645348 1.541340
0.718697 0.079967
-0.514827 1.380710
0.159574 0.253355
-0.313912 0.703084
0.240828 0.357699
0.348878 0.042457
-0.366635 1.588470
-1.059410 1.192190
-0.547042 1.358890
-1.015120 1.167550
-0.425544 1.573510
0.286526 0.294224
-0.644547 1.298770
-0.607024 1.337060
0.186160 0.325129
-0.878193 0.922468
-1.186860 0.900632
-0.543297 1.412640
-0.312811 1.801240
-0.861657 1.250990
-1.123330 0.761727
-0.602972 1.597060
-0.248502 0.175193
-0.888959 1.136490
-0.708346 1.127880
-0.599693 1.511740
0.166902 0.185128
-0.748960 1.249250
-0.998695 1.329700
0.236623 0.135392
-0.504883 1.501570
-0.400454 0.940101
-1.064150 0.973253
-0.150640 0.241870
-0.558219 1.513780
-1.078740 0.697701
-1.227920 0.050767
-0.118477 0.265081
-0.909438 1.382820
-0.659378 1.150840
-0.698567 1.155940
-0.576707 1.443500
-0.658731 1.415100
0.536273 -0.133431
0.255618 0.530263
-0.529438 1.081980
-0.238582 1.545000
0.643546 -0.022457
0.482444 0.052453
-0.544642 1.368550
-0.605052 1.332510
-0.372371 1.517930
-0.599267 1.122860
0.145071 0.197007
0.210112 1.046810
0.224748 -0.027169
-0.622752 1.192910
-1.544090 0.277912
-0.969128 0.590800
-0.127292 0.640689
0.339851 0.149025
0.148980 0.138822
-0.294314 1.725620
-1.663430 0.303276
-0.582850 1.579530
-0.376480 1.695680
-0.663393 1.148820
-0.954273 0.890786
-0.796094 1.219930
-1.051710 0.773071
0.708762 -0.035371
-1.184270 0.574039
-0.460890 1.545610
-0.753437 1.192980
0.577751 -0.136956
-0.745564 1.218720
-0.426635 1.625800
1.050920 0.033706
-0.528874 1.284070
-0.833516 1.157640
-0.776223 1.275320
-1.324300 2.082880
-0.392856 1.590600
-0.326960 1.491870
-0.462798 1.547280
-0.596942 0.968429
-0.482728 1.675030
0.265059 0.133625
-0.539993 1.490590
-1.252710 1.015990
-0.647992 1.172790
0.600140 0.017647
-0.437334 1.386020
-0.352636 1.432720
-0.512859 1.451250
-0.961537 0.835445
-0.677706 1.420980
-0.077526 0.221687
-0.272839 1.584640
-0.183181 1.867530
-0.634414 1.521400
-0.710207 1.298410
-0.140794 0.508231
-0.534837 1.392700
-1.557540 0.518213
-0.441713 1.588200
-0.409707 1.592360
0.482173 0.129574
-0.656379 1.350860
-0.813084 1.203980
0.199651 -0.044576
-0.852349 1.164370
-0.532688 1.500590
-0.666608 1.421570
-0.262511 1.673110
-0.826649 1.288600
-0.788323 1.294310
0.967316 -0.150517
-0.391422 1.716740
-0.494942 1.444740
0.486407 -0.022442
-0.024314 0.003621
-1.696330 0.464764
-0.437224 1.427780
0.815381 -0.021403
-0.723067 0.323006
-0.352746 1.425760
0.442507 0.542201
-0.309907 1.597300
0.354019 0.256375
-0.158541 1.683820
-0.644130 1.478670
-0.013224 0.384556
-0.598239 1.479890
-0.611606 1.376290
-0.857834 0.411281
-0.763526 1.149000
-0.484287 1.426430
0.553988 0.013437
0.044928 2.068170
-0.870672 1.313960
-0.790164 1.224880
-0.678509 1.271190
-0.596088 1.438330
-0.631458 1.185000
0.116365 0.349704
-0.701875 1.305020
-0.454122 0.279918
-0.670114 1.224630
-0.398493 1.564390
-0.047085 1.293230
-1.281100 0.584039
-0.160628 1.764730
-0.259006 1.583290
-0.443479 0.883042
0.420721 0.271078
-1.086260 1.170540
-0.427239 1.623010
0.110778 0.229429
-1.632900 0.208679
0.774620 0.136479
0.312235 0.247319
-0.602383 1.427270
0.389392 -0.081019
-0.682508 1.851310
-0.694413 1.447260
-1.131840 0.765541
-0.862041 0.804702
0.535093 0.089634
-0.405951 1.650530
-0.418133 0.357574
0.084700 0.221724
-0.532480 1.538180
-0.883065 1.478560
0.124986 0.249542
-1.029480 0.622221
-0.630534 1.277520
-0.188338 1.802040
0.448017 0.370311
0.335239 0.264655
-0.681036 1.168920
-0.264648 0.338364
-1.643430 0.448987
-0.009943 0.381383
-1.134170 1.170820
-0.800910 1.044960
-0.800652 1.194980
0.324374 0.208997
0.099820 0.675939
-0.543441 1.543410
-0.858993 1.343730
-0.261453 0.389681
-0.575707 1.316030
-0.599884 1.434590
0.019818 0.663980
-0.846893 1.080300
-0.445265 1.676060
-0.280135 1.644520
-0.922243 1.189870
-0.025486 0.076352
-0.643682 1.351390
-0.626847 1.533710
-0.910400 1.217330
-0.533729 1.515120
0.397087 0.488336
-0.588165 1.451000
-0.856723 1.294160
0.716026 -0.094885
-0.583283 1.543160
0.248160 -0.032320
-0.583956 0.459785
-0.806223 1.247080
-0.318017 1.699730
-0.978234 0.830918
-0.996665 1.218620
-0.443708 0.649148
-0.442028 1.256530
-0.284449 1.648080
-0.228681 0.345534
-0.768195 1.497120
-0.478622 1.343790
-0.714733 1.478710
-0.636041 1.207060
-0.513847 1.722210
-1.224580 0.693680
-0.681122 1.161940
-0.672221 1.513450
0.088292 0.198662
-0.437705 1.421230
-0.652578 1.507730
-0.291872 1.519640
-0.538621 1.552330
-0.366392 1.535650
-1.178490 2.078120
-0.613198 1.343150
0.798479 -0.019778
0.401154 0.107786
0.825269 -0.020966
-0.640462 0.516429
0.771609 0.118428
-0.058407 1.852190
-0.707988 1.219180
0.257066 -0.054757
-0.545026 1.418130
0.221537 -0.005244
-0.240349 1.695230
-0.528813 1.665390
-0.156604 1.880660
-0.247564 1.774550
-1.326080 2.282030
-0.489941 1.438420
-0.696118 1.090100
-0.129534 0.467131
0.245552 0.433239
-0.573336 2.292250
-0.108105 0.438051
-0.450953 1.575400
-0.470697 1.348690
-1.050950 0.918056
-0.646390 1.386100
0.766442 0.147819
-1.799570 0.982300
-0.709367 1.350730
-0.410667 0.411224
-0.712426 1.440170
-0.630016 1.547480
0.708241 0.159437
-0.879479 0.993503
0.546838 0.343420
-0.794100 1.343350
0.487527 -0.175455
-0.635826 1.178930
0.480731 0.092160
-1.202500 1.318260
-0.453746 1.310790
-0.676342 1.260000
-0.167194 0.531284
-0.489433 1.418800
-1.270360 0.613774
0.415461 0.086925
0.625783 -0.074953
0.757879 0.028939
-0.686750 1.253150
0.929851 0.020021
-0.769474 0.865571
-0.555240 1.340800
-1.064450 0.709522
-0.325202 0.306217
-0.622920 1.073430
-0.899135 1.030390
-0.983974 0.691165
-0.535570 1.338160
-0.863345 1.203960
-1.121310 0.721788
-0.872171 1.113420
-0.665051 1.283640
-0.609691 1.449880
0.063811 0.527342
0.220282 0.080042
-0.572962 1.510870
0.322780 0.198959
-0.287325 1.614500
0.362216 -0.043693
0.037274 -0.240845
-0.958207 1.260730
-0.856732 1.185280
-0.484829 1.426610
0.229457 0.544270
1.026130 -0.053443
0.575485 0.144672
-0.641190 1.303960
-0.502971 1.263670
0.208519 0.799928
-0.745675 1.217640
-0.747570 1.261170
-0.230248 1.708990
0.270965 0.341182
-0.268959 1.579510
-0.231727 1.512190
0.225493 0.010298
-0.393312 1.560900
-0.471764 1.509080
-0.786235 1.202100
-0.273961 0.685970
-0.485830 1.553200
-0.798410 1.432770
-1.470380 0.384731
-0.708984 1.299740
-0.136479 1.219110
1.023290 -0.128296
0.435198 0.244004
-0.733778 1.118770
-0.191350 1.615290
-0.229019 0.402036
-0.647981 1.755000
-0.586527 1.458850
-1.843350 1.643900
-0.756109 1.433960
0.550437 -0.011243
0.325352 0.884529
-0.683095 0.276609
-1.069680 0.972704
-0.535937 1.386920
-0.597175 1.407120
-0.642636 1.494870
-0.768507 1.126670
-0.362200 0.720392
-0.659339 1.484860
-0.090409 0.118803
0.444614 -0.057792
0.490308 -0.015850
-0.528370 1.461830
-0.664575 1.451690
0.728732 0.059673
-0.287245 1.902960
0.780420 -0.022178
-1.020630 0.517986
-0.631328 0.644055
-0.457015 1.713210
0.740620 0.049946
-0.886096 1.152360
-0.808443 1.059270
0.294693 -0.029627
-1.299960 0.641668
-0.604502 1.294490
-0.461174 1.355740
-0.364541 2.047260
-0.778989 0.723766
-0.484085 1.510160
0.189303 0.623983
-0.548004 1.361250
-0.621303 1.467420
-0.899704 0.869476
0.843326 -0.013656
0.085238 0.560657
0.732503 0.004136
-0.597487 1.280090
-0.718190 1.495950
0.802995 0.080824
-0.109835 0.416268
-0.456194 1.345760
-0.600826 1.297900
-1.328540 0.774031
-1.104210 0.933939
-0.429359 1.599240
-0.611413 1.424210
0.278773 0.028573
-0.533183 1.583770
-0.482533 1.325800
0.143006 0.309984
-0.737344 1.463720
-0.501512 1.534650
-0.527168 1.337520
-0.427175 1.721060
-0.144014 0.485501
-0.710013 1.363200
-0.508466 0.296998
-0.499798 1.422150
-0.275776 1.483630
0.626486 0.008292
-0.730885 1.390090
-1.107700 0.615390
-0.274719 1.053370
-0.513960 1.566180
0.744291 0.009632
-0.587434 1.421560
-0.504436 1.787980
0.251684 0.599163
-0.020850 0.084867
-0.753879 1.383870
0.617756 -0.106304
-0.484433 1.478330
0.780493 0.008167
-0.954359 0.519005
-0.599662 1.405870
-0.205172 1.718490
-0.896151 1.230610
0.660636 0.377483
-0.806519 1.344960
0.614727 0.141607
-0.320184 1.653370
-0.372765 1.860490
-1.099270 1.534400
0.768860 0.131434
0.012328 0.586544
-0.512308 1.326190
-0.290903 0.424672
-0.568676 0.667373
0.708316 -0.133071
-0.027372 0.490064
-0.139747 0.480922
-0.449248 0.306066
-0.280054 0.249746
-1.710820 1.356420
-0.563416 1.558490
-0.537620 1.609050
-0.722889 1.337120
0.128335 -0.209789
-0.900440 0.952016
0.663882 0.338920
-0.613300 1.316430
-0.224063 0.452706
-0.293451 1.706150
0.026902 0.063895
-0.614645 1.361590
-0.619519 1.454290
-0.380747 1.451830
-0.674430 1.355280
-0.446305 1.673090
-0.190562 1.611890
-0.261004 0.433590
0.648742 0.179385
-0.822285 1.452330
-0.901659 1.133730
-0.650770 1.225300
-0.551424 1.526150
0.546775 -0.139553
-0.451724 1.466700
-0.665928 1.122580
-0.599836 1.468630
-1.246820 0.933287
-1.050100 1.165750
-0.477307 1.560520
0.479564 0.056228
-0.495488 1.274340
-0.720114 1.253560
-0.868547 1.210460
0.207942 0.224865
0.138202 0.020380
0.356827 0.334799
-0.863769 1.104460
-0.849449 0.383294
-0.080029 0.076039
-0.259261 0.492677
-0.537244 1.626060
-0.287131 1.802270
-0.670042 1.430760
-1.415100 0.613525
-0.577311 1.541710
-0.487509 1.149560
-0.561537 1.400640
-0.759315 1.537660
-0.418749 1.359310
-0.489466 1.563430
-0.502132 1.344700
1.067250 0.050816
-0.576162 1.434830
-1.301800 0.844361
-0.085529 0.504483
0.442793 -0.073574
-0.383452 1.372270
-0.665578 1.507290
-0.475643 1.540760
-0.693793 0.892839
-0.765109 1.328470
-0.773826 1.275490
0.566146 0.041654
0.687825 0.011012
-0.775673 0.743954
-0.148056 -0.086594
-0.155910 1.339400
-0.228534 1.820990
-0.053673 0.980212
-0.711718 1.189040
0.209699 0.237593
-0.420683 1.528700
0.760736 0.012964
-0.676098 1.271620
0.460263 -0.083104
0.162477 -0.056360
-1.136310 0.830633
-0.697759 -0.047950
-0.581666 1.026090
-0.468052 1.865960
-0.700974 1.409970
-0.795741 1.205040
-0.506448 1.295680
-0.538314 1.468090
0.465231 0.007358
-0.230842 1.612080
-0.595997 1.464000
-0.673234 1.349330
-0.789596 1.139270
-0.946256 1.269630
-1.213110 0.337602
0.284173 0.322219
-0.760743 0.965008
-0.748068 1.444290
-0.377381 1.421670
-0.767188 1.337970
0.649846 -0.067210
-0.207751 0.450867
-0.772013 1.281010
-0.531241 1.543100
-0.530712 1.530040
0.478363 0.238570
-0.767038 1.091030
-1.003090 1.039140
-0.247059 0.421954
-0.613502 1.614420
-0.402702 1.871480
0.801328 -0.059959
0.092967 0.285190
-0.716085 1.407630
-0.276273 1.746490
-1.036020 0.969149
-0.400596 1.471500
-0.342797 1.535990
-0.809482 1.487290
0.019098 0.308490
-0.415505 0.315475
-0.493434 1.472380
-0.988455 0.961888
-0.668548 1.391480
-0.564734 1.288440
-0.542513 0.235503
-0.537705 1.531210
-0.514052 1.786730
-0.440329 1.513190
-0.409073 0.627988
0.202068 0.475259
-0.707162 1.333810
0.417815 0.094181
-0.615856 1.557110
0.039070 1.831200
-0.709810 1.208410
-0.431020 1.287190
-0.534437 1.382630
-1.322030 1.233760
0.494206 0.226092
-0.037440 0.373761
-0.640625 1.436270
-0.698205 1.454430
-0.554234 1.541870
-0.233184 0.244016
-0.451628 1.549060
-0.619066 1.306020
-1.178330 1.576460
-0.713795 1.382620
-0.576726 1.442320
-0.413991 1.276120
-0.423101 1.551960
-0.054082 0.551843
0.023026 0.367296
-0.633625 1.373950
-1.464550 0.458404
-0.646928 1.460390
-0.054591 0.875969
-0.639510 1.224840
-0.843314 1.270600
-0.142221 0.529652
-1.193350 1.330860
-0.335096 0.940849
0.014933 -0.115256
0.764235 -0.005154
-0.620853 0.772667
-0.533958 1.445470
0.485703 -0.044271
-0.280523 1.495690
0.833849 -0.039046
-0.678218 1.272490
0.617998 -0.040303
-1.070600 0.973064
0.649903 0.159645
-0.372679 1.668140
-0.360360 1.715740
-0.483931 1.666380
-1.538340 1.375150
-0.712248 1.278550
-0.570815 1.604980
-0.608748 1.421620
-1.422900 1.073250
0.646067 0.003103
0.750454 0.435571
-0.278591 1.751550
-0.037125 0.050115
0.730880 -0.181767
0.026583 0.177880
0.717377 0.151945
0.422292 0.530166
-0.170443 0.530105
-0.454159 1.484400
-0.735626 0.413189
-0.780622 1.099980
-0.213963 1.686720
-0.629151 1.398900
-1.054990 0.778683
-0.644090 1.456370
0.907928 0.034826
-0.602456 1.426430
-0.121756 0.407646
-0.687364 1.324070
-0.454540 1.337430
-0.696764 1.463900
0.288601 0.003397
0.908141 -0.113056
0.540662 -0.046655
-0.611273 1.347900
-1.881210 0.882240
0.383005 0.541949
-0.542201 1.375120
-0.956084 0.922260
-0.574964 1.430530
-0.346633 1.598950
-0.656491 1.242760
-0.917672 1.027800
-0.195839 1.995210
-0.625680 1.150960
-0.600331 1.590670
0.576769 0.113926
0.083417 0.612063
-0.273458 -0.161709
0.085305 0.113132
0.098369 0.137492
-1.186820 1.108920
-0.397223 1.252900
-0.755039 1.388660
-0.957953 1.034230
-0.755605 1.194720
-1.003850 0.901535
0.622888 -0.038632
-1.004100 0.998471
-0.071679 -0.055827
-0.642576 1.316800
-0.732221 1.516170
-0.696152 1.486460
0.151202 -0.066006
1.051410 -0.111998
-0.415225 1.681990
-0.847063 1.192710
-1.067580 1.671360
-0.430716 1.493340
0.587979 0.075740
-0.686206 1.426630
-0.485805 1.344500
-0.809539 0.970481
-0.951830 0.908762
-0.572523 1.401370
0.049343 0.341090
0.478099 -0.116294
-1.781730 0.632846
-0.588388 1.394670
-0.614392 1.320870
-0.707774 1.516950
0.490858 0.097760
0.413189 0.118434
-0.447164 1.530610
0.621419 0.198269
-0.527072 1.531620
-0.548847 1.431880
-0.656673 1.212550
-0.491933 1.505970
-0.172085 1.242410
-0.318052 1.554780
-0.519441 0.396574
-0.725834 1.522810
0.065241 1.780530
-0.384129 1.535240
-0.731071 0.652570
0.785577 0.119752
-0.847826 1.314200
-1.006250 0.806088
-0.414695 1.513240
-0.566890 1.588380
-0.694460 1.497660
-0.517903 1.252950
-0.792562 1.126420
-0.819085 1.252180
-1.834050 1.299250
-0.760806 1.608170
0.073409 0.437980
0.053603 0.502279
-0.723483 1.236480
-0.438906 1.408400
-0.356614 1.831130
-0.654728 1.296640
-0.262182 0.558759
-0.399856 1.335820
-0.529370 0.274743
-1.281840 0.806865
-0.615142 1.418300
-0.400705 1.349210
-1.465350 0.555000
-0.003815 1.797930
0.409506 0.330826
-0.658666 1.351770
-0.741852 1.323140
-0.769807 1.459320
0.524448 0.001539
-0.737378 1.308450
-0.269699 0.528018
-0.721604 1.452940
-0.717292 1.200650
0.332924 -0.185007
-0.698642 1.289260
-0.645899 1.362590
-0.468550 0.030191
-0.398042 1.482520
-0.314331 1.485350
0.547223 0.014234
-0.618846 1.341000
-0.455245 1.539750
-0.663615 1.469670
0.084286 0.693108
-0.523198 1.287220
-0.704015 1.253990
-1.102730 -0.221541
-0.613298 1.428540
0.493390 -0.056403
0.188192 1.722900
-0.518552 1.365460
-1.405440 0.860473
-1.143660 0.577182
-0.294827 1.451920
0.104445 0.423033
-0.236763 0.609796
-0.573621 1.354180
0.581299 0.017501
-0.543451 1.333460
-0.253480 1.573790
-1.098080 0.474903
-0.011667 1.840130
0.567322 -0.142467
-0.517710 1.584720
0.896047 0.003393
-0.858781 1.169180
-0.412466 1.609390
1.048860 -0.135046
-0.574530 1.104930
-0.956739 0.868996
-0.698703 1.590720
0.538128 -0.175472
0.726210 0.039457
0.123839 0.317952
-0.922686 1.075900
-0.704512 1.300460
0.251904 0.106984
-0.823486 0.575402
0.465366 0.030207
-0.085187 1.735460
-0.503359 0.132334
-0.921077 1.170980
-1.661650 1.225220
0.234787 0.344037
0.362432 0.022749
0.069679 0.168253
0.302316 0.017003
-0.985609 0.955972
0.147742 0.471740
0.836654 -0.100961
-0.763485 1.004250
-0.489626 1.296080
-1.653650 1.033520
-0.579991 1.496740
-0.365729 0.367386
-0.158980 0.553454
-0.633021 1.374120
0.174092 0.254418
0.011528 0.091251
-0.553753 1.277450
-0.553057 1.405810
0.107196 -0.192211
0.496273 -0.012600
0.035029 0.634331
-0.547849 1.422050
0.308723 0.323299
-0.955812 1.253880
-0.718646 1.199380
-0.996602 0.479007
-0.429872 1.600270
-0.682505 1.421930
-0.275961 0.498054
-0.171011 1.630990
0.461447 0.087702
0.561240 0.011914
-0.909799 1.318090
-0.351138 1.585240
-0.277370 0.347995
-0.909386 1.550650
-0.489377 1.356060
0.794764 -0.129346
-0.582637 1.492390
-0.951269 0.990663
-0.386015 1.585140
-0.584416 1.536740
0.803055 0.240502
-0.570400 1.406980
0.293319 0.045862
0.768973 0.062897
-0.559485 1.356350
-0.703801 1.253130
-0.429239 1.550540
-0.230510 1.495050
-0.643636 1.421470
0.624232 -0.028821
-0.651049 1.080900
-0.664472 1.256200
-0.727455 1.267860
-0.136204 1.786850
0.551504 0.047467
-0.233435 0.460429
-0.206117 0.472688
-0.911047 0.792028
0.647975 0.140853
0.031639 0.556810
0.694976 0.045825
-0.660485 1.273720
-0.290080 1.375330
-0.853324 1.022780
0.349204 0.040740
0.323117 0.099514
-0.615296 1.452300
0.474542 0.621536
-1.161620 1.628060
-0.450144 0.582890
-1.483430 1.546920
0.678248 -0.032360
-0.965868 0.930931
-0.378854 1.807830
-0.844928 0.444826
0.336181 0.655039
0.618640 -0.052810
-1.156720 1.369670
-0.935103 0.833873
0.359620 -0.053548
-0.841225 1.113110
-0.463886 1.435620
-0.217972 1.716120
-0.743111 1.472030
-0.641007 1.426850
-1.862060 0.367186
-0.432946 1.648950
0.150776 0.467276
-0.469207 1.661690
0.570359 0.274446
0.427587 0.104576
-0.632081 1.199670
-0.746521 1.328250
-1.391140 0.537125
-0.361504 1.668850
-0.343860 1.675230
-0.355596 1.576520
0.057681 0.249092
-0.446027 1.613150
0.727830 0.110226
-0.493782 1.337290
-0.878918 0.955105
-0.779988 1.229620
-0.383392 1.294930
-0.330963 1.892480
-0.670361 1.332210
-0.794671 0.868534
-0.185964 0.233812
-0.765759 1.327900
0.742303 0.068327
-0.852597 0.009215
0.300219 0.280634
-0.498541 1.507530
0.761329 0.133396
0.083082 0.149631
-0.470559 1.524100
-0.918664 1.126420
-0.311633 1.726020
-0.804258 1.361670
-0.315557 1.423030
-0.695008 1.599730
0.348543 0.533778
0.738095 0.080819
0.171930 0.466445
-0.765069 1.516930
-0.460519 1.473540
-0.460943 1.418060
-0.867935 1.202220
-0.557432 1.367150
