1.077619
0.626429
2.245402
1.005004
3.607023
3.637840
3.393735
2.544576
2.397244
2.949152
0.332763
4.036549
0.602333
0.096025
1.285979
1.335396
2.645266
1.290254
0.129510
6.164956
3.040933
2.469647
0.145091
0.102106
2.210398
2.446163
3.247888
2.997181
5.070454
0.971307
1.169301
5.736692
0.277890
2.752662
1.487380
1.121367
2.322441
0.428364
1.789983
1.538425
1.252739
1.816585
0.997409
0.828312
0.791894
0.439305
1.465234
0.115450
1.791494
0.357522
0.532678
0.191392
0.225959
3.011307
0.093784
0.303173
0.061880
0.419301
0.680330
1.679941
1.153308
3.699403
2.310311
3.326862
1.994968
0.007440
0.444677
0.361001
0.729046
2.287490
0.608095
4.301413
4.513102
1.909469
0.242518
1.827065
1.475305
4.392416
0.025153
1.487561
3.324306
2.173260
2.144061
0.397110
3.882624
0.535720
1.718176
2.811712
3.509158
0.509558
3.275391
2.791649
1.888616
1.652361
5.548316
2.138775
3.611359
1.272377
0.299471
1.378707
2.231428
0.427536
1.855025
0.014694
2.357620
1.062653
0.175375
2.352704
1.780469
2.033062
0.413339
0.255672
0.085163
2.447286
0.952011
0.002127
4.900788
0.219501
4.279925
1.746473
1.585814
0.067582
0.091251
0.480591
1.151377
2.635051
3.534083
2.652231
1.134627
1.011239
0.409771
3.193267
2.342115
0.720017
2.159334
0.233839
2.658973
3.264527
2.968166
2.810994
2.497927
2.619869
5.399113
4.289477
1.549793
2.463711
1.226041
3.532512
2.942628
1.199742
0.198361
3.202083
2.441912
2.238184
1.654854
0.057148
2.097027
2.974609
1.375659
4.784139
0.521669
1.549496
0.412748
0.056307
1.003910
0.169014
4.373186
1.918630
3.234919
2.205939
1.252960
1.688860
0.664511
3.137453
1.361918
2.374255
3.034542
3.255462
2.717469
3.080885
4.065862
2.474813
2.593696
0.217307
0.375427
2.523999
4.777047
2.351964
1.342454
0.915946
5.057159
0.704319
0.309507
3.458781
1.253906
1.670261
0.002573
0.659475
1.633495
0.577430
3.816754
2.217233
3.432663
2.968514
2.830850
3.007111
1.212987
1.549058
0.001800
2.074980
2.146642
1.224870
3.179826
2.301016
5.337410
2.401934
6.114396
2.278078
1.410726
0.376024
0.253978
2.998470
1.842935
2.212351
1.462066
2.436312
5.299971
2.454695
2.902047
2.753787
3.848114
1.592600
0.274865
2.153907
2.750752
0.689785
2.596847
2.617463
2.565188
1.266781
0.507825
2.880388
3.480874
3.639701
0.568096
1.394230
1.760860
1.588362
0.929404
0.728951
4.629341
5.315063
3.686028
0.403591
1.460643
2.855986
2.420808
0.373401
0.981686
2.426896
2.570535
1.947011
2.296136
2.314494
0.484176
0.962827
2.399009
1.761640
1.826923
1.706356
5.358452
0.069777
0.538027
2.260695
0.115755
3.135542
0.279861
2.732759
1.286768
0.730903
2.154450
2.323088
5.579434
0.440777
1.336411
1.013909
3.768642
2.157723
4.208470
0.477533
1.774106
1.753453
0.530916
2.903275
1.159366
0.484078
4.044024
1.946822
3.695179
0.693543
0.102502
2.923330
1.715932
0.679874
2.331361
2.104817
0.439931
3.095984
1.642467
1.335153
0.923210
0.154299
1.416407
0.204984
1.984779
1.377640
2.051904
1.873950
1.816684
1.685579
1.445340
0.116157
1.777052
1.676417
2.060604
0.428740
1.413259
0.237542
0.524002
4.414847
5.263365
1.467405
1.463448
0.300711
0.793326
0.029789
1.049599
1.894291
3.014911
2.801686
3.365527
1.161581
3.265155
2.577805
0.141219
4.299967
3.335317
2.575869
3.092358
1.905166
0.722576
3.256962
1.365970
2.715116
2.782261
0.303167
5.884869
2.666876
3.910889
0.135211
0.312858
1.602795
0.875242
0.612593
2.328016
1.714121
0.711662
3.563410
1.200595
0.549435
0.332473
3.324103
2.689422
1.982489
1.466351
1.803611
0.416790
0.519391
0.215846
3.060768
2.763856
0.484547
0.532690
2.174042
3.292310
2.925581
1.265345
2.229112
0.258740
1.345437
2.026128
0.305480
0.788309
0.189878
1.184831
2.573270
2.950652
2.871139
3.386531
2.262528
1.477235
2.144129
0.137885
0.960418
3.956916
0.031058
0.427804
1.257191
0.109785
1.516895
4.961539
2.551257
0.937126
2.435060
0.313755
3.764591
0.698013
1.505010
2.631863
2.366869
0.465996
1.126404
1.140034
1.378600
2.155960
0.500705
0.258088
1.696828
1.827980
2.908770
1.260832
2.392774
2.484021
0.140362
2.715891
3.076266
2.246848
4.274364
1.538155
0.179723
2.953029
0.626785
3.568526
0.935053
0.697169
0.882967
1.765922
0.591746
1.308708
0.528084
2.593694
2.922164
2.182334
0.385199
2.824573
1.032103
0.069566
1.130958
4.159306
2.928083
1.613797
1.989791
0.328753
2.565697
0.750615
2.781445
0.764667
2.300118
1.608738
0.094148
0.096454
2.244807
1.163929
1.051458
0.052319
1.724877
3.016229
4.263895
0.805702
1.038077
1.939248
2.254462
0.814021
2.319047
0.695911
2.297130
2.205712
3.470753
1.384232
0.485681
3.499639
2.208749
1.519296
2.511366
5.371626
2.226106
0.048014
3.564975
1.932906
0.038725
0.139009
0.785423
1.091451
0.322907
3.996269
2.527254
4.246699
0.195882
2.863953
2.087909
1.471726
0.832821
0.575574
2.558606
1.552245
1.471377
1.754932
2.354574
2.228136
2.216297
0.263117
3.109732
1.855863
1.143414
2.712296
5.309067
2.403523
1.575974
3.241615
2.389279
1.511386
1.469028
2.150654
1.297478
1.631050
0.428704
0.643477
1.273184
2.742859
0.011103
1.061542
4.298046
2.473623
3.180793
2.486930
3.190087
5.277611
0.436004
2.914656
2.318411
2.217252
2.435563
2.334077
1.312947
2.424840
1.980248
0.325967
2.573325
4.173297
3.040562
0.728739
2.858366
0.136578
0.003621
2.031780
2.410135
4.468858
0.236181
2.782282
1.434632
1.939770
2.803388
0.768334
0.024390
5.956704
4.866484
2.526575
0.152369
0.058070
3.068765
5.462586
2.649404
0.102864
2.577864
3.286181
2.541533
0.672764
2.281195
2.672303
2.641124
0.021225
1.498975
0.530071
0.853668
0.208505
3.869860
0.776796
0.092897
1.380018
0.998116
3.689536
0.140703
1.227207
0.318396
3.191674
0.006740
1.658854
0.777418
1.412983
1.859522
1.122202
1.765642
1.658371
0.777901
5.395800
3.819540
2.499316
1.026393
1.175774
0.213704
1.082844
3.170741
3.032583
3.600902
1.634043
1.927284
3.201274
4.029799
3.321695
3.600052
2.800534
2.639067
1.936831
4.613119
1.361161
0.239217
0.453312
5.782069
2.162484
4.307053
0.210978
3.754203
3.511088
1.956092
0.259131
0.331623
1.378187
1.801731
0.490574
2.519417
2.310288
4.078769
2.792645
2.766117
2.209979
0.706832
0.326871
1.798180
2.420933
0.915349
1.329865
1.331905
1.341784
1.281509
2.162397
0.540471
0.410136
3.672231
2.218529
0.854815
0.186342
0.949475
2.477284
1.949466
0.250529
0.735689
0.627826
2.398490
0.241316
3.062584
5.516439
1.972807
2.680724
2.271988
2.612070
2.947232
2.089403
2.160912
0.144535
1.376320
0.567618
0.625788
1.287858
3.067168
0.350453
1.225391
3.355850
3.254405
2.247160
2.103783
2.159940
1.554562
2.424166
4.612386
1.769601
0.473268
2.838534
2.653316
0.131237
2.098869
2.119755
2.848945
2.314138
1.978272
0.006357
2.145436
3.906836
3.521350
1.484807
2.973636
3.683661
0.081210
0.334649
0.077006
2.158935
3.137492
2.304847
2.982585
1.582076
0.033596
0.971048
2.227775
1.690811
1.138956
0.350490
1.631540
0.643418
0.031427
2.011170
0.655578
2.266504
0.948971
2.262509
0.155938
2.167451
2.642115
0.089733
2.348014
2.929201
1.351082
2.820721
2.544520
0.348379
4.089106
1.488584
0.698556
2.335840
0.345094
0.290338
3.264022
0.024676
3.203145
0.491958
0.326151
0.175518
0.071594
0.461510
1.547163
2.436768
2.358687
2.369339
1.885626
2.172671
1.644164
0.030199
1.803994
0.071485
3.229778
0.113806
1.312330
2.725090
1.716244
2.673914
4.183714
2.418309
0.611705
0.281267
1.137296
0.072745
2.069990
5.480343
0.762476
3.902325
0.854674
3.044288
1.364220
3.944742
0.748263
4.327311
0.747859
1.018847
3.133127
2.413114
3.637365
1.413871
2.302065
0.163700
3.206172
0.012947
1.465779
0.792373
2.992597
1.193320
0.666363
2.608394
1.846966
2.521023
0.334416
0.250475
1.354021
0.900944
3.545060
0.772656
0.400169
2.275417
0.054102
2.851977
3.329492
2.927162
1.189416
1.222215
2.803040
0.227351
2.100951
0.535925
0.722308
0.230472
2.962201
0.440203
0.871019
2.228053
1.274685
0.655210
0.662269
2.005180
3.620309
1.211363
0.212398
1.279239
3.284124
0.518090
0.040854
2.775091
2.453701
3.352847
1.949080
1.699395
2.743143
0.615483
4.644313
1.765642
2.909112
0.638811
0.139236
2.771829
0.488955
0.921158
5.454768
0.539930
0.119713
1.692662
4.880580
1.068530
0.036632
0.234929
0.089265
1.637570
0.194215
4.553726
0.687945
0.205839
2.764587
0.815202
3.496126
3.907314
1.349534
0.676103
0.128218
2.516333
3.367846
4.776971
2.313331
3.662245
2.586636
4.897045
2.181519
0.390309
0.765621
0.474103
1.049468
0.459610
1.031090
3.859302
2.899248
0.762264
1.502028
0.369219
2.246167
3.016262
2.428871
2.945813
2.256761
6.076670
0.094692
2.632802
0.011499
0.274368
1.907891
0.069402
0.083836
2.193659
0.349895
2.568176
1.429619
2.106739
0.040001
0.238114
3.819900
1.487371
1.820005
2.281225
1.275311
0.354905
0.166854
4.290695
1.693314
0.301574
1.768176
0.792590
2.402597
1.165968
4.312202
1.888048
0.593553
0.595932
0.561677
2.281519
0.302407
1.710170
0.836087
0.257639
1.946836
2.271164
1.394399
3.207244
2.404009
0.403196
1.315519
1.653928
0.042536
1.057529
0.071087
1.090031
2.520839
0.883637
1.372068
2.124171
0.330867
0.522134
3.359959
0.791567
0.986928
0.258420
1.500337
1.091302
2.286308
4.578100
2.999923
2.343719
5.523060
1.815300
1.122802
1.978395
2.178564
2.068209
1.596566
0.349980
2.339117
4.219207
3.178901
2.473035
0.161677
2.696129
0.534871
2.425659
2.269982
1.659106
2.798969
1.595885
0.573856
4.550474
2.055592
2.389966
1.053761
1.165512
2.171978
0.399353
2.240540
1.511880
1.544812
2.387987
4.037677
2.320411
1.225537
2.494852
3.798244
2.254109
0.963071
3.596877
2.119023
5.380806
1.520544
3.020582
0.344648
2.025658
1.288598
1.132214
3.437669
3.393202
3.713303
2.792432
2.253604
1.229263
2.408538
2.210489
0.076741
1.871140
1.244385
1.379772
1.829112
0.677563
2.437109
0.350356
0.055905
1.481546
2.263797
0.032866
2.598341
0.464558
2.847314
2.360287
3.865263
2.067260
0.588679
0.772970
1.716750
5.223414
0.054848
2.334543
3.730302
0.425324
0.164121
2.375661
2.240973
2.112626
5.413419
0.089178
1.679935
0.071330
1.306382
3.582442
2.592776
0.118565
1.534859
2.228471
1.854731
1.541438
0.502195
0.756174
0.254184
3.195491
0.131188
0.169419
0.933864
5.919747
3.314063
3.019302
2.157204
2.708449
3.565381
1.135750
2.092673
2.623036
1.070947
1.432724
1.638069
5.934986
0.261051
0.486476
2.805325
1.045651
2.131805
0.174728
2.530837
2.713912
2.054452
1.499862
0.007898
2.348037
1.758698
2.248618
6.274990
0.104163
3.749802
1.684943
0.961911
2.516738
1.868377
1.872805
2.315769
2.410334
1.780226
0.779564
3.556782
2.959699
0.868113
0.241670
2.811539
1.619817
3.250570
3.380057
2.773363
1.183569
0.300417
3.536059
0.330246
1.116759
0.118968
3.009422
1.316179
1.857137
1.775298
2.918371
0.917752
0.043305
0.198941
2.200164
3.304042
0.506095
3.202897
2.551638
1.383502
2.271765
0.481171
2.254977
1.839549
2.269044
2.033513
0.942003
2.589334
0.297960
0.427993
0.660049
2.867587
0.318763
0.022106
1.765104
1.430769
0.009735
1.315392
3.433692
0.555469
0.963959
2.251626
4.993504
0.188386
3.448424
0.872626
0.176539
0.328400
0.206505
2.365679
3.009927
0.191294
2.432576
0.679621
1.504528
0.218670
0.398450
1.713877
0.224883
0.410021
0.066320
1.745017
0.188905
2.978777
2.127498
0.136587
2.735825
0.849911
0.192281
2.994829
1.588606
0.137017
0.294830
1.009366
2.246479
2.330920
1.556494
0.218978
0.110935
0.270115
2.879782
3.304959
0.751200
0.143066
1.050162
2.817114
0.988448
1.642101
1.964044
0.651733
2.500648
2.458104
1.829063
5.534647
2.283243
3.033496
1.458173
1.846699
0.232582
0.580998
0.273307
1.616296
4.963358
0.554114
0.483729
1.158681
2.535452
0.953082
1.031000
3.911873
2.783847
2.591216
0.244625
4.921650
0.307791
4.808359
5.064848
1.147911
0.814260
0.250066
0.762204
2.211137
0.120771
4.603611
4.039430
0.655406
3.431846
2.943886
0.591244
1.463862
0.198413
4.514863
3.486915
0.030666
5.029378
2.342267
3.987674
2.629317
5.503216
1.633925
5.257536
3.523816
2.298215
3.351485
2.953332
4.312926
1.738482
2.199099
1.098886
1.938136
0.385996
0.620334
2.696384
2.625556
0.981379
0.028174
0.344721
0.375124
0.199093
5.449515
0.553182
0.823235
2.613427
0.956884
1.762280
0.546280
5.153509
2.107158
0.050403
3.192952
1.201845
2.857361
0.731323
1.406718
3.507418
1.994505
2.822282
1.694675
5.391567
0.897638
0.213501
1.778425
0.599367
2.203917
2.295600
2.307974
2.416739
0.033291
2.339171
3.324270
4.055293
0.614515
2.792984
2.535965
0.945387
0.134617
0.765075
1.840916
0.885934
2.860705
1.492322
0.183272
2.255453
0.292295
1.366802
2.397313
2.574982
1.570337
0.792380
2.080186
3.168946
0.078742
3.457787
0.909268
0.606669
2.639365
0.048486
3.421332
2.650547
2.099775
0.373501
0.592242
1.099598
0.399262
6.418464
0.684116
1.513496
0.024827
0.531874
2.148389
0.575117
1.721991
2.920428
2.878070
4.379805
0.849333
2.300098
2.187909
1.276110
2.388807
0.764008
2.231679
3.507805
1.253923
4.889640
1.247942
2.260139
1.852351
4.503453
2.892954
1.843636
0.953474
2.731028
1.889158
2.730936
1.476455
0.152241
0.013675
2.504295
5.425728
2.371011
1.142674
1.581905
0.151035
0.258438
0.508414
1.112604
0.303681
0.014058
2.311634
0.352064
6.738148
5.847828
0.920186
1.019853
3.297754
3.385991
0.949367
0.315074
0.040475
0.346793
0.557687
0.736230
2.030400
0.637887
1.059751
3.151549
3.670015
0.843059
1.470629
2.532323
1.590587
2.168981
1.580442
2.984031
0.669794
0.361607
4.543248
0.595759
1.758199
0.893928
3.378217
2.542832
3.850806
1.207061
1.444080
0.130921
0.406933
2.059223
2.203763
0.081593
4.686108
2.463047
3.056037
0.596064
6.480972
0.355591
1.689678
1.039467
0.617105
1.075108
3.451208
1.545736
3.494478
2.600493
0.785381
1.226191
1.396684
1.055656
0.424338
2.654713
2.566258
0.347816
1.534317
2.239404
2.060251
3.303043
2.428920
3.554408
1.332507
4.186697
0.487910
3.711919
0.008695
2.335733
5.987875
5.257254
1.323985
1.693216
2.224726
2.904971
2.166220
0.358070
0.101301
1.691896
1.596704
1.914069
0.693767
2.546576
1.753314
2.710920
2.271319
3.456622
0.971278
0.169576
1.498071
2.681383
3.631324
1.682105
0.361103
4.769999
3.531500
0.186847
0.495548
0.933495
1.286771
0.199145
2.325420
0.061178
2.475738
1.944505
0.305070
0.979129
1.345026
0.299601
2.250752
0.560687
2.264827
0.658740
1.990486
0.418374
1.838216
1.653756
2.497879
0.639434
0.930707
0.507025
0.713852
2.385065
3.322832
1.803812
1.415081
2.027365
4.306934
0.317105
1.992281
0.861679
0.258134
0.968168
1.330281
2.072045
0.359072
0.829641
0.401066
0.221452
4.028197
2.830374
0.509423
2.875185
2.444617
0.382990
0.238126
2.272337
1.504047
1.538458
1.460690
1.837833
3.013465
2.106747
1.437289
1.506105
0.276150
2.617807
0.132152
4.317671
1.072795
1.786342
0.969684
0.939823
1.431798
1.320428
4.450348
0.112476
0.786557
0.353145
0.474156
2.542543
5.317058
2.778472
2.679171
0.095667
2.597739
1.200741
2.339886
0.069305
1.190027
0.965531
1.962434
0.019633
1.541807
1.979944
1.801355
2.038246
1.258866
1.181152
1.283507
1.000871
1.319245
0.883151
2.671479
2.517973
1.495779
2.097760
0.884184
1.824334
2.863797
0.137615
1.136208
0.546814
1.754273
0.684213
1.534428
0.085155
0.251126
1.831114
2.215051
1.826506
2.298723
2.298543
1.507843
2.615592
0.853086
0.437783
1.449963
1.009613
0.758221
0.731684
2.813229
2.426553
0.104579
2.166369
4.794521
1.714626
1.290195
0.913629
4.224148
1.337668
1.064643
2.898627
2.615033
2.354878
0.553918
1.993139
2.538723
2.656047
5.343239
1.640413
0.154637
2.538766
1.150069
0.142042
0.575762
1.104840
3.744341
0.431982
2.384044
4.458588
0.614769
2.347693
4.286447
0.106778
2.913248
0.014684
2.502457
1.876906
3.746123
0.645674
2.866963
5.014746
0.156283
3.022727
0.150100
3.042547
0.246025
4.125860
1.610739
3.530523
3.932052
0.352487
4.608985
0.925619
0.696423
4.698106
0.910348
2.002806
2.600595
2.469354
4.364187
2.216316
0.712465
3.859995
0.130021
2.182964
0.020689
0.012005
0.768651
0.590033
0.042207
2.238362
0.554377
1.763738
3.315913
1.485651
1.623238
1.210638
0.746658
0.398359
0.580420
3.460486
0.432921
1.187014
0.074745
1.557572
0.842381
1.346489
0.164931
1.752783
1.609763
1.617032
0.400334
1.811885
2.518536
0.237139
2.554995
3.180887
2.757635
0.735372
1.283009
0.074299
0.321192
0.035312
1.885547
0.691095
0.652284
0.066253
0.214858
4.553441
1.356790
1.831351
2.142680
2.457306
0.198908
2.837157
0.939309
0.632442
3.091021
2.030072
2.077515
0.009417
0.691393
1.766033
2.161077
2.882570
1.643734
3.006171
2.283665
2.507668
1.931084
2.005790
3.241661
2.356597
4.149373
2.764000
3.481352
2.401978
1.735693
2.442091
1.066928
1.405881
3.850542
3.981421
2.276128
3.590327
0.183081
3.462037
1.718946
2.011192
2.047036
0.515589
2.741960
1.530132
1.384919
1.620246
0.418149
2.473592
0.138116
0.665892
1.020341
2.398519
2.095327
2.414406
4.065769
1.580554
3.086430
0.405846
6.469675
1.256878
1.953535
3.857890
1.827917
0.132595
0.379892
1.553138
2.098967
4.209210
0.279935
5.624555
2.503180
0.697708
1.375841
0.112738
2.354389
0.595335
1.351576
2.350253
1.076914
5.650537
5.386749
2.026090
1.569102
3.321573
0.497765
0.261199
0.641994
3.579336
0.245906
0.135192
1.487928
1.268774
1.442721
2.410500
0.471107
1.527605
0.447371
0.770985
2.445892
0.451881
1.820147
2.367088
5.463546
0.086749
2.408842
3.220527
3.471416
2.220388
3.260289
3.380269
1.380042
3.164260
0.168098
3.774463
2.712253
1.530969
3.724909
3.028923
2.169848
0.510921
2.487747
0.222436
0.505405
2.214611
2.701217
4.101502
2.380323
1.378664
1.599502
0.174904
3.057242
3.223162
0.851798
0.740828
2.866420
2.164067
0.476940
0.923139
2.626099
0.635292
2.462011
1.436885
1.693374
0.081119
0.022554
2.798558
1.937463
4.259250
1.614159
1.199115
0.068857
3.834109
2.731493
4.844746
0.602347
0.096816
1.430175
0.153684
0.025666
6.135912
5.426117
1.256917
1.366711
6.090763
1.608249
1.432305
0.115800
3.629585
0.034553
7.270440
2.664222
1.270793
0.154508
0.098169
0.842629
1.733777
1.388204
3.393851
0.668201
0.201671
0.953520
0.776985
1.949277
2.194404
1.583653
5.455168
2.169997
1.227641
0.833582
3.640771
0.297289
1.783940
0.108228
0.479571
0.972864
2.380055
2.101335
0.345121
1.006043
1.877448
3.227324
0.994915
2.578908
2.870883
3.242365
2.032726
1.858348
2.300577
1.987971
0.780419
2.379212
2.099930
1.936936
0.489826
1.981002
1.291683
0.474409
1.539767
2.518664
0.180239
2.513075
3.768425
2.610339
3.129707
0.159834
0.251515
0.899397
2.363549
3.068331
0.632796
0.394832
1.568786
2.781165
3.510954
2.873265
0.477920
1.540724
0.752528
1.422112
0.732298
2.691277
0.564320
3.132659
2.566133
0.278880
1.296706
0.550626
2.853140
1.972986
3.903876
2.391020
2.162858
2.024325
0.115626
4.982770
2.825318
2.266080
0.872157
0.799135
1.533134
1.750069
0.688205
1.701932
2.496612
2.043611
3.052364
2.964710
0.143359
2.188007
0.901513
2.438964
0.218978
3.338245
3.332683
1.093947
4.071887
3.260021
0.354322
0.172157
5.420404
0.189926
2.578648
5.118649
3.221582
2.432933
5.775405
1.521207
5.798625
1.644987
2.434178
2.460981
0.383704
0.317129
5.903139
0.396706
0.714894
0.261617
4.018112
2.301296
1.908680
1.300799
0.561431
1.432946
2.337937
1.621338
0.524597
2.020652
2.190150
0.137087
0.477847
2.857035
0.584862
1.474640
0.206772
2.924521
0.029729
2.973818
2.390026
2.271057
2.656153
1.417327
1.759319
4.081276
0.975232
0.351505
3.747598
6.300896
0.192879
1.922144
1.461432
3.756773
0.190652
1.676909
3.166755
1.415567
1.105972
1.575766
1.063168
2.614955
0.827888
0.968980
2.146727
0.468440
2.403507
1.731730
0.076961
2.024014
1.464870
4.656346
1.318296
0.509056
0.569520
1.618110
1.597327
1.070074
2.946668
1.802877
0.705003
0.691586
0.761398
2.548724
1.785054
2.375813
2.743400
3.096112
1.503637
2.653123
2.510762
6.144481
0.484357
0.552487
1.575423
0.472344
4.321632
1.222782
0.452744
4.696709
0.284248
1.802762
1.061273
0.441925
1.480425
0.081838
1.377743
2.658810
3.227808
2.327642
1.889225
2.125167
2.431609
0.607814
0.167586
3.195550
1.791553
2.690782
5.992657
5.131389
2.349504
1.735188
1.558108
5.620434
0.733865
2.735236
4.088581
2.228359
0.588856
1.687421
2.614650
2.765027
4.234283
0.072358
2.879387
2.393348
2.423235
0.367353
3.770801
0.760859
1.542537
2.665091
0.088763
0.199273
4.378345
1.211162
1.568670
1.297134
0.571200
2.637725
4.224729
2.498686
5.205622
2.242507
0.683044
2.427430
5.215936
1.577164
0.989007
2.873483
1.809854
0.277886
3.678953
1.484595
3.247671
0.112199
0.054168
2.196389
2.461975
1.667417
0.438880
5.062690
1.053908
1.059705
0.271016
2.246923
0.285195
5.702560
0.172409
2.097426
1.380905
1.287387
1.727343
3.647446
1.184961
1.918167
1.866597
2.799891
0.166529
1.733358
2.569556
1.697122
1.725242
4.704181
2.302065
2.319193
0.430481
0.456164
1.511241
1.670994
1.450368
1.396292
1.733149
0.132249
3.071653
3.081774
0.953279
1.275809
2.911268
4.521068
0.947939
0.530369
1.615275
0.345157
1.027395
2.009393
1.868571
0.323734
5.924644
0.307299
1.705437
3.637099
0.265571
2.144445
1.582519
1.238702
0.342380
2.191885
2.561765
3.062208
0.566180
2.356977
2.559615
0.201621
2.467510
2.088095
1.805167
1.867425
1.456391
3.114266
1.258725
3.641305
1.633249
2.176825
1.804334
0.155476
1.135676
0.843489
1.540388
0.946173
2.427940
5.072317
0.281626
4.050102
1.835241
1.143935
2.541374
0.993866
3.145802
3.481407
2.941426
3.045231
1.053216
3.060858
0.688898
2.564003
2.950371
0.749851
2.361408
3.387741
1.295997
6.098426
3.224549
0.945138
1.966391
3.652706
2.336174
1.230176
2.134151
1.731826
5.443193
2.410085
2.177434
2.652109
0.791907
0.427407
5.473583
1.395287
2.310178
2.644736
2.040721
3.328640
0.926647
0.194949
4.744045
2.343463
3.159961
3.102705
4.544743
1.263620
2.633388
1.632435
0.387622
0.586237
1.989279
2.118290
1.553209
1.613566
0.041820
2.927767
0.437058
0.101603
2.405778
0.438894
0.065857
4.822782
0.038780
1.131240
0.262493
2.683518
0.003710
1.952908
2.911152
0.459420
1.350950
1.412425
2.260685
2.114696
1.458349
2.234599
2.815100
0.770076
0.774214
0.554614
0.913288
3.165382
2.702176
2.770557
0.027353
0.442468
1.199636
4.533054
1.097013
1.533065
0.647159
0.254722
0.518245
1.109669
2.567504
3.254962
2.498135
4.420576
2.343390
2.545536
4.269491
2.327903
4.617206
0.621480
0.523816
2.004631
1.570246
1.003828
2.671120
5.657295
3.062721
1.118667
0.295753
2.430258
2.849800
0.883427
1.654399
1.923526
2.261146
4.279687
1.065380
0.197193
1.843238
3.336981
1.882107
0.089303
3.722995
0.803719
0.525917
1.136352
0.676593
0.133979
0.019178
0.336982
0.664459
1.659947
0.124354
2.487025
3.413641
2.361133
0.666760
1.596665
1.346878
0.101054
0.353575
3.390833
2.033047
2.253243
0.881764
0.400816
1.471151
6.151835
0.999140
0.860821
1.206486
0.154385
0.732400
0.471256
1.840028
3.188051
1.514905
0.898861
3.352216
2.418698
3.345642
2.515975
2.301775
2.960558
1.110768
2.864413
2.636759
1.638239
1.437583
2.254376
0.239948
0.231346
1.147274
2.544999
0.326112
2.261530
3.462825
0.519409
2.246261
0.435094
2.379974
0.588742
0.223955
0.075709
2.584765
2.311822
0.830856
1.622148
2.201989
1.654979
3.619062
3.270045
2.302848
0.124717
0.600038
3.365484
1.662665
2.059913
3.010050
0.062400
0.084022
1.124059
0.519538
0.011527
0.538898
2.554168
0.994525
1.349773
0.088955
1.641961
3.474911
3.695260
2.203718
1.329653
3.336509
2.519455
0.051287
0.277666
0.272284
0.227737
2.436677
1.419686
2.391924
3.150953
0.929171
2.160860
2.200561
3.473433
5.419421
5.205082
3.393848
1.803976
2.164738
5.062300
5.646208
0.439111
3.290168
1.875000
0.955107
2.293219
1.826233
3.463067
2.176411
0.544031
0.926091
0.393232
0.986284
1.825674
0.168084
2.243175
1.635361
1.551254
0.788397
1.451887
2.180536
0.234355
2.045759
0.057462
0.345609
2.522747
1.410378
1.842682
1.306460
0.457765
1.859118
1.600711
0.087978
1.786939
3.022565
3.235582
3.212804
2.449348
1.100965
2.183851
0.936371
0.461948
0.655254
3.802716
1.158512
0.818203
0.303121
1.996962
1.776662
3.800240
1.717630
1.808310
0.091001
0.185494
0.211892
3.774908
0.791069
0.936899
4.037065
2.308033
3.108827
0.960914
2.149795
1.765811
0.693557
0.609672
1.156272
0.391630
0.216650
2.369539
1.339002
0.304781
0.395294
0.101293
2.903459
2.431172
0.585145
5.499675
3.462614
0.120918
5.339765
1.835724
0.005678
1.218379
0.277559
1.298287
0.403162
0.447031
0.292064
3.524769
1.373082
3.049068
0.329004
1.279005
2.641313
0.781552
0.740826
0.135334
1.457352
1.114647
1.441668
0.082308
0.670107
2.117318
3.688280
1.403400
0.135690
0.080720
3.075217
0.115176
2.230525
3.404974
1.450739
1.732442
3.250426
1.288525
0.079649
1.729906
3.735518
1.996174
2.262624
2.351089
2.528976
0.249074
1.013854
3.454712
2.678127
2.726677
2.902563
0.127597
2.788180
0.752825
1.466130
2.302727
2.187535
0.861012
3.651877
0.960815
2.424458
0.756377
0.267571
0.154160
0.029134
0.922525
0.536126
0.202932
0.411368
1.478138
1.332735
0.924855
1.450940
0.002589
1.092560
0.045383
1.799866
1.964593
0.731140
0.247184
0.449265
0.959391
5.183805
2.697637
0.778036
1.686260
0.314527
0.999879
0.013873
0.282578
0.394131
0.638176
1.765063
2.364801
0.732119
0.803116
0.472893
0.618240
0.049582
0.562077
0.715505
0.549320
0.326787
1.056852
1.832294
2.316002
2.930220
1.656456
3.312824
1.238771
1.574158
2.300308
1.442196
0.605391
0.406266
2.209505
0.385282
5.471284
2.237331
4.785621
0.791133
0.825073
0.433127
1.784857
3.190597
2.715175
2.375519
0.496875
0.251892
0.476001
1.572865
2.165671
2.966768
0.090508
3.655944
1.802683
2.293318
5.025844
2.256599
0.265304
2.307381
5.127535
0.750706
0.866220
3.019820
0.502049
1.786670
3.689171
3.593595
2.307660
2.429596
2.787943
0.448133
1.501916
1.288888
3.657396
5.403047
2.389840
5.305793
0.710951
1.434154
2.431420
2.901555
0.057952
2.439343
3.449371
3.345361
0.277218
2.353945
2.006994
2.353571
3.260182
0.919827
0.802833
0.136122
0.142142
2.209678
0.778927
2.597613
1.128034
2.521718
0.626354
2.264856
1.778105
2.328618
1.728171
4.223117
3.550527
1.499848
2.183700
3.018911
2.107314
2.182902
3.088534
3.318903
1.634248
0.568416
0.024624
1.723761
0.380656
0.425338
2.740768
1.707067
0.947180
0.243362
0.142676
1.361953
0.494980
0.266430
0.534400
1.576216
0.779911
2.484627
4.793805
1.956304
2.254595
2.402806
2.534145
3.914666
2.946881
1.645744
0.598663
2.737214
0.065590
0.949147
1.117777
1.144783
1.573376
1.830933
3.316591
2.051608
0.937124
0.150721
2.762529
0.151222
0.868508
2.640656
2.453866
1.866326
2.055506
0.432774
2.657445
3.989439
0.381238
0.145590
0.031708
1.457967
1.393798
6.219711
1.985267
0.580860
2.868029
0.142653
3.158301
2.599434
2.652194
2.356202
5.162158
3.873110
1.311372
0.487809
1.438590
2.110734
3.497374
0.264083
0.622210
2.722363
4.108348
3.834752
1.665971
0.145781
3.636746
1.631351
1.711155
2.164790
2.875389
0.010409
2.322220
0.353383
1.711249
1.862596
1.742581
4.125359
1.771257
1.616604
1.040976
1.369091
0.822049
1.307831
0.103455
1.202511
0.430646
2.795391
3.010054
3.668955
0.248525
1.338217
3.387738
0.588432
1.478515
0.603151
2.565402
1.574539
0.511871
3.330308
1.182743
2.029540
1.566034
1.248813
3.700887
3.263246
0.645459
0.530119
2.601988
1.571892
1.329498
1.449140
2.141990
0.057257
0.106607
0.805996
0.440996
1.083276
1.376205
3.388026
5.467295
1.169494
0.281039
2.533049
1.627062
0.365900
2.207102
0.464749
4.176920
1.282507
1.281963
0.154906
0.039944
4.713084
2.192682
2.370684
2.408606
2.581196
1.318894
1.318643
4.829082
1.245719
4.761640
1.706356
2.323540
1.800459
0.361570
2.596450
0.724060
0.593774
3.275287
2.815338
0.182785
0.091420
0.179958
2.110231
1.419632
0.066920
2.760477
2.833448
0.563653
2.978089
4.060900
0.467447
2.433115
1.365692
2.405635
0.341913
2.818735
1.760581
3.565608
2.102727
0.447946
0.433413
2.226578
1.427612
0.849831
1.290337
4.987403
0.258460
2.669407
1.104559
3.263173
3.772444
1.499790
0.817620
1.087770
2.179934
0.827456
3.279940
1.860769
0.269885
3.583115
2.839654
0.730604
0.306970
5.587424
2.513684
2.891574
0.491508
0.134915
0.124133
2.646609
1.150615
0.353165
3.301299
0.197540
1.253041
2.450935
2.636720
0.586111
5.999106
0.685530
4.441819
1.645977
0.245690
0.584094
1.270494
1.474575
3.607967
0.528158
0.911236
0.150306
1.055174
0.533755
1.359539
1.141355
2.892308
2.808239
1.249532
0.331355
4.075719
0.113439
0.693575
3.202838
2.979298
0.087146
1.569064
0.477375
2.007128
0.122169
2.504115
2.151961
1.378822
2.431571
0.791128
0.276625
3.992203
2.908110
0.966932
1.017380
1.779604
0.324862
0.801156
2.022101
1.936672
2.963062
0.702590
3.506981
2.306894
2.703618
2.375910
0.110376
2.346225
0.297089
3.218436
0.024817
1.889913
3.387584
1.553918
0.512517
0.493978
1.608548
0.002495
0.992335
5.331696
1.084727
0.513083
3.413192
0.480649
3.066603
0.019040
1.124256
2.472208
3.110353
3.558574
1.481190
0.029295
3.020468
0.481582
0.114247
0.593887
0.102856
0.092330
0.586568
0.451735
0.435333
2.967746
2.791576
4.988163
0.490474
1.735971
0.052270
0.605464
0.622858
0.383822
2.802446
2.681976
0.148840
0.611908
2.443263
3.609381
0.384136
1.978330
0.194534
0.374461
0.574277
1.858092
2.340202
0.759340
1.422942
0.295626
0.228038
1.427087
2.968775
2.847262
2.119414
1.927620
0.830946
0.039302
1.373252
1.185917
0.619194
2.443703
2.361254
0.065332
1.832825
2.568163
2.567698
1.015943
1.871660
1.863943
1.651120
5.945115
0.581704
2.673414
5.387990
4.219500
2.527597
0.295017
0.964812
0.314129
0.098580
2.215096
1.009037
1.047730
3.487134
2.201962
0.734265
3.278607
0.469396
2.136910
0.249326
2.409827
3.404796
0.605003
1.217649
0.838030
2.213430
2.006734
2.061342
2.173119
0.706488
2.827797
0.306762
1.592192
0.462128
1.865712
1.652951
0.758398
3.096623
1.623304
1.427683
2.424677
4.205079
5.151720
2.623672
3.303168
1.669108
5.192447
0.108059
2.572680
3.496891
5.997454
1.855799
0.348090
2.194736
1.281055
2.542603
0.738557
3.553363
1.347666
2.679184
0.069285
4.610140
0.369222
1.278409
1.403375
4.602933
1.040489
0.249445
0.180918
3.003734
2.036459
2.868467
0.113769
5.516869
2.456275
1.269297
0.944006
2.650092
2.845949
3.450133
1.946653
0.750029
2.877285
0.352316
1.814441
4.113124
0.089142
2.849057
0.806146
2.475424
2.209368
0.241408
0.008336
4.698406
3.444313
0.588980
1.902112
1.770611
4.118961
1.169604
2.352196
4.337191
0.517448
2.895272
0.306162
3.559467
0.677959
2.130550
0.570691
0.420292
0.452107
1.207245
4.053253
3.978622
2.455107
3.575536
1.346097
2.952845
0.448565
3.111507
1.604560
0.096342
3.584235
0.193682
0.147487
0.926490
0.373741
0.205661
2.743849
1.861502
0.754251
1.113176
0.120648
2.660665
3.679187
2.126189
0.379792
2.256141
2.098951
4.250493
1.907022
5.360586
1.019346
3.360557
3.399481
2.712424
1.447425
0.244357
2.308475
0.749146
2.522089
0.156963
0.083524
1.391038
1.496484
2.665453
3.224436
0.358359
0.260374
1.896920
1.807352
2.461475
0.399724
3.518809
1.384592
0.036501
2.201212
2.956173
3.739053
2.205785
3.307663
1.259577
3.488420
2.272754
0.609192
5.457130
1.195046
0.128858
1.446660
1.236393
2.155286
3.988866
2.292170
3.077285
3.071871
2.021981
3.950961
2.645747
0.040841
3.350461
0.112721
3.337313
6.321548
2.616682
1.250167
2.293576
4.177957
0.540387
2.419873
1.605745
3.398511
2.885351
1.555940
1.624415
0.607199
0.278256
0.516805
3.696718
0.886965
0.553450
1.373386
1.090007
0.739112
2.143993
0.889637
2.733339
1.717068
0.152856
5.565496
1.595885
3.655530
2.749558
0.468023
4.775655
0.719756
2.359818
4.169299
5.169908
4.574496
0.523566
2.408436
1.313181
3.237689
3.379400
1.412441
2.238888
0.603146
1.642400
1.162284
0.379353
1.751924
0.889615
2.592121
0.391774
2.269170
2.801138
5.550046
0.928002
4.767896
0.099036
6.393113
0.444930
1.505182
0.523560
1.004816
0.204036
2.879800
4.867455
3.255693
0.231981
3.809408
0.600152
0.036455
4.318128
1.083929
0.474078
2.804833
2.771779
4.541886
3.006399
1.119451
4.127595
0.263094
1.807170
2.831083
0.499190
2.556663
2.087401
0.812985
1.443415
0.177428
0.220692
0.095637
0.076240
0.767509
0.136542
1.510312
0.040381
2.880974
1.142781
0.290679
5.048356
2.128909
0.231645
0.847507
0.181804
0.600229
1.550358
0.710786
3.459137
2.508222
0.636207
1.617657
0.336143
0.145114
0.786548
1.389957
0.409469
1.725309
2.779309
1.630667
0.447561
2.997259
3.664140
2.861642
3.404299
1.821957
0.059632
3.905847
0.757236
0.483775
0.022151
0.590760
5.479969
0.412499
1.285610
0.413938
0.465934
0.425670
0.367823
1.643181
0.141288
0.344736
0.327367
1.377858
1.480917
2.277317
0.898348
0.481008
3.554978
5.192952
0.308605
1.672852
2.438669
2.757937
2.062726
2.330642
0.074700
3.344697
0.353815
0.855845
0.167490
3.351031
2.247131
0.505505
0.101001
1.750869
2.974139
5.218071
3.800938
0.373580
3.132606
2.590271
5.069212
1.853460
0.213728
0.349003
2.238597
0.863881
2.434236
3.443608
3.410318
0.488477
0.787240
2.895900
1.883362
0.048842
1.427041
0.259714
2.574051
2.161702
2.868053
2.634052
0.204738
0.792413
0.342533
1.324797
4.510460
1.466806
4.266365
2.005507
0.613748
4.946406
2.723258
0.032409
2.840063
0.218879
0.906841
1.180497
0.415070
0.689498
0.279509
1.787262
3.091354
0.424581
0.819838
1.785865
1.920354
1.169968
1.336887
2.152150
3.024498
2.229827
4.614769
1.597806
0.608167
1.455422
2.602658
0.796969
1.725247
0.725662
1.314309
4.662466
1.540995
0.759390
0.317743
0.005725
3.285285
0.272066
1.648288
0.545583
1.510638
1.125766
2.312680
2.578668
2.003073
0.483566
5.914159
0.037403
5.703226
2.189212
1.151070
6.488874
0.689265
1.673790
0.583900
2.166980
2.425022
0.047591
2.747762
4.800899
1.219780
1.699335
1.340805
0.944376
0.867158
1.510041
0.874470
0.665876
2.177451
3.168746
2.215564
2.104185
0.702561
2.379855
3.453564
0.309076
0.298050
2.578839
4.374003
3.497862
5.304016
0.029205
0.213145
2.314082
0.402421
2.645109
2.178184
3.206085
0.684874
0.019045
4.222073
0.601575
3.379221
1.054111
0.627537
0.766596
2.962305
4.895432
0.388382
0.760987
0.004324
1.611270
2.381575
0.587367
1.917445
2.132800
5.776827
2.359248
1.848470
2.582025
5.682149
2.146702
2.029578
0.147013
2.698458
2.153803
0.882745
2.373669
4.284980
0.918862
0.337942
0.232498
2.189917
0.340215
2.589737
6.092404
2.248135
0.054618
0.066482
0.690704
2.558324
2.195508
2.077603
0.997444
2.359580
1.759430
1.536643
1.640217
1.103612
0.920399
2.557794
3.769092
2.810334
1.700047
3.573061
2.419573
3.241014
6.176720
2.216481
0.658954
0.020014
0.518198
1.842960
2.867941
0.951946
0.048602
1.257542
2.354658
2.369962
0.592752
2.010416
2.237547
0.346846
1.176568
1.510059
1.743547
0.111601
2.189748
1.879719
2.099065
0.314701
0.018651
0.050236
0.027734
0.095276
3.550259
0.385886
0.073598
1.065577
3.145518
0.348092
0.737312
1.449221
1.916452
2.749036
0.017325
0.819464
4.348391
3.226822
0.142099
0.746561
0.610186
1.453905
3.107851
0.889887
2.995072
0.370869
0.616681
2.427165
0.037326
3.665065
2.589818
5.103289
3.891255
0.538839
0.146277
1.781692
0.608619
3.411251
0.240187
1.858194
0.016472
2.070561
0.310687
0.363387
0.690578
3.961602
5.180961
1.557045
0.294261
0.134515
0.589764
1.013862
0.237648
1.094646
0.683545
3.488021
1.380070
4.448474
2.368364
0.743241
0.035563
1.259087
1.281733
2.336356
5.914578
2.181138
2.508304
2.359146
0.009663
3.937915
1.049182
2.872430
5.276331
3.613405
0.100224
3.399532
2.409291
0.086245
1.825358
3.179001
0.440050
0.454370
2.864786
0.774613
0.265267
0.643595
5.111362
3.410599
1.786294
0.035535
2.887366
0.233908
0.152442
2.914425
1.662116
0.810016
0.869181
0.733700
4.015430
0.708066
0.718166
1.099889
3.412075
2.553573
2.380336
0.149818
0.059052
0.971529
1.806116
1.754712
0.755817
4.530564
2.787369
1.259200
0.684868
0.087078
4.470928
0.982059
1.675968
1.520342
4.855044
1.476447
1.764806
1.380145
3.227634
2.416182
3.299926
2.378466
1.642550
0.105171
1.329842
0.379235
2.445281
2.699201
2.393297
0.298587
0.380508
3.024253
1.141775
1.270095
0.008212
2.005492
0.075408
1.549246
1.732323
0.433516
1.484194
3.740640
0.146764
1.506426
0.421948
3.511272
1.136582
1.163362
2.714149
1.335316
2.527036
3.825570
3.359904
1.584301
0.186143
2.521626
3.868930
1.698794
0.046091
1.382131
5.479822
0.339911
3.227331
1.127762
0.955195
2.321306
3.432632
4.180347
2.806371
2.614075
2.498857
3.384373
2.680976
3.878110
2.631552
2.599231
6.184171
1.382023
3.998960
3.306083
1.057586
2.863090
0.525687
1.258774
2.587274
1.171454
3.131064
3.491341
4.807457
3.249394
1.570164
2.405629
2.446438
2.231549
2.654339
1.359711
0.907646
3.433596
1.514655
1.925197
2.959225
1.129973
4.333343
0.658624
0.002629
1.904789
2.362431
0.883906
0.771197
0.875007
1.710663
5.475432
1.305419
2.197397
1.055875
0.556121
5.248313
1.022682
3.483027
2.381362
1.295540
1.597015
0.059828
0.524502
1.024703
0.196223
0.003696
0.124213
0.966905
0.766396
3.927863
0.025734
0.867615
3.706457
1.119270
5.496634
2.220148
2.759166
4.533259
0.430920
1.337775
1.659884
2.640256
0.833941
3.353416
0.118462
1.284496
3.586475
0.473311
4.331554
2.978757
1.436590
0.019231
0.121726
2.241227
5.474241
1.946359
5.526149
1.041253
2.300996
1.308067
0.363774
1.254617
1.905065
0.529451
3.198120
0.109267
3.779540
0.958671
3.543094
2.779312
1.448830
3.825130
2.242149
2.774923
5.271426
0.389238
2.301066
3.688695
2.393844
0.098631
0.867853
0.073549
1.322967
0.674706
3.076769
2.794888
0.491760
2.393700
3.928102
0.469861
0.727993
0.242507
0.248295
2.327133
3.402339
1.611716
0.276457
2.926428
0.749214
2.109785
2.118191
2.319725
0.939030
2.196569
1.632814
0.823044
2.856005
3.684919
4.833603
5.931149
2.192951
0.722780
3.687405
2.936803
0.697071
1.804796
2.219743
0.355421
2.318126
2.494563
2.913284
3.245664
0.353289
2.294409
1.608598
0.414525
5.524250
0.341629
0.082161
0.141497
1.212775
0.371500
0.877435
0.589743
2.133096
5.555975
2.143925
1.378822
0.223851
2.012209
0.315510
1.401546
0.714089
0.085202
3.945461
2.504973
0.684548
3.028198
0.679288
0.664797
0.204469
0.577275
0.038232
2.976536
1.137524
0.194959
3.321870
1.091931
3.315073
3.230716
1.372577
2.899453
0.078092
1.921379
0.371054
3.718555
1.300146
1.869472
1.836257
3.285601
4.026744
3.265320
1.514964
0.140353
1.665062
3.087850
2.253900
1.787823
0.245255
0.598290
1.633352
3.314369
0.315308
1.315922
1.101801
1.303727
1.117743
2.634400
0.318713
0.305607
1.735625
2.408357
0.784942
1.406558
0.009548
0.033032
0.437052
0.080045
1.620019
2.588224
0.743786
2.859524
2.946974
1.529694
0.105920
0.053214
2.714540
2.086152
1.638131
3.272952
0.373962
1.618342
2.155580
3.573563
3.884768
1.535509
3.548224
0.445587
0.335018
1.595328
2.488090
2.767197
0.362831
2.791514
0.509760
3.893884
2.348613
0.440521
2.248267
2.271300
2.822843
1.873026
1.040109
2.364575
0.078145
0.807746
2.101139
0.287589
1.552703
3.311742
4.261453
1.638017
2.152606
1.568277
0.481940
2.345586
0.351321
0.292203
1.060944
3.189504
2.307215
0.057253
0.457105
2.590867
2.828881
5.521961
0.213409
1.548338
2.061570
0.767379
1.143524
3.602445
3.379182
2.487476
0.284713
1.404287
2.233152
2.472530
0.298797
1.323132
2.635693
5.751207
1.540630
1.191178
4.634504
0.379751
2.482752
6.704202
3.585320
2.122967
0.684265
5.539467
0.415375
0.341374
0.991979
2.906415
1.923471
0.949594
2.158771
1.887117
1.606831
2.343143
2.580380
0.200669
1.211206
1.524252
3.216272
3.459057
2.609307
0.886048
2.812426
1.257068
2.155986
1.264346
1.632543
3.448386
2.332052
0.114942
2.412111
1.665754
2.987953
0.439971
0.158126
0.934829
5.488827
1.578497
2.962919
0.041167
1.778596
0.089285
1.868409
1.784595
2.719612
2.584337
0.523931
0.257850
3.471500
1.095154
1.652137
4.419388
2.560764
4.988293
0.162390
0.849102
2.276986
3.826947
5.996557
2.179227
2.384587
1.861836
0.076320
4.044543
2.776430
4.015092
2.159498
0.465156
0.699904
3.410781
1.714882
3.264279
0.147341
5.196465
2.692753
0.146803
0.396300
1.977210
4.005318
0.566987
0.648290
0.521225
0.804005
1.802404
3.233469
2.284293
4.509369
0.540874
1.857194
0.044252
2.222767
5.227708
5.618090
2.071029
2.839122
1.894497
0.066800
2.965174
3.401387
2.401574
1.279375
5.563476
2.678559
2.163824
2.674176
2.207893
1.356083
1.340656
3.558286
0.044616
2.336820
5.652655
0.248073
0.661866
0.247160
2.052029
2.820031
2.572295
0.193459
2.133568
0.326549
5.641233
1.237571
4.905403
1.009023
2.346603
0.023603
0.248341
3.039496
2.244401
0.844747
4.021453
0.707463
1.098625
0.174977
3.406878
2.666902
3.631705
0.489338
0.454759
0.310799
3.517019
2.481286
0.655514
1.307916
2.181660
1.406758
0.737404
0.142948
2.149581
2.321672
3.774350
0.648109
4.086990
4.141009
3.229724
0.717368
0.559223
0.713305
2.680363
1.733976
3.176945
4.160690
0.356121
3.490294
0.806562
2.106681
2.677862
0.304583
1.800417
2.745980
2.598161
2.976807
0.528487
0.040762
0.753496
3.965002
2.921102
0.285990
1.264148
1.935203
1.685283
0.122454
0.180494
2.217160
0.738088
2.536210
0.889992
0.889439
1.402078
1.769026
1.771775
3.077161
6.182596
1.988417
1.680306
3.693783
1.518556
2.261098
2.989420
0.431931
1.160460
0.689038
0.652779
3.437511
1.101759
1.078236
0.173239
1.049239
0.124185
3.479802
0.936320
1.925060
0.103867
0.760014
5.443334
0.240861
3.597183
1.277282
1.001802
3.019603
0.145220
2.059208
0.575197
3.877071
2.172944
0.030697
3.132671
1.039527
1.742558
0.189639
0.623384
0.163017
3.775305
0.378837
2.473229
0.690513
0.147163
2.855523
1.778472
2.928365
2.571600
1.195238
0.127038
1.063794
2.161094
0.683332
3.832939
2.284372
1.338774
0.436382
1.020114
5.908389
2.452819
4.009432
0.735449
0.809553
0.139631
1.034058
1.841610
0.196489
2.001488
2.555317
0.207530
3.189344
2.502932
1.653191
2.413263
4.455604
3.852086
2.562263
2.371773
0.898276
1.435888
0.888107
5.680363
4.658276
0.165535
1.241955
3.615525
2.730554
1.763697
0.053078
0.449925
0.414755
0.422551
6.241789
1.373035
1.320941
1.335510
1.743707
0.556278
3.530683
2.583307
1.051999
0.708549
2.292664
0.602716
2.441025
2.147335
2.706816
2.465769
0.164397
2.434565
0.334477
0.884429
0.154408
0.399839
1.573284
2.306241
1.204803
2.498785
0.611110
1.775782
5.154837
2.294478
2.034338
5.614852
0.205543
1.458005
2.036099
1.314007
0.215131
1.567375
2.877412
1.519346
1.166327
1.947550
1.698324
0.595288
2.647063
0.694212
2.287106
1.292804
0.024914
2.901444
3.854292
1.610383
3.500967
3.062340
0.942984
2.607841
5.767617
0.052673
0.821820
0.785344
0.138637
2.517304
3.897923
0.521998
1.171719
0.334830
1.633951
0.709157
4.686036
1.872857
1.129793
4.773052
2.977464
3.602309
2.130870
0.993129
3.474546
2.201871
1.913155
3.269164
0.516760
1.145735
2.446809
3.948143
3.559695
2.217876
0.677404
3.684266
2.467411
1.417661
2.813466
1.414830
1.168290
2.984873
1.852191
0.859617
3.625244
1.773923
2.416263
0.842887
0.828708
3.042174
5.315447
2.103587
0.879641
5.071981
2.777704
0.617539
2.730632
1.865595
2.426308
5.505807
1.586371
1.692781
5.761500
0.268100
1.316500
1.875202
3.073246
1.752546
1.027996
0.703529
2.138088
0.745593
1.199144
2.202604
0.593965
0.963359
1.123930
2.955775
0.115387
0.244666
1.451213
2.927212
1.504303
5.573876
0.273193
1.865034
0.890343
1.311239
3.800084
2.400405
1.613120
0.648562
0.630146
0.963775
1.646626
2.535327
4.253612
1.338751
0.990780
0.191039
0.092446
1.928095
4.066265
4.615940
2.683152
1.015539
0.147885
1.874146
2.207448
0.268463
0.425939
1.313996
2.285905
0.406437
2.497996
0.096306
2.569111
0.562528
0.197047
1.567394
2.160122
0.843810
2.666044
2.830596
0.924580
5.288472
0.158377
1.821159
2.730778
2.487175
1.652434
0.509996
2.249680
2.717475
3.636670
1.352628
1.238978
3.199250
4.879710
2.108804
1.836207
2.315996
2.791287
3.689580
3.308631
2.476924
0.286242
0.566851
2.453834
3.195242
3.172777
1.299156
0.656584
2.752455
1.751416
5.122059
2.310092
1.280566
3.733099
0.656773
1.275598
1.808627
0.485770
0.514282
0.040814
2.677089
0.781194
2.135927
2.162745
2.473424
3.616328
2.817016
1.386967
0.642395
2.617005
0.235551
0.465177
5.949452
1.259574
2.653079
3.627871
1.315269
0.232044
1.397853
2.039260
1.276565
0.863817
1.527789
1.046849
3.227384
2.152262
0.058148
1.446223
3.425516
2.983092
0.154694
2.467028
1.279580
2.129010
5.611063
3.788527
1.190632
0.650904
1.185652
3.687640
2.233339
6.964446
0.548294
0.910808
2.090567
1.859368
1.452998
0.209470
0.643559
0.229433
1.422871
0.739585
0.890876
1.513723
3.043281
1.426837
2.097752
0.141292
1.998311
0.442230
2.872033
3.377731
0.482975
0.319444
3.111309
1.907399
1.280116
0.184839
1.066765
2.398855
2.362355
0.363577
0.507935
0.051353
2.497822
0.030845
2.403434
1.893254
6.727102
1.688243
0.583943
0.042283
2.777328
1.195869
0.200355
3.029502
0.507227
3.230116
0.874055
1.247688
3.198826
2.743109
5.245499
2.061704
2.083112
5.248286
2.378394
2.282253
2.179677
0.974105
1.927146
2.690394
1.718511
2.336018
0.462361
0.898453
0.619170
1.308493
2.321164
2.612776
2.093711
2.113569
5.285125
0.108789
2.191500
0.076619
0.030508
2.083466
0.611123
2.293229
0.944888
0.356672
2.779492
2.377325
1.504510
0.754038
0.244314
3.066940
0.284110
3.523233
2.153131
1.614350
2.256656
0.098490
0.598903
3.417226
1.116371
3.990612
1.118514
0.126475
2.572199
3.351359
0.318838
0.334191
2.421967
2.360549
0.834573
0.627288
4.210355
3.460731
2.233927
0.622491
1.525235
1.807352
0.102136
4.028939
0.975359
1.679587
2.385963
1.983208
1.653975
0.016702
1.793036
1.613080
1.242665
0.313747
1.659175
3.137012
2.437667
0.001746
0.729421
1.730025
2.347439
2.983292
4.002856
1.257296
1.814208
5.092120
2.232882
1.746243
1.552240
2.999030
2.429613
0.047050
0.834513
0.405246
2.969273
0.295028
0.434706
2.881854
2.338956
1.766747
3.754733
3.258789
1.573554
0.526000
2.093427
1.689797
1.810135
1.615602
3.116653
0.012467
3.332008
0.108597
4.057824
2.014463
2.322733
1.857944
1.786981
4.673439
0.865258
5.124653
3.747590
2.273735
2.434191
0.927352
0.275473
0.275495
1.387623
3.892019
0.066922
0.081438
0.945369
3.407651
0.822354
1.123441
2.361639
2.481939
3.973797
3.262423
6.073786
0.797859
2.700846
2.419742
2.382080
0.924421
6.037039
3.383683
1.609368
0.130797
0.493819
1.680714
3.253043
1.712617
1.056723
1.436494
0.588090
2.191402
1.372317
3.975991
4.466713
0.439414
0.507622
0.443388
4.613704
1.945554
3.173568
1.751284
1.486336
0.810457
2.411315
1.285074
0.118850
1.276113
2.172391
2.771230
0.807818
2.252843
4.338676
1.633259
0.534816
2.219430
0.320748
3.803999
1.299156
1.363469
0.925316
3.059586
1.555836
0.231341
0.702333
1.504952
2.999554
0.996376
2.394359
0.357085
1.302166
1.520379
3.146292
2.388734
1.257630
2.341716
5.179481
1.347228
2.629916
0.722216
0.816701
2.430548
4.895180
3.167496
0.327896
0.583913
1.017864
2.717364
1.145364
1.368985
1.297134
0.940604
4.201326
0.398678
2.467108
2.022744
2.916465
1.447072
3.688272
1.804219
1.994365
3.406501
2.355311
0.204019
4.871280
1.361161
0.219072
0.755825
0.905806
1.253615
2.565599
0.042383
3.625274
2.876370
0.734219
1.237730
4.225816
0.487365
0.369977
1.318811
2.037218
2.061641
2.125578
4.684458
0.791918
2.523439
2.867536
3.412712
4.766606
2.794306
5.419455
1.106535
2.436504
1.045494
2.841061
2.204216
0.053789
2.712610
3.125989
5.710276
0.230269
2.206176
1.121782
0.193855
2.944537
2.950057
0.225476
0.145870
1.500427
0.582214
1.060421
0.651911
0.772249
2.030895
1.587735
3.476692
0.053972
1.461885
1.404682
2.526104
2.104858
3.699015
0.180663
0.978315
1.096605
2.324130
1.265065
1.195274
0.981744
2.783876
1.330515
2.228926
5.677320
1.506484
3.710160
3.367408
2.785259
2.112626
0.370105
1.117395
3.075382
0.944065
1.690052
1.304401
2.916457
1.623096
2.105326
0.250095
2.397136
2.193309
2.236404
1.872596
4.046309
0.061028
4.289221
3.059846
1.952168
0.204437
1.669804
2.482284
1.728419
1.734650
2.308282
1.806707
4.932739
3.924328
0.617020
0.054940
0.036351
2.944268
1.513751
3.096054
2.413633
1.131423
4.465869
2.239188
1.786223
0.033986
0.089935
1.210601
0.382696
3.225528
0.317384
2.930375
3.418901
2.564697
2.570580
0.477138
3.383812
0.022706
0.045443
4.166625
5.503299
3.276942
3.504853
1.684350
0.038411
0.857399
1.158324
2.647884
1.614079
3.063739
0.384422
3.479348
2.819264
3.945053
3.407588
1.780137
0.326928
0.695117
0.072669
4.337336
5.214493
1.110258
0.145462
0.232814
1.616075
2.709766
0.115038
4.142733
0.506958
2.371814
2.104431
0.115339
0.299258
1.908909
0.866287
0.428948
1.219266
0.516369
2.088539
0.295639
0.478287
0.751688
3.549062
1.804188
1.479134
1.559187
0.678146
0.123557
1.803199
0.605470
4.307105
0.601832
1.317018
0.425768
3.063812
2.346480
2.456093
0.359745
1.939102
1.080485
2.146223
1.892186
2.815274
5.028693
0.048675
0.887558
0.111180
2.176384
0.117232
0.737521
3.205454
1.257033
1.719403
2.221650
1.375042
0.247715
3.418419
2.380779
2.290973
1.621480
1.499772
2.084333
0.574557
0.320610
0.252487
0.081154
3.132992
0.142463
0.200747
0.510084
2.405418
0.333346
1.555371
2.392383
0.301297
2.631389
1.730798
2.487606
0.205170
5.701695
0.275918
1.229598
2.832233
4.657889
2.042616
0.091877
1.326593
2.379140
1.092086
0.026276
2.374634
0.455828
2.720010
2.637570
2.429766
1.295894
3.376442
2.461562
0.849081
2.570248
1.628463
1.243289
1.439535
2.370749
2.886015
2.410487
3.187593
0.049465
3.766780
0.174466
0.253014
0.448621
0.646886
0.150843
0.208470
2.139531
1.338133
2.983173
0.796778
0.720590
0.599267
1.713932
0.130456
1.885877
0.164746
5.891174
2.267488
2.885541
3.221647
1.333626
2.418640
3.670615
3.097355
3.537564
0.823620
4.988656
1.587285
0.486279
1.255126
0.701129
2.140007
2.585939
0.079512
1.341409
0.350187
0.768543
1.863453
0.215008
0.952273
0.058642
3.493010
1.684614
3.907100
1.779823
4.514452
1.557125
0.053994
3.308557
0.249842
0.733242
0.273201
1.861450
3.068049
0.381766
4.669269
0.523183
3.448261
3.757368
0.750982
1.358193
0.455561
1.535625
2.657077
3.620911
2.564206
3.118058
3.112900
0.198629
3.560690
0.441276
4.184094
0.394116
0.476521
0.437131
1.611450
0.128129
5.183292
1.705668
0.163120
5.030508
1.663868
1.774295
3.604513
1.929698
1.495949
0.506384
0.027999
6.600903
2.419420
0.352931
2.447828
1.944254
0.428243
3.684346
2.684124
2.605542
1.455966
1.603580
4.089178
0.732630
0.875962
1.664163
0.930945
0.027114
2.789452
0.030933
4.739167
1.124463
0.237367
2.079058
2.180837
2.428893
5.715820
2.412286
1.163602
1.587246
0.454444
2.508774
1.434712
1.225622
0.149971
0.054518
3.107437
0.236715
0.190473
2.200001
1.957146
3.522460
2.370234
3.124712
2.753634
0.479690
0.592094
1.865557
2.801520
0.823106
0.383918
0.485363
1.723335
1.667830
1.295880
3.191983
1.925437
0.424186
0.996000
0.892809
2.578278
5.413066
3.101533
2.849974
1.540262
0.553018
3.192319
2.348325
2.683996
3.916825
3.327121
2.495021
2.706967
1.159975
0.006567
1.316582
0.460202
1.042847
0.117882
2.490954
1.438599
3.340843
1.501566
2.626487
0.417657
0.347758
0.764731
0.348948
3.745882
0.575517
7.061272
2.283361
2.453324
2.708257
2.992238
0.616733
0.082042
3.433822
2.731980
0.550426
2.217041
1.553469
2.432123
0.473382
1.252736
1.112050
2.446706
1.760156
5.658639
2.420519
2.053220
5.460632
0.470585
2.140084
1.711687
3.042375
2.154234
2.662419
3.329093
1.092106
1.504420
2.871808
0.297856
4.985221
2.292635
2.772674
0.235333
2.092956
2.067932
0.133622
0.018659
1.213316
0.245085
2.768713
0.343269
1.945148
0.872181
2.439853
2.469991
3.315725
2.103775
1.758530
0.263277
2.998322
1.463521
1.346866
2.329323
0.174170
2.765866
2.353784
0.919717
0.974526
2.401565
2.608639
4.973955
4.890144
1.801416
2.250277
0.079941
0.748157
0.538841
3.528548
2.809256
3.353396
0.490672
0.445230
1.346824
0.064182
1.372111
4.006900
4.776158
1.538374
1.711853
0.032303
1.261295
1.781532
5.206844
1.040412
1.117872
0.197041
4.280481
1.330186
2.805628
0.076205
0.023319
4.208753
1.971693
1.227480
1.175363
2.549452
0.570779
2.581837
3.501189
2.998586
1.935147
1.550754
0.303183
1.098184
2.302977
2.106920
0.761758
0.093798
1.290363
2.297797
4.265425
0.493249
2.381346
0.399869
1.573202
0.491085
2.185985
2.370677
2.427777
1.322058
0.135081
5.004076
1.128593
0.437063
1.254677
5.055332
3.414848
2.779612
2.979946
0.525731
0.166606
3.524528
1.333042
2.196362
2.969620
0.390669
1.278894
0.195452
0.045139
2.760109
1.819283
1.424969
1.660063
4.617957
3.577646
1.113998
1.515916
1.011157
2.124012
3.515279
0.046267
6.130966
0.801461
2.993263
0.828884
2.030027
5.714157
0.309041
0.187487
2.261885
0.177162
1.334446
2.630384
3.032463
2.624779
1.525538
1.020635
2.635983
5.686663
0.255344
2.241311
0.002689
0.322061
2.831828
2.102890
1.146198
4.046418
0.732031
2.440857
4.522632
1.687075
4.531056
1.623943
1.380014
2.549740
2.463741
2.963193
2.613999
1.084378
0.573549
3.049315
1.465147
2.228220
0.014454
0.700127
1.631684
0.758823
0.347259
0.226031
0.383562
0.432885
4.389865
1.175774
2.535597
5.270325
0.603857
1.366743
5.300428
2.730678
0.467581
1.334807
1.666728
0.257982
3.249817
1.831114
2.448364
3.321562
3.064253
1.942696
1.863395
3.026229
0.167552
2.981782
1.381562
0.768884
1.345014
4.357841
3.140439
1.414920
1.345736
1.774932
0.230265
0.848368
0.252464
0.022555
0.832736
3.227480
3.202690
0.200688
0.230694
3.434951
1.443792
0.878718
0.623524
3.063720
0.509014
2.469072
0.758258
2.185193
0.698481
2.162701
0.919493
0.565257
2.478250
0.021816
2.411339
2.824146
3.399056
6.017616
0.581842
0.431071
0.320934
2.945071
2.409061
1.524252
0.816608
1.039360
0.655291
1.218694
0.760504
2.473638
0.083308
1.042282
5.323371
0.900777
1.272734
1.398213
0.731132
3.469400
1.390294
0.505948
0.069390
2.532255
2.867024
1.277558
2.298902
0.172626
0.055658
1.991028
4.174791
0.126041
0.428312
4.541304
2.447127
1.575172
2.008841
2.202251
4.368250
1.103307
2.577928
5.931559
5.557057
2.686749
5.517835
2.411650
3.368391
0.105248
2.409299
0.856514
1.014772
2.527454
4.077210
0.357011
0.843665
3.950795
1.405489
2.939734
4.295196
1.372064
0.372690
2.207966
1.354931
2.045906
2.257038
2.841188
2.237931
1.697362
1.490442
0.618595
2.615834
0.403219
0.442785
1.227613
2.738144
2.913104
0.905262
0.564330
3.743196
1.516121
2.533377
2.374449
3.016739
2.022366
3.538702
2.488406
0.388238
0.425958
0.545119
0.141833
2.324259
0.743967
0.206155
0.646285
0.648514
6.313578
0.797189
3.445786
3.358213
2.564848
1.643139
1.460350
1.791769
4.703465
0.530068
0.289530
0.354618
2.353815
0.766243
0.440906
3.074765
3.522633
2.384791
1.556689
3.657327
0.336689
2.336953
1.083338
0.800151
1.068816
0.708234
1.968172
3.690473
0.956285
0.865320
1.608004
1.659385
0.565882
0.371571
0.519303
0.341181
0.436202
1.594392
3.198897
5.733575
1.295577
2.201663
3.381054
1.684291
0.357465
1.979234
1.766250
0.016563
2.018572
1.258619
3.581558
0.025972
0.049364
0.766533
0.143470
1.383590
5.498172
0.537363
0.179081
3.596628
1.095824
2.516425
3.592911
3.534371
1.093625
3.196474
4.360688
2.794826
0.013348
2.117733
0.292321
2.362451
1.520379
5.912809
0.046297
0.034296
1.546257
1.314357
0.768278
3.561658
0.523467
1.887955
0.197862
2.068573
1.237623
3.195819
1.960536
2.432729
2.806811
1.263511
1.220062
3.599609
2.343970
2.291121
0.960392
1.539926
3.259930
2.825520
2.329284
1.471678
2.816893
2.497388
0.943002
0.734492
0.052727
1.535124
1.562011
3.461339
3.168820
2.555978
0.199919
0.347493
1.903400
3.621434
0.368687
0.240734
2.138241
2.212754
1.557092
2.912108
3.318953
0.016993
2.666359
1.269152
1.265908
0.231677
0.313381
1.944023
2.918190
2.477995
1.648111
0.836450
0.572024
2.114903
0.747975
1.607036
1.637148
0.733625
3.823380
0.270369
3.611804
2.284588
3.058187
0.230404
2.201275
0.465338
3.736424
2.672144
1.376372
0.172113
2.237950
6.280465
0.426532
0.238082
4.651109
2.477387
2.736947
0.117736
0.032587
0.271704
0.251369
5.783170
1.646724
0.271712
0.315305
1.007346
0.032541
1.474138
1.898347
1.689954
4.161543
2.752243
1.866164
2.372218
0.115265
1.261768
1.227166
0.362454
2.600373
0.700623
1.136177
1.297482
1.925101
1.790618
2.599751
0.246204
4.990295
1.271799
0.353873
0.907177
2.314861
0.692399
2.623384
0.438183
0.060984
2.113975
1.304460
4.057188
2.314813
0.299334
0.655019
0.060540
1.675674
0.620168
1.133614
1.822588
1.291828
1.052131
4.565661
0.894025
0.738063
5.303758
1.397744
1.535305
0.625386
0.592643
0.056941
2.902189
0.525508
4.327902
3.836415
2.033222
0.761475
2.330936
1.058739
2.099701
2.579612
0.476091
1.755360
0.134429
1.211199
3.490747
3.669638
0.678992
1.544254
1.786772
1.518241
0.031722
2.115616
3.276614
0.385539
1.260342
3.379987
1.147303
5.240658
1.773346
0.567290
2.628353
1.293825
0.613894
2.625737
2.047091
0.318148
3.267407
1.744765
0.214521
3.134245
7.348943
2.422363
3.866299
0.526227
1.632093
1.821017
3.321798
1.537424
1.046399
0.417956
0.132338
0.796288
3.521005
2.935853
2.531187
0.860981
2.656980
0.851634
3.788996
0.729680
0.447627
1.513732
2.380618
1.258651
0.135318
1.059826
3.499685
2.189292
0.069276
0.505516
2.899880
0.968253
0.481780
2.314342
0.276153
0.313282
1.379847
2.265858
0.102957
2.304442
6.108268
0.939808
0.198396
2.700024
2.404943
2.377450
3.053484
0.050370
0.349732
1.522604
0.313732
2.571237
3.811250
0.011028
2.420018
0.320325
2.639239
0.897697
2.241697
0.903155
1.941748
1.387167
0.270145
0.794321
0.274841
0.365734
1.799455
1.307934
0.999058
4.086942
1.952647
1.612106
6.349701
3.540097
0.926513
0.810785
4.304170
1.450649
4.538793
3.218856
5.134099
3.272124
0.591705
2.502618
0.407322
3.991932
2.600237
0.335199
1.379931
3.686231
2.164320
0.268338
0.044578
0.353358
0.282465
2.874079
4.698527
1.234119
2.049277
1.578308
2.105260
1.619756
2.347806
2.808690
2.649962
0.383855
2.305418
0.244289
0.955788
2.995684
0.772026
0.193880
3.461996
0.426212
2.654277
1.634499
2.570199
0.645302
1.177763
1.493875
4.497716
0.484288
0.325270
1.574858
2.877848
3.665929
2.013504
5.524074
2.299819
4.851730
1.768604
4.260255
3.629969
1.696168
1.126697
0.359992
2.080754
2.082478
0.721121
1.904312
3.216534
2.107397
1.429845
2.258779
1.795358
2.161190
0.635784
4.429169
1.487849
0.138165
3.507111
1.887209
2.487394
4.674844
1.244049
5.801400
0.057276
2.806612
2.855723
2.457787
0.140719
0.528204
0.426088
1.106126
0.756737
0.857230
0.630866
2.530859
1.566508
3.540353
3.044809
0.420892
5.766195
2.038661
4.945682
0.073310
0.024220
2.133796
1.948441
1.566173
2.678341
2.536667
2.351378
0.395178
2.467615
2.520137
1.341325
0.040198
1.844597
1.821747
0.708789
2.463760
2.212333
2.355818
0.144955
1.247204
1.332056
4.804159
2.876654
5.869127
0.696527
0.708141
0.666462
1.433134
0.348771
0.041358
3.223524
2.804491
0.773715
0.043842
4.032277
1.207894
3.033382
1.899837
1.442458
0.751435
0.496908
1.441934
0.552174
0.127406
3.171525
2.275700
0.565500
4.244947
3.519690
2.857168
2.631935
2.956542
1.399440
0.372502
2.314468
1.505015
2.582945
3.683033
0.445060
0.050489
0.065646
0.215004
0.772613
0.325551
0.390878
3.643608
3.042191
2.158017
1.143875
1.814128
0.367658
2.494052
0.345485
1.769800
2.584058
1.376336
3.347025
0.807001
1.670760
1.410808
1.536755
0.430085
0.272415
2.715450
0.321323
0.616105
1.986046
2.659184
0.376133
0.702644
1.604843
2.919753
4.958421
2.356053
4.273201
1.851076
2.400122
3.121815
0.118711
0.131894
1.129564
1.062352
0.187588
2.535636
3.355034
3.716370
2.738521
2.475273
0.832370
2.410257
3.824351
5.078414
0.285846
0.271170
0.071580
0.007970
2.273667
2.599652
1.432372
3.476527
0.704920
3.266680
3.469538
1.102470
1.049125
6.110996
1.584228
2.289797
0.148915
2.036919
4.283101
0.682377
3.682480
0.562168
4.214514
0.344322
2.228239
1.039957
1.275089
0.692180
0.498767
3.364590
0.008402
3.669602
1.970601
0.649276
0.292125
1.498053
2.462101
0.685435
1.755146
1.538383
0.324810
3.256090
4.734913
0.363987
2.497500
0.305328
0.609244
1.538910
0.955310
0.428406
1.253510
0.410653
0.279543
5.415004
0.046884
0.647193
1.132648
0.530073
0.834980
3.144195
0.418283
2.595577
0.896468
3.105012
1.225111
0.225154
2.187731
1.406334
3.166777
0.885534
2.088006
4.299525
0.405849
0.570776
1.008680
2.319994
2.408396
0.290312
2.581738
1.343994
0.381184
0.721808
1.479669
2.457864
3.089180
0.743849
3.063975
1.330553
5.829485
0.099256
1.537434
3.520302
3.495789
0.069946
0.794179
1.622275
0.175964
0.040137
0.367775
1.331992
0.290474
1.804304
1.366868
2.126458
0.111585
1.197242
2.396464
3.095164
4.360265
3.074425
2.376020
0.002715
2.347636
0.399511
0.051910
0.447507
2.243420
1.900298
1.561772
1.189577
2.078866
1.464239
3.218513
3.640638
2.102145
1.531080
1.671946
3.839660
2.858385
0.527338
3.403255
2.737634
1.894783
1.773817
2.344976
3.859559
2.612862
1.679035
1.273602
3.007718
1.580467
0.243739
3.031426
3.534405
0.653325
2.800235
0.593304
1.991592
2.058526
0.907011
2.649625
0.979585
0.436560
0.864199
2.547236
1.306541
2.315037
0.385585
0.634767
2.174095
2.966566
0.588535
0.373670
0.637209
3.177007
5.067628
0.652810
2.405848
2.442474
2.302335
0.030847
1.064921
2.620421
2.364573
0.971922
3.792779
2.708674
5.467359
1.676481
2.639837
0.282761
0.806901
3.081469
1.438455
1.921460
4.122534
1.365238
1.294003
1.308493
0.947787
2.466123
3.807695
0.705076
2.384018
1.132521
1.345003
2.403122
5.233686
0.193769
0.982423
0.112220
1.286141
2.245043
5.176369
1.920860
0.026671
4.334288
1.598780
1.413366
3.186447
1.634228
2.845479
1.613185
2.229558
1.127046
2.191035
0.201474
1.283640
3.472604
1.030560
1.955950
0.072602
2.079994
0.450967
2.596933
1.424611
2.187749
1.000262
0.040635
0.658495
1.841389
0.582109
5.611897
2.902439
0.787882
1.848882
3.559351
2.702900
2.611182
1.460871
0.606159
3.917940
0.130733
2.484456
0.326976
4.533901
2.424407
3.581792
3.746750
0.593546
1.618267
0.433163
0.792075
2.140143
5.769333
2.949782
1.461311
5.267478
2.994705
0.135847
0.192103
2.779478
0.564854
2.510407
1.667968
0.083129
1.345390
0.932080
1.135931
1.719236
0.502484
0.105188
1.430949
0.000759
1.786682
0.366477
3.583684
3.216194
0.206617
3.111520
2.115458
4.593835
4.770114
3.480806
1.948533
3.840815
1.488611
1.265777
5.516832
3.364532
1.265412
0.239345
2.960128
0.317392
0.563464
1.156749
5.682143
3.015333
2.111031
2.444316
0.880704
1.257156
3.281470
0.417882
0.044854
2.703433
2.321575
2.351369
2.874701
2.327159
0.835236
1.740048
0.742407
1.424408
1.314223
1.568445
0.586191
0.236743
1.152957
1.339602
0.183709
2.056217
1.599993
2.823135
2.707456
0.345242
0.186495
0.829453
0.946809
1.537471
0.514581
1.759720
0.247662
2.469281
6.059046
0.615262
1.380654
0.559234
5.452497
0.182204
0.402067
0.290606
1.983361
4.858375
1.742507
5.469815
1.628585
3.389187
3.922811
2.166613
3.005102
2.215344
2.003652
1.633669
2.462110
2.000601
3.757501
2.525762
2.895255
7.201266
2.325741
1.171890
2.284824
0.157851
2.182591
2.287647
0.855960
0.777904
2.706253
0.225579
2.923668
3.198079
2.543330
3.972463
0.978033
1.532764
0.575314
0.921100
0.192619
2.180500
3.317277
3.965899
3.213451
1.093816
0.100689
1.842619
2.150560
1.236582
1.109991
2.216407
2.389538
3.062325
2.349265
0.105635
5.497552
0.991437
1.160594
0.714344
2.056765
0.295759
1.475274
3.696339
2.669855
1.729940
2.709073
0.544310
0.124720
1.542728
1.459786
0.775918
5.246648
1.456674
3.324314
1.841458
0.957162
0.078173
3.581766
0.342645
1.422436
2.125561
0.507078
0.329210
0.349231
2.198676
1.741485
2.222896
3.447475
0.355965
2.082342
3.167494
1.985441
0.898019
0.127538
0.165841
0.878940
7.253045
2.126516
0.548616
0.513317
3.180687
2.756778
4.836115
2.427754
1.835956
1.263772
2.745107
0.443207
1.615662
3.959833
1.517392
2.233619
3.900173
0.372240
3.742162
4.550568
1.651255
2.154622
0.575130
4.088587
1.554462
2.254881
2.768895
2.056100
1.578860
0.395211
4.058622
1.948687
1.456112
4.907908
2.269953
2.482545
1.479691
0.107595
0.392053
0.279558
3.726436
0.937382
0.562889
0.859362
3.512160
0.543228
0.560503
0.486435
0.156200
1.624521
0.424001
3.303443
4.051067
0.412881
1.785340
0.015749
2.454455
0.513192
3.599511
1.436149
2.913253
0.597412
0.909253
3.589447
0.412011
1.740532
2.168229
0.704843
4.517434
2.351166
1.103356
2.456055
1.438354
4.559241
3.146741
1.701400
0.774683
0.471214
2.854115
0.370439
3.655808
4.701907
2.412284
2.430848
2.992992
1.906322
0.220558
3.785355
1.855191
3.028828
3.334943
2.857620
2.337127
1.415287
2.502878
2.463732
1.393629
0.003704
1.604585
1.495922
2.642626
2.798745
4.374606
2.886557
3.158195
1.279476
1.820993
0.238651
1.450266
0.516371
0.719019
2.368125
1.703655
0.930159
0.947673
2.845512
4.545158
2.288879
0.625070
2.942700
0.064864
1.585746
4.439130
2.260273
1.096483
2.179456
1.906968
3.185533
1.734978
0.296966
4.599874
1.694903
0.624224
2.270195
0.121835
0.192884
2.809505
2.381654
0.820535
2.318255
1.877605
0.069835
2.196371
3.147346
2.192404
0.401365
0.494695
0.097747
2.760300
0.238839
1.298258
0.522794
3.883455
1.687551
2.195553
0.220080
3.258501
1.419996
0.279173
1.003328
2.791992
0.895760
4.090869
0.673362
2.005812
0.443675
2.646193
1.618231
0.619007
4.719205
0.990142
0.320829
1.999337
2.674448
2.029654
5.252901
1.489360
0.062873
0.827719
0.904728
0.401970
0.714753
3.353511
0.526598
0.265910
4.703899
4.037099
3.368420
0.892845
2.719153
0.972888
0.075873
1.547313
3.639225
3.616027
2.400641
0.378652
3.404061
0.667064
1.764269
1.284782
2.325650
0.178444
1.945512
0.245771
2.386526
0.804966
2.801746
0.316838
1.546013
0.541563
0.074802
8.010864
2.520705
4.701681
2.870621
0.014852
2.437753
3.307677
0.534630
1.940285
1.075418
2.323089
0.551504
0.411943
5.260353
2.604810
1.845971
4.713807
1.404772
0.205042
1.604973
0.618190
4.888713
2.466571
2.482136
3.559597
0.700970
2.518557
1.336309
0.061149
0.849738
0.798919
3.271683
2.304888
0.354868
2.432911
2.531375
0.667926
2.260426
3.487687
0.120041
0.361270
2.017233
0.352087
4.105802
1.819733
1.653541
1.718004
0.093576
0.121113
1.935570
0.126922
0.264842
0.631982
4.873881
1.134139
2.542633
0.807701
3.274468
3.459455
3.784761
0.575965
1.907271
0.167369
0.062170
2.160929
3.777649
1.053799
1.619998
3.591455
2.613593
3.204667
1.742592
4.766032
0.338580
1.503795
1.329302
0.742293
0.266050
0.574541
0.366927
2.410780
1.566144
5.245670
1.439349
0.358385
5.507472
0.255421
4.539645
3.553475
2.451830
1.263836
1.631142
2.370268
1.351371
1.339323
0.846846
2.411413
1.240118
1.769313
2.106813
0.807851
0.044855
2.086055
2.544654
2.508111
0.144074
0.696200
2.400748
4.934437
1.204500
2.178369
1.566934
3.623687
4.979422
0.115711
2.118998
1.354943
0.068128
1.519469
1.071262
1.440632
1.711997
5.541722
0.372061
2.700219
0.713552
0.253214
1.161948
0.743961
2.081243
3.781916
1.832263
1.382581
3.434461
2.425045
0.728341
2.534633
5.634795
1.624694
0.786292
3.419472
0.012713
4.006702
1.560705
0.898161
1.547407
0.112268
2.152253
2.970930
0.192239
5.799784
0.381095
0.195506
0.237717
3.381574
4.476953
0.427185
0.018365
4.048450
1.851541
0.273058
2.721140
0.592316
0.036036
3.448204
0.803625
1.707200
1.043570
2.288209
2.476378
5.438430
6.035659
3.594610
2.848106
3.069986
0.307065
1.452485
0.652629
0.297225
0.053894
2.135868
0.831355
3.221254
2.774395
1.412733
0.568785
5.386371
1.869142
0.792011
3.035122
1.164316
3.291863
1.504862
2.424675
1.150909
2.944841
0.080473
0.011585
3.344431
0.799519
0.245879
2.000941
0.453353
1.322970
1.125390
3.048108
4.001040
1.430372
3.170483
0.406725
2.201302
0.604331
2.899933
2.496790
1.661205
2.586081
2.263480
1.614923
1.254880
4.348987
0.194821
2.494984
3.696247
3.234086
1.203533
3.808366
5.902564
3.383916
2.145060
3.244868
2.345658
2.735583
1.353676
3.681300
3.068918
0.514412
4.429999
1.427454
0.612157
1.465762
4.271495
0.962641
1.068129
3.326854
1.067047
0.839434
0.218624
1.441380
3.214247
0.685290
1.041032
2.244297
2.157100
0.530391
0.071285
0.144219
3.564713
3.513640
0.925102
5.056993
1.446966
2.091992
0.430357
1.763143
1.964571
1.296871
3.193922
1.004838
3.530216
2.347442
0.641316
0.439557
5.263271
2.328648
3.215379
1.247987
2.432516
3.487344
0.579538
2.026523
1.772522
0.127264
0.070888
0.369956
2.329043
2.300088
0.051455
3.117990
0.820061
1.535087
1.323737
2.879061
0.278230
1.789845
0.648143
1.570823
1.344884
0.257866
0.324201
0.600043
1.111321
0.729208
2.530580
0.336433
2.187000
0.783788
2.898638
1.842108
0.168813
3.037459
0.957180
1.382474
2.492365
1.264948
2.520727
0.187354
1.800526
1.388958
0.426932
1.284641
1.998326
3.115816
0.578006
1.354187
4.749841
0.181567
0.146644
1.339678
0.719629
2.290558
0.281567
1.253839
1.787602
0.425829
1.567351
0.820885
0.323920
2.227775
2.387882
1.682794
2.779605
0.952804
1.155545
2.622183
0.316322
1.996116
5.242775
0.424390
3.937177
6.518792
0.337173
3.052237
3.525343
1.798337
3.411575
2.817390
3.012018
2.354885
0.347339
3.158522
1.466676
0.192414
0.315103
0.507116
1.579976
5.514781
0.187217
0.057934
0.386254
3.567037
2.845992
5.756317
2.016609
2.702678
0.057789
0.261805
1.558236
0.533414
4.243664
1.741599
0.434629
5.505150
1.087779
0.341767
0.220244
1.590528
1.377632
2.413285
2.523653
0.299977
2.018708
1.787662
1.231670
0.002940
2.354884
2.208494
1.939547
0.120385
0.638822
2.962646
1.373299
5.679083
0.582963
0.567271
3.818911
1.324109
1.877010
1.260737
0.156839
2.701013
1.208028
0.081648
2.177178
2.148972
1.201991
0.781052
2.191607
0.332794
2.552735
0.541048
2.501275
2.928659
3.491958
0.179152
2.131881
1.357264
4.816816
0.203432
0.305938
4.416701
0.902844
2.955873
1.969877
1.889939
3.592820
1.283319
5.034098
1.271431
1.298221
1.382645
0.074651
0.497375
0.599588
5.605560
2.602469
3.942369
4.943117
3.345432
0.202220
3.498821
0.018162
1.765653
4.990074
2.492388
0.045624
1.527135
1.128284
0.307866
1.990523
0.310994
1.174087
0.846821
1.406583
2.811982
1.444614
3.479445
0.805024
0.010739
1.145176
5.705717
1.761110
4.256395
2.720629
1.289106
1.313747
2.694855
1.714165
3.109289
0.417656
1.898781
2.114083
0.108590
3.055973
3.037031
2.246139
1.593963
0.637001
0.759484
4.494748
0.020186
0.940110
2.477748
2.146103
1.874687
2.574986
0.178667
1.747144
0.087527
0.779429
3.547703
0.378028
0.459787
1.515001
0.470974
1.316619
0.233560
0.656241
3.648702
0.627541
0.938536
3.311671
1.573511
0.020600
1.956990
0.411376
1.053770
2.882650
1.624963
2.534965
0.803520
3.249477
0.364655
1.257465
0.024471
1.253499
1.336986
2.909279
3.936720
2.252929
1.536583
3.177288
2.749041
1.004617
2.477951
2.158121
2.519989
1.367936
1.771198
2.210735
2.734906
1.537671
2.099816
0.748670
0.151904
0.731780
2.064372
0.532528
2.718963
3.169591
2.218079
2.766607
1.073187
4.925026
2.680386
1.523627
3.921780
3.104231
2.059678
2.254996
0.775379
1.433617
1.316198
2.549991
0.184968
1.008376
2.294448
1.419884
0.803967
0.405865
4.291755
2.999630
3.475980
2.427866
3.354489
4.425352
1.969246
0.750306
3.423504
2.225430
1.173680
2.248286
3.902097
2.622176
0.508167
1.568306
1.259700
1.032400
2.160608
0.847798
4.165117
1.765992
1.369292
2.172584
0.964777
0.063374
1.712590
3.596643
3.303606
3.250965
2.925740
1.998238
0.707713
3.236136
5.530373
0.940071
1.899483
3.028915
5.417141
0.539946
3.693595
5.206552
2.262865
0.516291
1.074803
0.280446
0.327058
4.989237
0.793326
2.274163
0.312279
0.145523
0.087394
0.335943
0.320923
3.900233
2.294151
4.528607
4.248748
0.414254
2.498602
1.859362
1.793487
1.978453
0.306016
3.292703
2.501346
1.372202
3.689468
2.202586
0.867553
0.151108
0.500051
0.257233
0.268344
1.676909
0.274894
4.252333
2.268242
0.296704
0.160551
3.430607
2.646970
1.016114
0.199243
1.083208
0.073476
5.518762
2.920152
0.219846
1.961040
3.152176
0.264014
0.078026
5.891174
3.141857
0.749929
2.485548
0.184131
2.184678
0.978440
0.460770
1.021718
0.979454
5.915927
0.132118
0.611733
3.586669
0.158195
0.823090
2.840539
2.439026
1.641310
0.861952
0.988284
0.837228
0.053599
2.016850
2.116504
3.656184
1.542485
0.072547
1.854655
2.356127
0.110173
0.031325
0.217339
4.597718
2.165427
1.253139
0.727935
3.053067
0.191930
2.089387
1.246216
1.253559
0.559241
0.101668
1.159356
1.638033
1.712074
2.859467
1.392490
0.730876
1.175220
3.343949
2.690764
1.972569
0.225197
0.066384
0.200374
0.496305
2.414877
2.613818
2.274221
0.595055
0.475809
1.087833
0.276432
0.234658
2.892954
1.714304
2.311835
1.625633
0.621714
1.039558
3.495486
1.256660
0.153485
0.399811
1.286807
2.787095
1.787889
3.258758
1.391793
0.839411
0.138506
2.554794
2.424746
2.940485
0.894818
1.278431
1.012686
0.185647
0.597163
0.334322
3.672278
1.084641
1.425297
1.365708
1.007751
0.183439
2.964918
1.505245
2.516392
0.163861
2.304271
0.030819
0.388542
1.064643
1.893985
0.348003
1.489244
0.989666
3.012632
0.611753
3.819312
2.296176
2.389850
6.898617
2.348102
2.089161
0.304633
2.578731
2.510194
0.100405
0.853281
0.366489
2.591398
1.982809
1.829380
4.651072
4.638551
1.113471
0.905816
4.447790
2.899955
2.157464
3.896676
1.317451
0.716377
3.579512
0.512041
3.284060
0.016081
0.974943
5.214063
3.329506
2.296842
1.380078
1.866552
0.690357
1.192634
0.964785
1.724501
5.417250
1.283337
3.721609
1.694517
2.455330
3.529724
5.529798
1.319649
0.368291
0.437298
1.573342
0.688954
2.283793
3.968985
0.478194
2.518742
0.857548
1.986571
0.474457
1.990120
0.028273
1.788003
2.777174
2.985616
3.941946
0.933592
0.259679
0.368652
0.053116
0.062396
2.049378
0.301831
1.734287
2.263682
0.974916
0.569159
3.360399
0.101179
1.428179
0.304072
0.144543
2.026409
0.417282
0.217839
1.717758
2.489162
0.142345
0.414371
0.723800
0.136988
2.771911
6.347208
0.684051
3.943756
0.175213
2.704456
0.000057
4.257546
0.006070
4.654604
2.477726
3.301679
0.174550
3.448547
3.279813
1.132009
0.012835
5.353553
2.177134
2.594736
3.342168
1.945841
1.055478
2.005894
2.716795
5.903073
0.676111
2.720411
1.708739
2.879275
5.160192
1.964685
3.091323
0.905942
1.610859
1.450240
0.113890
4.562254
0.122983
2.353046
1.121214
2.318349
3.861468
3.414942
0.570057
2.560086
0.423997
1.878704
0.572644
3.505022
2.690845
1.862216
0.464731
0.507352
1.476543
1.336628
3.141697
0.420546
1.284720
0.424633
2.754876
0.007074
3.523060
1.301626
0.632918
2.359953
2.172478
0.987940
3.482786
5.470088
1.982961
2.474018
0.487399
4.114292
0.358713
0.072948
1.398938
3.235122
4.619874
2.774326
0.060751
3.020224
1.428234
1.932989
1.327543
1.264863
3.300181
1.023478
5.326803
1.752120
3.565424
3.151844
2.151118
0.755148
3.641168
1.426937
5.339910
5.838259
2.399076
0.074718
0.158355
0.375348
2.346275
0.259740
0.381581
1.499154
0.132010
1.944806
1.446652
0.119610
2.399185
2.105473
2.109604
0.336578
0.453455
0.560631
4.200892
6.305283
2.055475
0.254921
0.287561
0.184102
2.477520
2.814448
1.697051
2.680042
1.574095
0.200255
2.638704
1.734112
0.680719
1.578109
0.766611
5.239773
1.109084
2.187045
2.519560
3.211022
3.296046
2.267469
0.090042
0.115622
2.480353
3.478447
2.623857
1.118679
0.126418
2.146154
0.476635
3.405666
2.485777
1.687594
2.915661
0.645384
2.235787
5.059023
1.338995
1.891993
1.161843
2.527503
3.551977
0.267199
0.183316
0.008589
0.560005
0.567325
0.649929
2.143967
1.480658
2.475150
0.515018
0.466244
0.045976
1.608708
0.178457
2.335098
2.652984
5.477205
0.118491
1.590415
1.254421
0.240648
1.429477
0.152301
3.254376
2.599682
0.106339
3.606684
0.919040
2.341095
4.017806
2.431733
1.957925
1.960088
1.898434
1.840387
1.007433
3.409752
4.640308
1.996174
0.329496
2.022789
4.258854
2.468759
0.045070
1.989762
1.671207
4.017428
2.499804
1.962975
3.005704
0.574241
0.971542
1.167818
1.654273
1.418863
0.163357
2.510471
1.282955
3.236350
2.461425
0.618639
0.189421
0.625806
2.955374
5.717418
1.804055
2.796074
1.715171
0.246055
0.679755
0.713846
2.197181
2.250818
3.451000
1.402286
1.322779
0.580558
0.503294
0.294446
0.185546
1.409649
3.530543
0.237553
1.274506
0.324542
0.197237
1.901001
0.167462
0.064913
1.484670
3.785968
2.995142
2.379149
3.177758
0.570620
3.486873
1.460699
1.332818
0.753985
0.052934
2.633822
1.653364
1.755892
0.868987
0.270929
2.709485
2.079746
2.364897
3.670847
0.579458
0.544860
0.492953
1.535124
1.449383
2.535102
0.245898
0.430875
3.070092
0.159258
2.474383
0.542865
0.214306
1.964999
3.749517
2.469390
4.278568
0.456816
2.477431
6.062351
0.720652
2.227988
3.596468
0.582259
1.934005
2.881236
3.471570
1.258278
1.273112
2.332251
1.526762
0.751713
2.596182
2.006511
2.479405
0.446709
3.530601
1.601807
0.639485
0.011428
2.250961
0.073877
0.026419
0.798730
2.869323
1.312568
3.289934
2.801385
2.299510
4.052429
0.116766
2.558204
2.305156
2.481052
3.132198
1.632220
0.385036
3.150327
3.174199
0.124363
1.377140
1.969103
2.250078
0.069721
0.170687
1.053888
2.572282
2.149332
1.896580
2.876679
3.426792
0.184862
1.232139
0.197324
0.978581
5.253759
0.463117
3.726444
0.726392
2.306574
0.541311
0.060443
0.187202
3.907692
1.407330
2.209295
0.166601
1.157261
0.197337
4.734589
3.722771
3.961192
0.073303
2.790041
0.449194
1.240239
0.067011
0.559027
0.195431
1.497083
2.215225
3.702974
1.867231
3.002070
1.549694
1.242901
2.340982
2.794772
2.420767
3.834049
2.083498
0.557666
1.350256
0.257907
0.020227
3.802599
1.698542
0.027898
1.639954
0.130244
2.464675
1.087663
2.185149
0.922314
0.189784
1.463525
2.690043
2.172645
4.675210
1.959350
1.613140
1.405812
0.932019
0.626755
3.008258
2.582385
1.735188
0.220582
2.081131
2.272677
0.123162
0.062271
0.872985
0.225337
3.366816
3.016494
2.591923
0.075932
4.806854
0.188151
1.198077
0.293101
2.441158
2.314856
2.595969
1.601098
1.518168
2.914790
2.307026
2.572023
1.581463
0.476001
1.541135
0.214970
2.346040
2.839808
0.875948
0.000380
0.755853
0.892696
2.413730
3.456721
1.673438
0.336339
1.058531
0.675461
1.624790
0.677097
3.161352
0.947771
2.780835
3.653176
1.045742
0.159087
2.912988
0.448065
1.127456
3.097696
0.295701
1.097090
0.011540
3.286066
0.751978
5.208058
2.295103
5.109267
2.355316
4.231664
0.431300
1.495239
2.622074
2.628246
5.078162
0.013090
4.721131
3.209450
2.470939
1.268871
2.405864
1.727023
2.566255
0.289715
5.089552
0.230812
2.242987
0.563725
0.483343
3.172493
2.325223
1.664459
0.271407
3.832607
0.180127
2.304856
1.281380
0.513696
0.302502
1.759453
0.067900
1.510720
0.101190
5.112700
1.492059
4.488873
2.434869
5.596271
1.842998
0.467613
0.380592
2.819801
2.679843
2.452319
1.718912
4.831380
0.209856
2.280647
0.072008
0.524556
0.797277
1.250474
0.360923
2.422114
0.593698
0.960969
1.456262
2.843944
4.923753
2.385985
2.251711
0.784581
0.114747
1.090492
2.192171
4.554477
2.234842
0.656187
0.000366
2.471882
4.781975
3.038982
0.203924
0.242747
0.334314
3.751449
1.776172
1.283709
2.229976
0.026824
1.494379
2.343029
0.171110
4.876575
1.976250
3.822059
1.434258
0.286342
0.433891
2.906122
0.016593
2.763046
3.314638
5.124850
1.731227
1.675626
1.427108
1.540985
1.811628
3.672577
1.800465
0.466080
1.632655
4.582871
3.005910
1.935376
0.402610
0.052346
1.165393
3.660016
0.329574
2.021761
2.680202
0.242017
3.357044
1.488283
1.991138
0.822493
0.431495
1.565909
2.156677
1.963139
0.009443
1.195499
0.062954
1.980791
0.785065
1.378342
2.434727
1.092035
0.659923
0.052744
2.811899
0.248596
0.070392
0.980856
2.609356
0.270968
0.043828
2.043650
1.008094
0.546601
2.024484
0.173854
1.788959
5.332561
1.754972
2.365397
1.207318
2.451376
0.308955
1.344462
0.648155
2.424161
2.169121
1.017811
0.150880
2.858893
2.224292
0.340702
0.046614
0.332795
1.828340
1.738016
1.738334
4.788676
0.139879
2.159828
0.024812
0.062764
1.285754
1.197756
4.167264
3.805589
4.072820
4.952979
0.104915
2.168964
3.601748
0.858751
1.296958
0.448021
0.635090
3.070232
1.329721
3.190288
2.636068
2.034499
1.605874
2.208084
3.497218
4.254267
6.537758
1.448085
0.188305
2.766675
1.658481
1.139262
0.536845
3.293955
2.078426
2.115334
3.685693
0.449209
1.585770
3.363249
5.980580
1.344051
0.063415
1.685579
2.268667
1.395981
1.550433
2.417706
2.226143
0.198207
2.604541
1.169146
1.629630
0.443306
3.519083
0.699846
0.082695
1.499808
5.300169
1.210585
2.576304
1.378592
1.607899
2.936324
1.555693
1.225884
3.136863
1.556295
1.127182
0.067629
0.800813
0.177247
0.684148
5.970874
2.713010
0.853649
1.684011
2.210471
0.951387
0.337337
0.988937
1.108011
0.718217
2.490515
2.199054
5.573586
2.396987
2.677329
3.390548
0.039081
2.584347
0.345731
0.117669
0.469852
2.259459
0.460665
1.870829
0.246910
1.585658
0.194404
1.864937
2.279816
1.994696
1.121082
1.259112
3.147279
3.564657
2.359676
3.468835
0.819495
3.542413
0.371396
3.572246
1.235336
2.041468
1.175269
3.127765
1.104179
3.497473
3.212610
0.795537
3.908624
1.926727
5.269209
1.596245
3.503469
2.384155
5.441008
0.058537
0.122142
1.377680
1.981212
0.013573
2.909511
5.625342
3.981947
2.313080
2.817990
2.699765
3.247458
2.485596
1.159978
4.282290
1.614687
0.227695
3.945502
5.620000
0.228272
0.597677
2.075226
1.180543
0.384597
2.348318
2.029167
0.003602
0.049561
2.148363
0.136487
0.365479
0.578594
2.330004
2.401048
0.947278
1.607415
0.567190
0.355643
1.802531
0.419723
2.236198
1.519273
0.261412
1.437339
1.231402
0.644849
4.021771
1.252830
3.064825
0.535673
0.078183
1.641997
2.325537
2.988232
2.118873
3.061874
1.130970
0.463320
0.435273
1.862268
1.513392
1.551952
1.713843
2.164276
1.496900
2.016234
2.812208
1.840513
0.232485
1.986235
2.907196
4.834663
0.050760
0.023271
2.425376
0.422735
2.650503
1.857355
0.721938
2.962996
0.291995
2.597856
4.123318
0.372219
4.317498
3.721506
3.417208
1.631341
1.681235
1.663340
2.232956
2.855449
0.971981
2.505105
2.497134
3.056391
0.801064
1.658098
2.426863
0.740440
0.914081
1.577009
3.553887
1.943848
1.004281
8.803856
0.638668
1.625557
1.019842
0.735287
0.131313
2.170023
0.701871
1.212375
1.603143
1.329449
1.476158
1.638645
1.391030
0.170110
0.241392
1.824297
0.984187
0.008731
1.321189
1.380078
3.702617
1.250394
3.388215
0.290593
1.134817
0.189279
0.398632
1.527033
0.030178
2.734461
1.711183
2.207957
1.051472
0.061771
3.966844
1.013496
2.222933
2.419897
0.935089
1.538788
2.918927
1.011170
3.594952
2.969114
2.427198
4.631788
2.003703
4.046606
2.991286
0.168169
0.819368
1.304689
3.584411
2.807419
0.630011
0.854265
0.247101
3.858634
3.664644
2.767697
5.227274
1.062881
0.639836
3.636272
0.007544
0.299343
0.096253
4.423524
0.315981
3.936101
1.355183
0.430428
2.553814
3.011065
2.485517
0.461128
2.512907
0.542700
2.442355
0.281264
0.872420
2.447925
0.279030
1.393009
1.436948
2.175459
0.239126
3.384842
1.641631
0.333263
2.156625
0.269545
1.486539
0.825333
1.272002
0.031988
2.395695
4.172045
2.940797
1.399817
2.369686
0.401642
0.013212
2.144548
0.250689
2.385822
0.630943
1.311714
5.640630
3.551705
5.434169
0.047233
0.704263
0.130037
2.557324
0.028784
1.785048
3.556796
3.196811
1.015465
0.230660
0.161615
2.795893
1.418355
2.618268
1.443762
1.553781
0.871105
0.271566
0.449724
1.525088
3.790757
1.019637
3.139346
1.331072
1.734910
0.173051
1.136495
0.185739
0.841940
0.154999
2.654233
2.711837
1.161619
3.089678
2.284942
1.167136
0.870276
6.150202
1.496725
0.163727
0.057510
2.997558
1.712446
0.271789
0.012198
1.975168
0.278146
0.351081
2.205694
0.807544
0.068881
3.142056
3.587519
0.486634
0.058518
2.341354
0.204310
0.139513
1.024402
4.976170
1.276440
4.374487
0.904081
1.625760
0.942925
0.599409
0.410854
0.082080
0.309722
3.022762
2.834246
0.216390
2.134591
3.185971
1.710751
0.422267
1.432179
2.175318
2.228740
5.113612
2.328144
2.537586
0.535479
1.580214
0.461198
0.467690
2.920306
3.247316
2.364030
3.465698
2.642652
2.402166
1.287130
1.410890
2.018678
0.060313
3.184235
2.233152
0.782682
1.218542
0.650174
2.646058
0.266342
0.329203
2.629140
2.581773
3.213361
0.892203
2.224033
0.330327
2.206684
0.577404
0.474200
2.349881
0.813292
2.261395
0.683351
4.360085
1.584492
1.103142
1.816253
5.720031
4.022502
1.499091
1.511731
0.083070
0.842820
1.915501
1.452242
0.994844
5.250152
0.775998
0.407463
0.279892
0.734278
0.673415
0.905620
0.087715
1.672932
5.493955
0.746795
1.441617
1.210098
1.351920
3.072311
4.742672
0.827470
1.593904
3.581321
2.201239
3.475150
2.098681
1.782851
2.459760
2.234954
1.917813
1.306382
3.800862
1.584141
0.455274
0.117996
0.040360
1.112345
4.884789
0.749155
1.239092
4.532041
1.035097
1.470524
2.228081
0.159878
1.268373
3.420209
0.524348
0.254474
1.241862
0.614552
2.581220
4.897443
2.450049
0.592998
4.033823
2.437135
1.918711
1.905609
0.631712
5.239232
1.160897
3.114221
3.664452
0.006158
3.406357
0.541515
3.817613
3.293306
0.941155
2.553462
2.699582
0.375721
0.057695
1.986921
0.434766
1.742495
3.448896
1.748424
1.888709
1.615516
0.047710
3.599558
4.247824
2.301905
1.616145
1.575525
0.564320
4.040419
3.338206
2.723846
2.805944
0.445375
2.689896
3.794707
0.387121
2.264683
0.554884
0.118714
1.860698
2.790043
2.434950
0.022968
0.408677
5.597565
0.831479
0.125224
2.143694
1.550080
5.157539
2.302945
1.576980
1.170928
1.377168
0.680114
1.722702
1.218917
1.490061
0.362748
2.616109
2.715495
1.547196
2.354913
2.361866
4.662185
2.481699
2.162041
0.412437
0.969510
2.418087
3.233573
0.222172
3.384842
0.658777
1.362449
2.191688
3.691162
2.538131
3.534501
0.110857
1.155141
2.228508
1.273637
0.267791
0.280316
2.198171
2.894503
1.308497
0.091368
1.817779
4.097004
0.251090
2.461668
4.577662
1.493434
0.582590
1.109787
3.059808
0.594093
1.316544
0.481123
0.192119
1.032066
1.463283
3.581059
0.417461
0.180522
0.177457
1.315038
3.347568
2.345855
1.870128
2.151290
0.134152
0.737540
2.070720
3.309851
2.327657
0.140959
0.165590
0.916881
2.329088
2.276118
0.570737
1.578564
4.808428
0.451377
1.554027
3.493323
0.387080
1.384205
0.209662
2.271154
1.089166
0.654927
1.451661
2.842872
1.553346
0.387940
1.196961
1.793415
2.473875
2.622055
6.219344
1.261906
2.773191
2.530975
0.555729
0.072476
1.368089
2.453675
3.282180
0.648903
1.749867
0.097120
5.400948
0.222100
0.035561
6.933722
1.583405
4.081815
2.062813
2.461077
0.428872
0.522084
1.287789
2.220977
0.645838
4.122503
3.558845
2.209960
0.747384
1.672878
3.503938
2.670776
2.551025
3.148431
1.036988
2.017835
1.853805
1.479467
2.603789
5.082996
2.237219
0.121380
1.983099
0.424711
1.443707
2.690105
2.213439
2.721243
4.188284
1.460036
0.200488
2.741267
3.174950
3.095577
2.866080
1.275179
0.051786
3.351479
0.053474
3.462665
0.498584
1.624810
2.830910
1.744325
2.505855
1.551735
1.289491
3.086366
0.261315
1.535407
3.910684
2.731944
1.061077
0.889527
3.440212
3.937028
4.343406
0.269345
2.702127
0.871458
2.646914
1.455434
1.624790
2.458619
1.977882
0.454630
3.026022
0.091034
2.957963
1.036553
2.109027
0.496617
1.747827
0.036921
0.701984
0.926308
3.305897
0.033709
2.828491
0.991483
0.362286
3.380060
0.753088
1.329906
1.444695
4.966141
2.692644
0.634277
5.274732
3.247962
2.609075
1.187867
0.392705
1.358146
0.736652
2.378140
0.562424
0.452393
4.313531
1.459971
2.182733
2.778633
3.435556
0.732368
0.474868
3.153264
0.055523
0.311218
3.419323
2.924977
1.369060
1.877409
4.942304
0.274042
3.238161
2.404220
2.061138
2.179050
5.497630
0.206959
1.350352
0.949594
3.193842
3.995041
3.778393
0.255540
0.394162
1.312342
2.753059
5.459426
2.109192
2.221337
1.457627
0.254901
0.135770
3.451114
1.472990
1.049245
0.513342
1.329816
1.444712
2.070894
0.530161
5.606311
2.623954
2.995496
0.118100
6.032845
0.210769
2.253176
4.303422
2.084945
2.558679
0.648206
0.814007
1.292677
3.379453
0.640219
0.245831
2.434731
5.376651
0.646754
0.215132
4.311986
2.986866
2.426320
0.449318
2.169594
1.939645
0.722739
1.738181
0.040021
0.926071
0.831947
1.376918
2.664171
1.522000
3.915328
2.248732
0.702468
1.954488
0.361416
0.208107
1.582942
2.099326
1.916045
0.047148
0.000848
3.106076
4.972941
2.309417
2.328614
0.660883
3.225105
0.090341
2.598314
0.697683
2.460896
4.355229
0.095850
2.135978
0.084854
0.787640
1.276393
2.211100
1.327709
1.808944
1.959265
2.163075
0.415835
5.317378
1.459915
1.397133
2.651044
0.226642
0.195845
0.721833
3.160668
2.885421
3.504164
2.793909
0.085689
0.053334
0.625169
0.189575
2.342703
4.513822
1.240084
0.042966
1.130487
0.066992
0.799217
4.852986
2.299400
1.266409
2.439287
2.760045
1.042932
2.478114
0.189343
2.929898
0.463486
0.483634
0.256160
2.444638
0.916683
2.225133
0.562810
0.070557
0.844147
0.058348
0.232341
2.227849
2.768412
0.311037
4.125328
0.022665
1.652909
0.268996
0.289926
1.478629
2.354529
0.291682
0.154226
2.427621
2.914777
1.452943
1.699740
2.424226
1.381243
0.030008
0.010012
1.308989
2.865861
4.739320
2.497814
0.931052
3.619428
0.288176
5.494848
1.960315
4.470893
2.838809
1.743730
2.753472
0.663751
3.358652
0.177024
1.366915
0.242314
3.810518
0.611049
0.515155
1.121085
1.143191
0.319140
1.466412
0.377706
2.128548
1.282872
0.407179
0.591804
5.682604
3.141820
0.140001
2.323770
1.025749
0.628257
2.147395
1.092691
2.265588
0.190382
3.496981
0.233956
2.658018
1.533732
1.299959
1.358053
1.753406
1.413107
1.302273
0.092674
1.986673
3.343835
1.085831
1.905273
0.303727
3.770932
0.620627
1.249406
0.565850
2.055928
0.377966
0.994498
0.014986
2.713602
3.985637
0.502705
2.159048
1.017811
3.937223
0.732641
1.397982
1.454004
0.223369
0.734288
0.779141
6.712707
2.739532
1.704738
2.826575
1.128649
2.693244
2.272318
2.498656
0.186022
1.065577
1.918473
0.212863
3.123188
1.724277
2.508672
2.839146
3.684238
1.657264
0.378795
0.919065
3.165281
2.146924
3.071812
0.483694
2.131687
2.114696
3.209351
1.346828
3.516433
0.762645
0.102381
2.741073
0.266661
0.023930
5.254100
7.501435
1.086723
0.823882
1.943883
3.459499
0.131448
4.807284
0.476712
1.558868
5.202665
0.634590
0.419326
0.108973
0.249846
3.444632
0.332200
3.410170
0.627927
0.391793
2.149478
2.001525
0.399623
3.624268
0.210810
5.398401
1.157172
0.926553
2.193435
2.473231
1.873430
1.812987
2.927988
1.001144
0.172612
3.118524
1.971025
2.839303
1.852497
1.414706
3.582050
2.191652
1.235646
0.827843
2.185763
2.651669
1.970150
3.322860
2.850180
0.447518
0.394277
3.983412
2.354901
0.519609
0.356032
1.443212
0.036596
4.404714
0.744087
2.358823
2.754414
0.933981
0.001447
2.362492
1.305297
0.604197
2.999337
0.131232
1.475077
2.270980
0.109616
1.742706
2.420637
0.193577
2.229651
0.309382
0.158045
3.030746
2.621657
2.922562
0.204339
0.921949
2.098257
2.065050
1.809879
2.924348
2.266253
0.448890
2.215555
2.405044
0.647043
0.094673
1.697199
2.463408
1.323898
2.957618
0.246415
2.413081
2.796604
0.355901
1.496301
4.398611
3.658928
0.392820
2.852500
1.952252
5.489563
2.240522
0.473708
1.592753
1.123496
0.041041
0.771001
0.538558
1.760075
0.187728
0.313205
0.702137
0.088762
1.888590
1.110088
4.873438
3.321144
1.490136
0.155441
0.681976
5.669094
0.684400
1.960465
4.192187
0.618407
0.224993
1.251851
2.479557
5.269796
0.953655
2.471966
1.688438
0.409291
2.842579
3.663578
2.445950
0.697290
2.045396
5.365657
0.697691
2.201980
0.480309
0.018761
1.458104
2.553084
1.757851
2.434081
2.634103
2.023061
1.328244
0.032694
1.815915
0.036138
2.041984
1.050811
0.419869
0.733201
2.515751
3.677643
2.663304
2.464537
0.157769
3.293869
3.830148
2.351653
0.417442
0.260917
1.761692
1.582163
1.610463
2.401426
2.301576
2.883081
4.525620
1.255796
0.665238
2.023356
1.476027
2.630838
4.227309
2.494104
0.962832
2.417927
2.080266
0.671086
1.355052
0.695273
1.890489
1.050703
1.494967
1.775870
1.395650
2.485040
0.352454
2.016467
0.099883
3.994400
3.085171
1.511726
2.756470
2.656673
0.938260
1.606757
1.375081
0.926872
1.391227
3.313640
1.518017
0.179196
0.630105
0.885061
0.792009
1.359571
6.008757
3.084612
1.777176
0.503885
2.156910
0.605503
3.474275
2.099848
2.601900
0.184000
2.308781
2.444696
0.264059
3.421641
0.431665
0.869977
1.248716
0.620324
1.018841
1.773729
2.810590
0.657616
0.090960
2.749393
3.919017
1.654911
2.696690
4.684513
1.277745
0.174751
1.081534
4.362334
2.856057
1.892312
3.018330
0.448573
0.656543
1.925300
5.095223
0.417536
4.045943
0.225119
2.587837
1.290697
2.341895
0.672672
3.763698
4.159286
0.347651
3.710034
0.732106
0.490081
0.468228
1.924943
4.404681
0.551117
2.117118
2.872671
0.321600
2.369054
2.586550
3.667529
1.998666
0.427709
0.407834
0.396588
0.751609
1.604470
2.774251
1.962085
1.730217
5.698658
2.203935
4.485842
2.434536
0.866337
0.084196
1.295613
0.129952
2.118573
2.013631
0.357763
0.268026
2.422751
1.385898
0.552594
3.261755
2.407567
2.472694
3.174763
2.558700
1.842222
1.068871
5.244405
1.294835
2.936537
1.969239
4.317678
0.622200
0.133453
0.154791
1.180605
0.857546
0.275810
2.404216
3.001424
1.239659
0.393873
1.268899
0.437835
3.104351
3.417458
0.990075
1.549703
2.340720
0.575185
0.369492
1.126577
1.303944
2.644991
1.501759
2.857540
4.196377
2.875816
3.953538
5.317604
2.356436
1.672559
0.760996
2.193381
2.424729
0.667957
0.240863
1.962149
1.159605
0.055133
0.000750
0.900339
0.731562
2.579260
2.048866
1.105392
3.176499
0.251672
3.205977
2.638356
3.846549
0.118351
0.326781
1.439488
0.100698
4.790089
2.226838
2.264586
3.013302
1.250565
0.226137
1.029695
0.944448
4.659411
1.066117
5.334314
3.401790
3.330621
0.044910
1.092551
3.187501
1.427212
0.813863
2.816726
2.034178
3.208742
0.348462
2.920432
0.672790
2.248798
0.730174
2.256637
1.842840
2.449241
3.066215
0.037364
2.721480
3.467344
0.319079
1.555637
1.710038
1.275150
1.269134
0.252364
2.345333
1.029417
0.757112
0.004911
2.498847
2.100208
2.247245
1.647472
1.863621
1.946688
0.200338
1.917513
1.275293
2.733182
2.492776
0.484413
3.065824
0.012160
0.060738
2.717492
0.974648
1.519003
2.068343
0.079499
1.469941
0.200014
2.425114
0.981859
2.765469
3.059936
