1.077619
2.245402
3.607023
3.393735
2.397244
0.332763
0.602333
1.285979
2.645266
0.129510
3.040933
0.145091
2.210398
3.247888
5.070454
1.169301
0.277890
1.487380
2.322441
1.789983
1.252739
0.997409
0.791894
1.465234
1.791494
0.532678
0.225959
0.093784
0.061880
0.680330
1.153308
2.310311
1.994968
0.444677
0.729046
0.608095
4.513102
0.242518
1.475305
0.025153
3.324306
2.144061
3.882624
1.718176
3.509158
3.275391
1.888616
5.548316
3.611359
0.299471
2.231428
1.855025
2.357620
0.175375
1.780469
0.413339
0.085163
0.952011
4.900788
4.279925
1.585814
0.091251
1.151377
3.534083
1.134627
0.409771
2.342115
2.159334
2.658973
2.968166
2.497927
5.399113
1.549793
1.226041
2.942628
0.198361
2.441912
1.654854
2.097027
1.375659
0.521669
0.412748
1.003910
4.373186
3.234919
1.252960
0.664511
1.361918
3.034542
2.717469
4.065862
2.593696
0.375427
4.777047
1.342454
5.057159
0.309507
1.253906
0.002573
1.633495
3.816754
3.432663
2.830850
1.212987
0.001800
2.146642
3.179826
5.337410
6.114396
1.410726
0.253978
1.842935
1.462066
5.299971
2.902047
3.848114
0.274865
2.750752
2.596847
2.565188
0.507825
3.480874
0.568096
1.760860
0.929404
4.629341
3.686028
1.460643
2.420808
0.981686
2.570535
2.296136
0.484176
2.399009
1.826923
5.358452
0.538027
0.115755
0.279861
1.286768
2.154450
5.579434
1.336411
3.768642
4.208470
1.774106
0.530916
1.159366
4.044024
3.695179
0.102502
1.715932
2.331361
0.439931
1.642467
0.923210
1.416407
1.984779
2.051904
1.816684
1.445340
1.777052
2.060604
1.413259
0.524002
5.263365
1.463448
0.793326
1.049599
3.014911
3.365527
3.265155
0.141219
3.335317
3.092358
0.722576
1.365970
2.782261
5.884869
3.910889
0.312858
0.875242
2.328016
0.711662
1.200595
0.332473
2.689422
1.466351
0.416790
0.215846
2.763856
0.532690
3.292310
1.265345
0.258740
2.026128
0.788309
1.184831
2.950652
3.386531
1.477235
0.137885
3.956916
0.427804
0.109785
4.961539
0.937126
0.313755
0.698013
2.631863
0.465996
1.140034
2.155960
0.258088
1.827980
1.260832
2.484021
2.715891
2.246848
1.538155
2.953029
3.568526
0.697169
1.765922
1.308708
2.593694
2.182334
2.824573
0.069566
4.159306
1.613797
0.328753
0.750615
0.764667
1.608738
0.096454
1.163929
0.052319
3.016229
0.805702
1.939248
0.814021
0.695911
2.205712
1.384232
3.499639
1.519296
5.371626
0.048014
1.932906
0.139009
1.091451
3.996269
4.246699
2.863953
1.471726
0.575574
1.552245
1.754932
2.228136
0.263117
1.855863
2.712296
2.403523
3.241615
1.511386
2.150654
1.631050
0.643477
2.742859
1.061542
2.473623
2.486930
5.277611
2.914656
2.217252
2.334077
2.424840
0.325967
4.173297
0.728739
0.136578
2.031780
4.468858
2.782282
1.939770
0.768334
5.956704
2.526575
0.058070
5.462586
0.102864
3.286181
0.672764
2.672303
0.021225
0.530071
0.208505
0.776796
1.380018
3.689536
1.227207
3.191674
1.658854
1.412983
1.122202
1.658371
5.395800
2.499316
1.175774
1.082844
3.032583
1.634043
3.201274
3.321695
2.800534
1.936831
1.361161
0.453312
2.162484
0.210978
3.511088
0.259131
1.378187
0.490574
2.310288
2.792645
2.209979
0.326871
2.420933
1.329865
1.341784
2.162397
0.410136
2.218529
0.186342
2.477284
0.250529
0.627826
0.241316
5.516439
2.680724
2.612070
2.089403
0.144535
0.567618
1.287858
0.350453
3.355850
2.247160
2.159940
2.424166
1.769601
2.838534
0.131237
2.119755
2.314138
0.006357
3.906836
1.484807
3.683661
0.334649
2.158935
2.304847
1.582076
0.971048
1.690811
0.350490
0.643418
2.011170
2.266504
2.262509
2.167451
0.089733
2.929201
2.820721
0.348379
1.488584
2.335840
0.290338
0.024676
0.491958
0.175518
0.461510
2.436768
2.369339
2.172671
0.030199
0.071485
0.113806
2.725090
2.673914
2.418309
0.281267
0.072745
5.480343
3.902325
3.044288
3.944742
4.327311
1.018847
2.413114
1.413871
0.163700
0.012947
0.792373
1.193320
2.608394
2.521023
0.250475
0.900944
0.772656
2.275417
2.851977
2.927162
1.222215
0.227351
0.535925
0.230472
0.440203
2.228053
0.655210
2.005180
1.211363
1.279239
0.518090
2.775091
3.352847
1.699395
0.615483
1.765642
0.638811
2.771829
0.921158
0.539930
1.692662
1.068530
0.234929
1.637570
4.553726
0.205839
0.815202
3.907314
0.676103
2.516333
4.776971
3.662245
4.897045
0.390309
0.474103
0.459610
3.859302
0.762264
0.369219
3.016262
2.945813
6.076670
2.632802
0.274368
0.069402
2.193659
2.568176
2.106739
0.238114
1.487371
2.281225
0.354905
4.290695
0.301574
0.792590
1.165968
1.888048
0.595932
2.281519
1.710170
0.257639
2.271164
3.207244
0.403196
1.653928
1.057529
1.090031
0.883637
2.124171
0.522134
0.791567
0.258420
1.091302
4.578100
2.343719
1.815300
1.978395
2.068209
0.349980
4.219207
2.473035
2.696129
2.425659
1.659106
1.595885
4.550474
2.389966
1.165512
0.399353
1.511880
2.387987
2.320411
2.494852
2.254109
3.596877
5.380806
3.020582
2.025658
1.132214
3.393202
2.792432
1.229263
2.210489
1.871140
1.379772
0.677563
0.350356
1.481546
0.032866
0.464558
2.360287
2.067260
0.772970
5.223414
2.334543
0.425324
2.375661
2.112626
0.089178
0.071330
3.582442
0.118565
2.228471
1.541438
0.756174
3.195491
0.169419
5.919747
3.019302
2.708449
1.135750
2.623036
1.432724
5.934986
0.486476
1.045651
0.174728
2.713912
1.499862
2.348037
2.248618
0.104163
1.684943
2.516738
1.872805
2.410334
0.779564
2.959699
0.241670
1.619817
3.380057
1.183569
3.536059
1.116759
3.009422
1.857137
2.918371
0.043305
2.200164
0.506095
2.551638
2.271765
2.254977
2.269044
0.942003
0.297960
0.660049
0.318763
1.765104
0.009735
3.433692
0.963959
4.993504
3.448424
0.176539
0.206505
3.009927
2.432576
1.504528
0.398450
0.224883
0.066320
0.188905
2.127498
2.735825
0.192281
1.588606
0.294830
2.246479
1.556494
0.110935
2.879782
0.751200
1.050162
0.988448
1.964044
2.500648
1.829063
2.283243
1.458173
0.232582
0.273307
4.963358
0.483729
2.535452
1.031000
2.783847
0.244625
0.307791
5.064848
0.814260
0.762204
0.120771
4.039430
3.431846
0.591244
0.198413
3.486915
5.029378
3.987674
5.503216
5.257536
2.298215
2.953332
1.738482
1.098886
0.385996
2.696384
0.981379
0.344721
0.199093
0.553182
2.613427
1.762280
5.153509
0.050403
1.201845
0.731323
3.507418
2.822282
5.391567
0.213501
0.599367
2.295600
2.416739
2.339171
4.055293
2.792984
0.945387
0.765075
0.885934
1.492322
2.255453
1.366802
2.574982
0.792380
3.168946
3.457787
0.606669
0.048486
2.650547
0.373501
1.099598
6.418464
1.513496
0.531874
0.575117
2.920428
4.379805
2.300098
1.276110
0.764008
3.507805
4.889640
2.260139
4.503453
1.843636
2.731028
2.730936
0.152241
2.504295
2.371011
1.581905
0.258438
1.112604
0.014058
0.352064
5.847828
1.019853
3.385991
0.315074
0.346793
0.736230
0.637887
3.151549
0.843059
2.532323
2.168981
2.984031
0.361607
0.595759
0.893928
2.542832
1.207061
0.130921
2.059223
0.081593
2.463047
0.596064
0.355591
1.039467
1.075108
1.545736
2.600493
1.226191
1.055656
2.654713
0.347816
2.239404
3.303043
3.554408
4.186697
3.711919
2.335733
5.257254
1.693216
2.904971
0.358070
1.691896
1.914069
2.546576
2.710920
3.456622
0.169576
2.681383
1.682105
4.769999
0.186847
0.933495
0.199145
0.061178
1.944505
0.979129
0.299601
0.560687
0.658740
0.418374
1.653756
0.639434
0.507025
2.385065
1.803812
2.027365
0.317105
0.861679
0.968168
2.072045
0.829641
0.221452
2.830374
2.875185
0.382990
2.272337
1.538458
1.837833
2.106747
1.506105
2.617807
4.317671
1.786342
0.939823
1.320428
0.112476
0.353145
2.542543
2.778472
0.095667
1.200741
0.069305
0.965531
0.019633
1.979944
2.038246
1.181152
1.000871
0.883151
2.517973
2.097760
1.824334
0.137615
0.546814
0.684213
0.085155
1.831114
1.826506
2.298543
2.615592
0.437783
1.009613
0.731684
2.426553
2.166369
1.714626
0.913629
1.337668
2.898627
2.354878
1.993139
2.656047
1.640413
2.538766
0.142042
1.104840
0.431982
4.458588
2.347693
0.106778
0.014684
1.876906
0.645674
5.014746
3.022727
3.042547
4.125860
3.530523
0.352487
0.925619
4.698106
2.002806
2.469354
2.216316
3.859995
2.182964
0.012005
0.590033
2.238362
1.763738
1.485651
1.210638
0.398359
3.460486
1.187014
1.557572
1.346489
1.752783
1.617032
1.811885
0.237139
3.180887
0.735372
0.074299
0.035312
0.691095
0.066253
4.553441
1.831351
2.457306
2.837157
0.632442
2.030072
0.009417
1.766033
2.882570
3.006171
2.507668
2.005790
2.356597
2.764000
2.401978
2.442091
1.405881
3.981421
3.590327
3.462037
2.011192
0.515589
1.530132
1.620246
2.473592
0.665892
2.398519
2.414406
1.580554
0.405846
1.256878
3.857890
0.132595
1.553138
4.209210
5.624555
0.697708
0.112738
0.595335
2.350253
5.650537
2.026090
3.321573
0.261199
3.579336
0.135192
1.268774
2.410500
1.527605
0.770985
0.451881
2.367088
0.086749
3.220527
2.220388
3.380269
3.164260
3.774463
1.530969
3.028923
0.510921
0.222436
2.214611
4.101502
1.378664
0.174904
3.223162
0.740828
2.164067
0.923139
0.635292
1.436885
0.081119
2.798558
4.259250
1.199115
3.834109
4.844746
0.096816
0.153684
6.135912
1.256917
6.090763
1.432305
3.629585
7.270440
1.270793
0.098169
1.733777
3.393851
0.201671
0.776985
2.194404
5.455168
1.227641
3.640771
1.783940
0.479571
2.380055
0.345121
1.877448
0.994915
2.870883
2.032726
2.300577
0.780419
2.099930
0.489826
1.291683
1.539767
0.180239
3.768425
3.129707
0.251515
2.363549
0.632796
1.568786
3.510954
0.477920
0.752528
0.732298
0.564320
2.566133
1.296706
2.853140
3.903876
2.162858
0.115626
2.825318
0.872157
1.533134
0.688205
2.496612
3.052364
0.143359
0.901513
0.218978
3.332683
4.071887
0.354322
5.420404
2.578648
3.221582
5.775405
5.798625
2.434178
0.383704
5.903139
0.714894
4.018112
1.908680
0.561431
2.337937
0.524597
2.190150
0.477847
0.584862
0.206772
0.029729
2.390026
2.656153
1.759319
0.975232
3.747598
0.192879
1.461432
0.190652
3.166755
1.105972
1.063168
0.827888
2.146727
2.403507
0.076961
1.464870
1.318296
0.569520
1.597327
2.946668
0.705003
0.761398
1.785054
2.743400
1.503637
2.510762
0.484357
1.575423
4.321632
0.452744
0.284248
1.061273
1.480425
1.377743
3.227808
1.889225
2.431609
0.167586
1.791553
5.992657
2.349504
1.558108
0.733865
4.088581
0.588856
2.614650
4.234283
2.879387
2.423235
3.770801
1.542537
0.088763
4.378345
1.568670
0.571200
4.224729
5.205622
0.683044
5.215936
0.989007
1.809854
3.678953
3.247671
0.054168
2.461975
0.438880
1.053908
0.271016
0.285195
0.172409
1.380905
1.727343
1.184961
1.866597
0.166529
2.569556
1.725242
2.302065
0.430481
1.511241
1.450368
1.733149
3.071653
0.953279
2.911268
0.947939
1.615275
1.027395
1.868571
5.924644
1.705437
0.265571
1.582519
0.342380
2.561765
0.566180
2.559615
2.467510
1.805167
1.456391
1.258725
1.633249
1.804334
1.135676
1.540388
2.427940
0.281626
1.835241
2.541374
3.145802
2.941426
1.053216
0.688898
2.950371
2.361408
1.295997
3.224549
1.966391
2.336174
2.134151
5.443193
2.177434
0.791907
5.473583
2.310178
2.040721
0.926647
4.744045
3.159961
4.544743
2.633388
0.387622
1.989279
1.553209
0.041820
0.437058
2.405778
0.065857
0.038780
0.262493
0.003710
2.911152
1.350950
2.260685
1.458349
2.815100
0.774214
0.913288
2.702176
0.027353
1.199636
1.097013
0.647159
0.518245
2.567504
2.498135
2.343390
4.269491
4.617206
0.523816
1.570246
2.671120
3.062721
0.295753
2.849800
1.654399
2.261146
1.065380
1.843238
1.882107
3.722995
0.525917
0.676593
0.019178
0.664459
0.124354
3.413641
0.666760
1.346878
0.353575
2.033047
0.881764
1.471151
0.999140
1.206486
0.732400
1.840028
1.514905
3.352216
3.345642
2.301775
1.110768
2.636759
1.437583
0.239948
1.147274
0.326112
3.462825
2.246261
2.379974
0.223955
2.584765
0.830856
2.201989
3.619062
2.302848
0.600038
1.662665
3.010050
0.084022
0.519538
0.538898
0.994525
0.088955
3.474911
2.203718
3.336509
0.051287
0.272284
2.436677
2.391924
0.929171
2.200561
5.419421
3.393848
2.164738
5.646208
3.290168
0.955107
1.826233
2.176411
0.926091
0.986284
0.168084
1.635361
0.788397
2.180536
2.045759
0.345609
1.410378
1.306460
1.859118
0.087978
3.022565
3.212804
1.100965
0.936371
0.655254
1.158512
0.303121
1.776662
1.717630
0.091001
0.211892
0.791069
4.037065
3.108827
2.149795
0.693557
1.156272
0.216650
1.339002
0.395294
2.903459
0.585145
3.462614
5.339765
0.005678
0.277559
0.403162
0.292064
1.373082
0.329004
2.641313
0.740826
1.457352
1.441668
0.670107
3.688280
0.135690
3.075217
2.230525
1.450739
3.250426
0.079649
3.735518
2.262624
2.528976
1.013854
2.678127
2.902563
2.788180
1.466130
2.187535
3.651877
2.424458
0.267571
0.029134
0.536126
0.411368
1.332735
1.450940
1.092560
1.799866
0.731140
0.449265
5.183805
0.778036
0.314527
0.013873
0.394131
1.765063
0.732119
0.472893
0.049582
0.715505
0.326787
1.832294
2.930220
3.312824
1.574158
1.442196
0.406266
0.385282
2.237331
0.791133
0.433127
3.190597
2.375519
0.251892
1.572865
2.966768
3.655944
2.293318
2.256599
2.307381
0.750706
3.019820
1.786670
3.593595
2.429596
0.448133
1.288888
5.403047
5.305793
1.434154
2.901555
2.439343
3.345361
2.353945
2.353571
0.919827
0.136122
2.209678
2.597613
2.521718
2.264856
2.328618
4.223117
1.499848
3.018911
2.182902
3.318903
0.568416
1.723761
0.425338
1.707067
0.243362
1.361953
0.266430
1.576216
2.484627
1.956304
2.402806
3.914666
1.645744
2.737214
0.949147
1.144783
1.830933
2.051608
0.150721
0.151222
2.640656
1.866326
0.432774
3.989439
0.145590
1.457967
6.219711
0.580860
0.142653
2.599434
2.356202
3.873110
0.487809
2.110734
0.264083
2.722363
3.834752
0.145781
1.631351
2.164790
0.010409
0.353383
1.862596
4.125359
1.616604
1.369091
1.307831
1.202511
2.795391
3.668955
1.338217
0.588432
0.603151
1.574539
3.330308
2.029540
1.248813
3.263246
0.530119
1.571892
1.449140
0.057257
0.805996
1.083276
3.388026
1.169494
2.533049
0.365900
0.464749
1.282507
0.154906
4.713084
2.370684
2.581196
1.318643
1.245719
1.706356
1.800459
2.596450
0.593774
2.815338
0.091420
2.110231
0.066920
2.833448
2.978089
0.467447
1.365692
0.341913
1.760581
2.102727
0.433413
1.427612
1.290337
0.258460
1.104559
3.772444
0.817620
2.179934
3.279940
0.269885
2.839654
0.306970
2.513684
0.491508
0.124133
1.150615
3.301299
1.253041
2.636720
5.999106
4.441819
0.245690
1.270494
3.607967
0.911236
1.055174
1.359539
2.892308
1.249532
4.075719
0.693575
2.979298
1.569064
2.007128
2.504115
1.378822
0.791128
3.992203
0.966932
1.779604
0.801156
1.936672
0.702590
2.306894
2.375910
2.346225
3.218436
1.889913
1.553918
0.493978
0.002495
5.331696
0.513083
0.480649
0.019040
2.472208
3.558574
0.029295
0.481582
0.593887
0.092330
0.451735
2.967746
4.988163
1.735971
0.605464
0.383822
2.681976
0.611908
3.609381
1.978330
0.374461
1.858092
0.759340
0.295626
1.427087
2.847262
1.927620
0.039302
1.185917
2.443703
0.065332
2.568163
1.015943
1.863943
5.945115
2.673414
4.219500
0.295017
0.314129
2.215096
1.047730
2.201962
3.278607
2.136910
2.409827
0.605003
0.838030
2.006734
2.173119
2.827797
1.592192
1.865712
0.758398
1.623304
2.424677
5.151720
3.303168
5.192447
2.572680
5.997454
0.348090
1.281055
0.738557
1.347666
0.069285
0.369222
1.403375
1.040489
0.180918
2.036459
0.113769
2.456275
0.944006
2.845949
1.946653
2.877285
1.814441
0.089142
0.806146
2.209368
0.008336
3.444313
1.902112
4.118961
2.352196
0.517448
0.306162
0.677959
0.570691
0.452107
4.053253
2.455107
1.346097
0.448565
1.604560
3.584235
0.147487
0.373741
2.743849
0.754251
0.120648
3.679187
0.379792
2.098951
1.907022
1.019346
3.399481
1.447425
2.308475
2.522089
0.083524
1.496484
3.224436
0.260374
1.807352
0.399724
1.384592
2.201212
3.739053
3.307663
3.488420
0.609192
1.195046
1.446660
2.155286
2.292170
3.071871
3.950961
0.040841
0.112721
6.321548
1.250167
4.177957
2.419873
3.398511
1.555940
0.607199
0.516805
0.886965
1.373386
0.739112
0.889637
1.717068
5.565496
3.655530
0.468023
0.719756
4.169299
4.574496
2.408436
3.237689
1.412441
0.603146
1.162284
1.751924
2.592121
2.269170
5.550046
4.767896
6.393113
1.505182
1.004816
2.879800
3.255693
3.809408
0.036455
1.083929
2.804833
4.541886
1.119451
0.263094
2.831083
2.556663
0.812985
0.177428
0.095637
0.767509
1.510312
2.880974
0.290679
2.128909
0.847507
0.600229
0.710786
2.508222
1.617657
0.145114
1.389957
1.725309
1.630667
2.997259
2.861642
1.821957
3.905847
0.483775
0.590760
0.412499
0.413938
0.425670
1.643181
0.344736
1.377858
2.277317
0.481008
5.192952
1.672852
2.757937
2.330642
3.344697
0.855845
3.351031
0.505505
1.750869
5.218071
0.373580
2.590271
1.853460
0.349003
0.863881
3.443608
0.488477
2.895900
0.048842
0.259714
2.161702
2.634052
0.792413
1.324797
1.466806
2.005507
4.946406
0.032409
0.218879
1.180497
0.689498
1.787262
0.424581
1.785865
1.169968
2.152150
2.229827
1.597806
1.455422
0.796969
0.725662
4.662466
0.759390
0.005725
0.272066
0.545583
1.125766
2.578668
0.483566
0.037403
2.189212
6.488874
1.673790
2.166980
0.047591
4.800899
1.699335
0.944376
1.510041
0.665876
3.168746
2.104185
2.379855
0.309076
2.578839
3.497862
0.029205
2.314082
2.645109
3.206085
0.019045
0.601575
1.054111
0.766596
4.895432
0.760987
1.611270
0.587367
2.132800
2.359248
2.582025
2.146702
0.147013
2.153803
2.373669
0.918862
0.232498
0.340215
6.092404
0.054618
0.690704
2.195508
0.997444
1.759430
1.640217
0.920399
3.769092
1.700047
2.419573
6.176720
0.658954
0.518198
2.867941
0.048602
2.354658
0.592752
2.237547
1.176568
1.743547
2.189748
2.099065
0.018651
0.027734
3.550259
0.073598
3.145518
0.737312
1.916452
0.017325
4.348391
0.142099
0.610186
3.107851
2.995072
0.616681
0.037326
2.589818
3.891255
0.146277
0.608619
0.240187
0.016472
0.310687
0.690578
5.180961
0.294261
0.589764
0.237648
0.683545
1.380070
2.368364
0.035563
1.281733
5.914578
2.508304
0.009663
1.049182
5.276331
0.100224
2.409291
1.825358
0.440050
2.864786
0.265267
5.111362
1.786294
2.887366
0.152442
1.662116
0.869181
4.015430
0.718166
3.412075
2.380336
0.059052
1.806116
0.755817
2.787369
0.684868
4.470928
1.675968
4.855044
1.764806
3.227634
3.299926
1.642550
1.329842
2.445281
2.393297
0.380508
1.141775
0.008212
0.075408
1.732323
1.484194
0.146764
0.421948
1.136582
2.714149
2.527036
3.359904
0.186143
3.868930
0.046091
5.479822
3.227331
0.955195
3.432632
2.806371
2.498857
2.680976
2.631552
6.184171
3.998960
1.057586
0.525687
2.587274
3.131064
4.807457
1.570164
2.446438
2.654339
0.907646
1.514655
2.959225
4.333343
0.002629
2.362431
0.771197
1.710663
1.305419
1.055875
5.248313
3.483027
1.295540
0.059828
1.024703
0.003696
0.966905
3.927863
0.867615
1.119270
2.220148
4.533259
1.337775
2.640256
3.353416
1.284496
0.473311
2.978757
0.019231
2.241227
1.946359
1.041253
1.308067
1.254617
0.529451
0.109267
0.958671
2.779312
3.825130
2.774923
0.389238
3.688695
0.098631
0.073549
0.674706
2.794888
2.393700
0.469861
0.242507
2.327133
1.611716
2.926428
2.109785
2.319725
2.196569
0.823044
3.684919
5.931149
0.722780
2.936803
1.804796
0.355421
2.494563
3.245664
2.294409
0.414525
0.341629
0.141497
0.371500
0.589743
5.555975
1.378822
2.012209
1.401546
0.085202
2.504973
3.028198
0.664797
0.577275
2.976536
0.194959
1.091931
3.230716
2.899453
1.921379
3.718555
1.869472
3.285601
3.265320
0.140353
3.087850
1.787823
0.598290
3.314369
1.315922
1.303727
2.634400
0.305607
2.408357
1.406558
0.033032
0.080045
2.588224
2.859524
1.529694
0.053214
2.086152
3.272952
1.618342
3.573563
1.535509
0.445587
1.595328
2.767197
2.791514
3.893884
0.440521
2.271300
1.873026
2.364575
0.807746
0.287589
3.311742
1.638017
1.568277
2.345586
0.292203
3.189504
0.057253
2.590867
5.521961
1.548338
0.767379
3.602445
2.487476
1.404287
2.472530
1.323132
5.751207
1.191178
0.379751
6.704202
2.122967
5.539467
0.341374
2.906415
0.949594
1.887117
2.343143
0.200669
1.524252
3.459057
0.886048
1.257068
1.264346
3.448386
0.114942
1.665754
0.439971
0.934829
1.578497
0.041167
0.089285
1.784595
2.584337
0.257850
1.095154
4.419388
4.988293
0.849102
3.826947
2.179227
1.861836
4.044543
4.015092
0.465156
3.410781
3.264279
5.196465
0.146803
1.977210
0.566987
0.521225
1.802404
2.284293
0.540874
0.044252
5.227708
2.071029
1.894497
2.965174
2.401574
5.563476
2.163824
2.207893
1.340656
0.044616
5.652655
0.661866
2.052029
2.572295
2.133568
5.641233
4.905403
2.346603
0.248341
2.244401
4.021453
1.098625
3.406878
3.631705
0.454759
3.517019
0.655514
2.181660
0.737404
2.149581
3.774350
4.086990
3.229724
0.559223
2.680363
3.176945
0.356121
0.806562
2.677862
1.800417
2.598161
0.528487
0.753496
2.921102
1.264148
1.685283
0.180494
0.738088
0.889992
1.402078
1.771775
6.182596
1.680306
1.518556
2.989420
1.160460
0.652779
1.101759
0.173239
0.124185
0.936320
0.103867
5.443334
3.597183
1.001802
0.145220
0.575197
2.172944
3.132671
1.742558
0.623384
3.775305
2.473229
0.147163
1.778472
2.571600
0.127038
2.161094
3.832939
1.338774
1.020114
2.452819
0.735449
0.139631
1.841610
2.001488
0.207530
2.502932
2.413263
3.852086
2.371773
1.435888
5.680363
0.165535
3.615525
1.763697
0.449925
0.422551
1.373035
1.335510
0.556278
2.583307
0.708549
0.602716
2.147335
2.465769
2.434565
0.884429
0.399839
2.306241
2.498785
1.775782
2.294478
5.614852
1.458005
1.314007
1.567375
1.519346
1.947550
0.595288
0.694212
1.292804
2.901444
1.610383
3.062340
2.607841
0.052673
0.785344
2.517304
0.521998
0.334830
0.709157
1.872857
4.773052
3.602309
0.993129
2.201871
3.269164
1.145735
3.948143
2.217876
3.684266
1.417661
1.414830
2.984873
0.859617
1.773923
0.842887
3.042174
2.103587
5.071981
0.617539
1.865595
5.505807
1.692781
0.268100
1.875202
1.752546
0.703529
0.745593
2.202604
0.963359
2.955775
0.244666
2.927212
5.573876
1.865034
1.311239
2.400405
0.648562
0.963775
2.535327
1.338751
0.191039
1.928095
4.615940
1.015539
1.874146
0.268463
1.313996
0.406437
0.096306
0.562528
1.567394
0.843810
2.830596
5.288472
1.821159
2.487175
0.509996
2.717475
1.352628
3.199250
2.108804
2.315996
3.689580
2.476924
0.566851
3.195242
1.299156
2.752455
5.122059
1.280566
0.656773
1.808627
0.514282
2.677089
2.135927
2.473424
2.817016
0.642395
0.235551
5.949452
2.653079
1.315269
1.397853
1.276565
1.527789
3.227384
0.058148
3.425516
0.154694
1.279580
5.611063
1.190632
1.185652
2.233339
0.548294
2.090567
1.452998
0.643559
1.422871
0.890876
3.043281
2.097752
1.998311
2.872033
0.482975
3.111309
1.280116
1.066765
2.362355
0.507935
2.497822
2.403434
6.727102
0.583943
2.777328
0.200355
0.507227
0.874055
3.198826
5.245499
2.083112
2.378394
2.179677
1.927146
1.718511
0.462361
0.619170
2.321164
2.093711
5.285125
2.191500
0.030508
0.611123
0.944888
2.779492
1.504510
0.244314
0.284110
2.153131
2.256656
0.598903
1.116371
1.118514
2.572199
0.318838
2.421967
0.834573
4.210355
2.233927
1.525235
0.102136
0.975359
2.385963
1.653975
1.793036
1.242665
1.659175
2.437667
0.729421
2.347439
4.002856
1.814208
2.232882
1.552240
2.429613
0.834513
2.969273
0.434706
2.338956
3.754733
1.573554
2.093427
1.810135
3.116653
3.332008
4.057824
2.322733
1.786981
0.865258
3.747590
2.434191
0.275473
1.387623
0.066922
0.945369
0.822354
2.361639
3.973797
6.073786
2.700846
2.382080
6.037039
1.609368
0.493819
3.253043
1.056723
0.588090
1.372317
4.466713
0.507622
4.613704
3.173568
1.486336
2.411315
0.118850
2.172391
0.807818
4.338676
0.534816
0.320748
1.299156
0.925316
1.555836
0.702333
2.999554
2.394359
1.302166
3.146292
1.257630
5.179481
2.629916
0.816701
4.895180
0.327896
1.017864
1.145364
1.297134
4.201326
2.467108
2.916465
3.688272
1.994365
2.355311
4.871280
0.219072
0.905806
2.565599
3.625274
0.734219
4.225816
0.369977
2.037218
2.125578
0.791918
2.867536
4.766606
5.419455
2.436504
2.841061
0.053789
3.125989
0.230269
1.121782
2.944537
0.225476
1.500427
1.060421
0.772249
1.587735
0.053972
1.404682
2.104858
0.180663
1.096605
1.265065
0.981744
1.330515
5.677320
3.710160
2.785259
0.370105
3.075382
1.690052
2.916457
2.105326
2.397136
2.236404
4.046309
4.289221
1.952168
1.669804
1.728419
2.308282
4.932739
0.617020
0.036351
1.513751
2.413633
4.465869
1.786223
0.089935
0.382696
0.317384
3.418901
2.570580
3.383812
0.045443
5.503299
3.504853
0.038411
1.158324
1.614079
0.384422
2.819264
3.407588
0.326928
0.072669
5.214493
0.145462
1.616075
0.115038
0.506958
2.104431
0.299258
0.866287
1.219266
2.088539
0.478287
3.549062
1.479134
0.678146
1.803199
4.307105
1.317018
3.063812
2.456093
1.939102
2.146223
2.815274
0.048675
0.111180
0.117232
3.205454
1.719403
1.375042
3.418419
2.290973
1.499772
0.574557
0.252487
3.132992
0.200747
2.405418
1.555371
0.301297
1.730798
0.205170
0.275918
2.832233
2.042616
1.326593
1.092086
2.374634
2.720010
2.429766
3.376442
0.849081
1.628463
1.439535
2.886015
3.187593
3.766780
0.253014
0.646886
0.208470
1.338133
0.796778
0.599267
0.130456
0.164746
2.267488
3.221647
2.418640
3.097355
0.823620
1.587285
1.255126
2.140007
0.079512
0.350187
1.863453
0.952273
3.493010
3.907100
4.514452
0.053994
0.249842
0.273201
3.068049
4.669269
3.448261
0.750982
0.455561
2.657077
2.564206
3.112900
3.560690
4.184094
0.476521
1.611450
5.183292
0.163120
1.663868
3.604513
1.495949
0.027999
2.419420
2.447828
0.428243
2.684124
1.455966
4.089178
0.875962
0.930945
2.789452
4.739167
0.237367
2.180837
5.715820
1.163602
0.454444
1.434712
0.149971
3.107437
0.190473
1.957146
2.370234
2.753634
0.592094
2.801520
0.383918
1.723335
1.295880
1.925437
0.996000
2.578278
3.101533
1.540262
3.192319
2.683996
3.327121
2.706967
0.006567
0.460202
0.117882
1.438599
1.501566
0.417657
0.764731
3.745882
7.061272
2.453324
2.992238
0.082042
2.731980
2.217041
2.432123
1.252736
2.446706
5.658639
2.053220
0.470585
1.711687
2.154234
3.329093
1.504420
0.297856
2.292635
0.235333
2.067932
0.018659
0.245085
0.343269
0.872181
2.469991
2.103775
0.263277
1.463521
2.329323
2.765866
0.919717
2.401565
4.973955
1.801416
0.079941
0.538841
2.809256
0.490672
1.346824
1.372111
4.776158
1.711853
1.261295
5.206844
1.117872
4.280481
2.805628
0.023319
1.971693
1.175363
0.570779
3.501189
1.935147
0.303183
2.302977
0.761758
1.290363
4.265425
2.381346
1.573202
2.185985
2.427777
0.135081
1.128593
1.254677
3.414848
2.979946
0.166606
1.333042
2.969620
1.278894
0.045139
1.819283
1.660063
3.577646
1.515916
2.124012
0.046267
0.801461
0.828884
5.714157
0.187487
0.177162
2.630384
2.624779
1.020635
5.686663
2.241311
0.322061
2.102890
4.046418
2.440857
1.687075
1.623943
2.549740
2.963193
1.084378
3.049315
2.228220
0.700127
0.758823
0.226031
0.432885
1.175774
5.270325
1.366743
2.730678
1.334807
0.257982
1.831114
3.321562
1.942696
3.026229
2.981782
0.768884
4.357841
1.414920
1.774932
0.848368
0.022555
3.227480
0.200688
3.434951
0.878718
3.063720
2.469072
2.185193
2.162701
0.565257
0.021816
2.824146
6.017616
0.431071
2.945071
1.524252
1.039360
1.218694
2.473638
1.042282
0.900777
1.398213
3.469400
0.505948
2.532255
1.277558
0.172626
1.991028
0.126041
4.541304
1.575172
2.202251
1.103307
5.931559
2.686749
2.411650
0.105248
0.856514
2.527454
0.357011
3.950795
2.939734
1.372064
2.207966
2.045906
2.841188
1.697362
0.618595
0.403219
1.227613
2.913104
0.564330
1.516121
2.374449
2.022366
2.488406
0.425958
0.141833
0.743967
0.646285
6.313578
3.445786
2.564848
1.460350
4.703465
0.289530
2.353815
0.440906
3.522633
1.556689
0.336689
1.083338
1.068816
1.968172
0.956285
1.608004
0.565882
0.519303
0.436202
3.198897
1.295577
3.381054
0.357465
1.766250
2.018572
3.581558
0.049364
0.143470
5.498172
0.179081
1.095824
3.592911
1.093625
4.360688
0.013348
0.292321
1.520379
0.046297
1.546257
0.768278
0.523467
0.197862
1.237623
1.960536
2.806811
1.220062
2.343970
0.960392
3.259930
2.329284
2.816893
0.943002
0.052727
1.562011
3.168820
0.199919
1.903400
0.368687
2.138241
1.557092
3.318953
2.666359
1.265908
0.313381
2.918190
1.648111
0.572024
0.747975
1.637148
3.823380
3.611804
3.058187
2.201275
3.736424
1.376372
2.237950
0.426532
4.651109
2.736947
0.032587
0.251369
1.646724
0.315305
0.032541
1.898347
4.161543
1.866164
0.115265
1.227166
2.600373
1.136177
1.925101
2.599751
4.990295
0.353873
2.314861
2.623384
0.060984
1.304460
2.314813
0.655019
1.675674
1.133614
1.291828
4.565661
0.738063
1.397744
0.625386
0.056941
0.525508
3.836415
0.761475
1.058739
2.579612
1.755360
1.211199
3.669638
1.544254
1.518241
2.115616
0.385539
3.379987
5.240658
0.567290
1.293825
2.625737
0.318148
1.744765
3.134245
2.422363
0.526227
1.821017
1.537424
0.417956
0.796288
2.935853
0.860981
0.851634
0.729680
1.513732
1.258651
1.059826
2.189292
0.505516
0.968253
2.314342
0.313282
2.265858
2.304442
0.939808
2.700024
2.377450
0.050370
1.522604
2.571237
0.011028
0.320325
0.897697
0.903155
1.387167
0.794321
0.365734
1.307934
4.086942
1.612106
3.540097
0.810785
1.450649
3.218856
3.272124
2.502618
3.991932
0.335199
3.686231
0.268338
0.353358
2.874079
1.234119
1.578308
1.619756
2.808690
0.383855
0.244289
2.995684
0.193880
0.426212
1.634499
0.645302
1.493875
0.484288
1.574858
3.665929
5.524074
4.851730
4.260255
1.696168
0.359992
2.082478
1.904312
2.107397
2.258779
2.161190
4.429169
0.138165
1.887209
4.674844
5.801400
2.806612
2.457787
0.528204
1.106126
0.857230
2.530859
3.540353
0.420892
2.038661
0.073310
2.133796
1.566173
2.536667
0.395178
2.520137
0.040198
1.821747
2.463760
2.355818
1.247204
4.804159
5.869127
0.708141
1.433134
0.041358
2.804491
0.043842
1.207894
1.899837
0.751435
1.441934
0.127406
2.275700
4.244947
2.857168
2.956542
0.372502
1.505015
3.683033
0.050489
0.215004
0.325551
3.643608
2.158017
1.814128
2.494052
1.769800
1.376336
0.807001
1.410808
0.430085
2.715450
0.616105
2.659184
0.702644
2.919753
2.356053
1.851076
3.121815
0.131894
1.062352
2.535636
3.716370
2.475273
2.410257
5.078414
0.271170
0.007970
2.599652
3.476527
3.266680
1.102470
6.110996
2.289797
2.036919
0.682377
0.562168
0.344322
1.039957
0.692180
3.364590
3.669602
0.649276
1.498053
0.685435
1.538383
3.256090
0.363987
0.305328
1.538910
0.428406
0.410653
5.415004
0.647193
0.530073
3.144195
2.595577
3.105012
0.225154
1.406334
0.885534
4.299525
0.570776
2.319994
0.290312
1.343994
0.721808
2.457864
0.743849
1.330553
0.099256
3.520302
0.069946
1.622275
0.040137
1.331992
1.804304
2.126458
1.197242
3.095164
3.074425
0.002715
0.399511
0.447507
1.900298
1.189577
1.464239
3.640638
1.531080
3.839660
0.527338
2.737634
1.773817
3.859559
1.679035
3.007718
0.243739
3.534405
2.800235
1.991592
0.907011
0.979585
0.864199
1.306541
0.385585
2.174095
0.588535
0.637209
5.067628
2.405848
2.302335
1.064921
2.364573
3.792779
5.467359
2.639837
0.806901
1.438455
4.122534
1.294003
0.947787
3.807695
2.384018
1.345003
5.233686
0.982423
1.286141
5.176369
0.026671
1.598780
3.186447
2.845479
2.229558
2.191035
1.283640
1.030560
0.072602
0.450967
1.424611
1.000262
0.658495
0.582109
2.902439
1.848882
2.702900
1.460871
3.917940
2.484456
4.533901
3.581792
0.593546
0.433163
2.140143
2.949782
5.267478
0.135847
2.779478
2.510407
0.083129
0.932080
1.719236
0.105188
0.000759
0.366477
3.216194
3.111520
4.593835
3.480806
3.840815
1.265777
3.364532
0.239345
0.317392
1.156749
3.015333
2.444316
1.257156
0.417882
2.703433
2.351369
2.327159
1.740048
1.424408
1.568445
0.236743
1.339602
2.056217
2.823135
0.345242
0.829453
1.537471
1.759720
2.469281
0.615262
0.559234
0.182204
0.290606
4.858375
5.469815
3.389187
2.166613
2.215344
1.633669
2.000601
2.525762
7.201266
1.171890
0.157851
2.287647
0.777904
0.225579
3.198079
3.972463
1.532764
0.921100
2.180500
3.965899
1.093816
1.842619
1.236582
2.216407
3.062325
0.105635
0.991437
0.714344
0.295759
3.696339
1.729940
0.544310
1.542728
0.775918
1.456674
1.841458
0.078173
0.342645
2.125561
0.329210
2.198676
2.222896
0.355965
3.167494
0.898019
0.165841
7.253045
0.548616
3.180687
4.836115
1.835956
2.745107
1.615662
1.517392
3.900173
3.742162
1.651255
0.575130
1.554462
2.768895
1.578860
4.058622
1.456112
2.269953
1.479691
0.392053
3.726436
0.562889
3.512160
0.560503
0.156200
0.424001
4.051067
1.785340
2.454455
3.599511
2.913253
0.909253
0.412011
2.168229
4.517434
1.103356
1.438354
3.146741
0.774683
2.854115
3.655808
2.412284
2.992992
0.220558
1.855191
3.334943
2.337127
2.502878
1.393629
1.604585
2.642626
4.374606
3.158195
1.820993
1.450266
0.719019
1.703655
0.947673
4.545158
0.625070
0.064864
4.439130
1.096483
1.906968
1.734978
4.599874
0.624224
0.121835
2.809505
0.820535
1.877605
2.196371
2.192404
0.494695
2.760300
1.298258
3.883455
2.195553
3.258501
0.279173
2.791992
4.090869
2.005812
2.646193
0.619007
0.990142
1.999337
2.029654
1.489360
0.827719
0.401970
3.353511
0.265910
4.037099
0.892845
0.972888
1.547313
3.616027
0.378652
0.667064
1.284782
0.178444
0.245771
0.804966
0.316838
0.541563
8.010864
4.701681
0.014852
3.307677
1.940285
2.323089
0.411943
2.604810
4.713807
0.205042
0.618190
2.466571
3.559597
2.518557
0.061149
0.798919
2.304888
2.432911
0.667926
3.487687
0.361270
0.352087
1.819733
1.718004
0.121113
0.126922
0.631982
1.134139
0.807701
3.459455
0.575965
0.167369
2.160929
1.053799
3.591455
3.204667
4.766032
1.503795
0.742293
0.574541
2.410780
5.245670
0.358385
0.255421
3.553475
1.263836
2.370268
1.339323
2.411413
1.769313
0.807851
2.086055
2.508111
0.696200
4.934437
2.178369
3.623687
0.115711
1.354943
1.519469
1.440632
5.541722
2.700219
0.253214
0.743961
3.781916
1.382581
2.425045
2.534633
1.624694
3.419472
4.006702
0.898161
0.112268
2.970930
5.799784
0.195506
3.381574
0.427185
4.048450
0.273058
0.592316
3.448204
1.707200
2.288209
5.438430
3.594610
3.069986
1.452485
0.297225
2.135868
3.221254
1.412733
5.386371
0.792011
1.164316
1.504862
1.150909
0.080473
3.344431
0.245879
0.453353
1.125390
4.001040
3.170483
2.201302
2.899933
1.661205
2.263480
1.254880
0.194821
3.696247
1.203533
5.902564
2.145060
2.345658
1.353676
3.068918
4.429999
0.612157
4.271495
1.068129
1.067047
0.218624
3.214247
1.041032
2.157100
0.071285
3.564713
0.925102
1.446966
0.430357
1.964571
3.193922
3.530216
0.641316
5.263271
3.215379
2.432516
0.579538
1.772522
0.070888
2.329043
0.051455
0.820061
1.323737
0.278230
0.648143
1.344884
0.324201
1.111321
2.530580
2.187000
2.898638
0.168813
0.957180
2.492365
2.520727
1.800526
0.426932
1.998326
0.578006
4.749841
0.146644
0.719629
0.281567
1.787602
1.567351
0.323920
2.387882
2.779605
1.155545
0.316322
5.242775
3.937177
0.337173
3.525343
3.411575
3.012018
0.347339
1.466676
0.315103
1.579976
0.187217
0.386254
2.845992
2.016609
0.057789
1.558236
4.243664
0.434629
1.087779
0.220244
1.377632
2.523653
2.018708
1.231670
2.354884
1.939547
0.638822
1.373299
0.582963
3.818911
1.877010
0.156839
1.208028
2.177178
1.201991
2.191607
2.552735
2.501275
3.491958
2.131881
4.816816
0.305938
0.902844
1.969877
3.592820
5.034098
1.298221
0.074651
0.599588
2.602469
4.943117
0.202220
0.018162
4.990074
0.045624
1.128284
1.990523
1.174087
1.406583
1.444614
0.805024
1.145176
1.761110
2.720629
1.313747
1.714165
0.417656
2.114083
3.055973
2.246139
0.637001
4.494748
0.940110
2.146103
2.574986
1.747144
0.779429
0.378028
1.515001
1.316619
0.656241
0.627541
3.311671
0.020600
0.411376
2.882650
2.534965
3.249477
1.257465
1.253499
2.909279
2.252929
3.177288
1.004617
2.158121
1.367936
2.210735
1.537671
0.748670
0.731780
0.532528
3.169591
2.766607
4.925026
1.523627
3.104231
2.254996
1.433617
2.549991
1.008376
1.419884
0.405865
2.999630
2.427866
4.425352
0.750306
2.225430
2.248286
2.622176
1.568306
1.032400
0.847798
1.765992
2.172584
0.063374
3.596643
3.250965
1.998238
3.236136
0.940071
3.028915
0.539946
5.206552
0.516291
0.280446
4.989237
2.274163
0.145523
0.335943
3.900233
4.528607
0.414254
1.859362
1.978453
3.292703
1.372202
2.202586
0.151108
0.257233
1.676909
4.252333
0.296704
3.430607
1.016114
1.083208
5.518762
0.219846
3.152176
0.078026
3.141857
2.485548
2.184678
0.460770
0.979454
0.132118
3.586669
0.823090
2.439026
0.861952
0.837228
2.016850
3.656184
0.072547
2.356127
0.031325
4.597718
1.253139
3.053067
2.089387
1.253559
0.101668
1.638033
2.859467
0.730876
3.343949
1.972569
0.066384
0.496305
2.613818
0.595055
1.087833
0.234658
1.714304
1.625633
1.039558
1.256660
0.399811
2.787095
3.258758
0.839411
2.554794
2.940485
1.278431
0.185647
0.334322
1.084641
1.365708
0.183439
1.505245
0.163861
0.030819
1.064643
0.348003
0.989666
0.611753
2.296176
6.898617
2.089161
2.578731
0.100405
0.366489
1.982809
4.651072
1.113471
4.447790
2.157464
1.317451
3.579512
3.284060
0.974943
3.329506
1.380078
0.690357
0.964785
5.417250
3.721609
2.455330
5.529798
0.368291
1.573342
2.283793
0.478194
0.857548
0.474457
0.028273
2.777174
3.941946
0.259679
0.053116
2.049378
1.734287
0.974916
3.360399
1.428179
0.144543
0.417282
1.717758
0.142345
0.723800
2.771911
0.684051
0.175213
0.000057
0.006070
2.477726
0.174550
3.279813
0.012835
2.177134
3.342168
1.055478
2.716795
0.676111
1.708739
5.160192
3.091323
1.610859
0.113890
0.122983
1.121214
3.861468
0.570057
0.423997
0.572644
2.690845
0.464731
1.476543
3.141697
1.284720
2.754876
3.523060
0.632918
2.172478
3.482786
1.982961
0.487399
0.358713
1.398938
4.619874
0.060751
1.428234
1.327543
3.300181
5.326803
3.565424
2.151118
3.641168
5.339910
2.399076
0.158355
2.346275
0.381581
0.132010
1.446652
2.399185
2.109604
0.453455
4.200892
2.055475
0.287561
2.477520
1.697051
1.574095
2.638704
0.680719
0.766611
1.109084
2.519560
3.296046
0.090042
2.480353
2.623857
0.126418
0.476635
2.485777
2.915661
2.235787
1.338995
1.161843
3.551977
0.183316
0.560005
0.649929
1.480658
0.515018
0.045976
0.178457
2.652984
0.118491
1.254421
1.429477
3.254376
0.106339
0.919040
4.017806
1.957925
1.898434
1.007433
4.640308
0.329496
4.258854
0.045070
1.671207
2.499804
3.005704
0.971542
1.654273
0.163357
1.282955
2.461425
0.189421
2.955374
1.804055
1.715171
0.679755
2.197181
3.451000
1.322779
0.503294
0.185546
3.530543
1.274506
0.197237
0.167462
1.484670
2.995142
3.177758
3.486873
1.332818
0.052934
1.653364
0.868987
2.709485
2.364897
0.579458
0.492953
1.449383
0.245898
3.070092
2.474383
0.214306
3.749517
4.278568
2.477431
0.720652
3.596468
1.934005
3.471570
1.273112
1.526762
2.596182
2.479405
3.530601
0.639485
2.250961
0.026419
2.869323
3.289934
2.299510
0.116766
2.305156
3.132198
0.385036
3.174199
1.377140
2.250078
0.170687
2.572282
1.896580
3.426792
1.232139
0.978581
0.463117
0.726392
0.541311
0.187202
1.407330
0.166601
0.197337
3.722771
0.073303
0.449194
0.067011
0.195431
2.215225
1.867231
1.549694
2.340982
2.420767
2.083498
1.350256
0.020227
1.698542
1.639954
2.464675
2.185149
0.189784
2.690043
4.675210
1.613140
0.932019
3.008258
1.735188
2.081131
0.123162
0.872985
3.366816
2.591923
4.806854
1.198077
2.441158
2.595969
1.518168
2.307026
1.581463
1.541135
2.346040
0.875948
0.755853
2.413730
1.673438
1.058531
1.624790
3.161352
2.780835
1.045742
2.912988
1.127456
0.295701
0.011540
0.751978
2.295103
2.355316
0.431300
2.622074
5.078162
4.721131
2.470939
2.405864
2.566255
5.089552
2.242987
0.483343
2.325223
0.271407
0.180127
1.281380
0.302502
0.067900
0.101190
1.492059
2.434869
1.842998
0.380592
2.679843
1.718912
0.209856
0.072008
0.797277
0.360923
0.593698
1.456262
4.923753
2.251711
0.114747
2.192171
2.234842
0.000366
4.781975
0.203924
0.334314
1.776172
2.229976
1.494379
0.171110
1.976250
1.434258
0.433891
0.016593
3.314638
1.731227
1.427108
1.811628
1.800465
1.632655
3.005910
0.402610
1.165393
0.329574
2.680202
3.357044
1.991138
0.431495
2.156677
0.009443
0.062954
0.785065
2.434727
0.659923
2.811899
0.070392
2.609356
0.043828
1.008094
2.024484
1.788959
1.754972
1.207318
0.308955
0.648155
2.169121
0.150880
2.224292
0.046614
1.828340
1.738334
0.139879
0.024812
1.285754
4.167264
4.072820
0.104915
3.601748
1.296958
0.635090
1.329721
2.636068
1.605874
3.497218
6.537758
0.188305
1.658481
0.536845
2.078426
3.685693
1.585770
5.980580
0.063415
2.268667
1.550433
2.226143
2.604541
1.629630
3.519083
0.082695
5.300169
2.576304
1.607899
1.555693
3.136863
1.127182
0.800813
0.684148
2.713010
1.684011
0.951387
0.988937
0.718217
2.199054
2.396987
3.390548
2.584347
0.117669
2.259459
1.870829
1.585658
1.864937
1.994696
1.259112
3.564657
3.468835
3.542413
3.572246
2.041468
3.127765
3.497473
0.795537
1.926727
1.596245
2.384155
0.058537
1.377680
0.013573
5.625342
2.313080
2.699765
2.485596
4.282290
0.227695
5.620000
0.597677
1.180543
2.348318
0.003602
2.148363
0.365479
2.330004
0.947278
0.567190
1.802531
2.236198
0.261412
1.231402
4.021771
3.064825
0.078183
2.325537
2.118873
1.130970
0.435273
1.513392
1.713843
1.496900
2.812208
0.232485
2.907196
0.050760
2.425376
2.650503
0.721938
0.291995
4.123318
4.317498
3.417208
1.681235
2.232956
0.971981
2.497134
0.801064
2.426863
0.914081
3.553887
1.004281
0.638668
1.019842
0.131313
0.701871
1.603143
1.476158
1.391030
0.241392
0.984187
1.321189
3.702617
3.388215
1.134817
0.398632
0.030178
1.711183
1.051472
3.966844
2.222933
0.935089
2.918927
3.594952
2.427198
2.003703
2.991286
0.819368
3.584411
0.630011
0.247101
3.664644
5.227274
0.639836
0.007544
0.096253
0.315981
1.355183
2.553814
2.485517
2.512907
2.442355
0.872420
0.279030
1.436948
0.239126
1.641631
2.156625
1.486539
1.272002
2.395695
2.940797
2.369686
0.013212
0.250689
0.630943
5.640630
5.434169
0.704263
2.557324
1.785048
3.196811
0.230660
2.795893
2.618268
1.553781
0.271566
1.525088
1.019637
1.331072
0.173051
0.185739
0.154999
2.711837
3.089678
1.167136
6.150202
0.163727
2.997558
0.271789
1.975168
0.351081
0.807544
3.142056
0.486634
2.341354
0.139513
4.976170
4.374487
1.625760
0.599409
0.082080
3.022762
0.216390
3.185971
0.422267
2.175318
5.113612
2.537586
1.580214
0.467690
3.247316
3.465698
2.402166
1.410890
0.060313
2.233152
1.218542
2.646058
0.329203
2.581773
0.892203
0.330327
0.577404
2.349881
2.261395
4.360085
1.103142
5.720031
1.499091
0.083070
1.915501
0.994844
0.775998
0.279892
0.673415
0.087715
5.493955
1.441617
1.351920
4.742672
1.593904
2.201239
2.098681
2.459760
1.917813
3.800862
0.455274
0.040360
4.884789
1.239092
1.035097
2.228081
1.268373
0.524348
1.241862
2.581220
2.450049
4.033823
1.918711
0.631712
1.160897
3.664452
3.406357
3.817613
0.941155
2.699582
0.057695
0.434766
3.448896
1.888709
0.047710
4.247824
1.616145
0.564320
3.338206
2.805944
2.689896
0.387121
0.554884
1.860698
2.434950
0.408677
0.831479
2.143694
5.157539
1.576980
1.377168
1.722702
1.490061
2.616109
1.547196
2.361866
2.481699
0.412437
2.418087
0.222172
0.658777
2.191688
2.538131
0.110857
2.228508
0.267791
2.198171
1.308497
1.817779
0.251090
4.577662
0.582590
3.059808
1.316544
0.192119
1.463283
0.417461
0.177457
3.347568
1.870128
0.134152
2.070720
2.327657
0.165590
2.329088
0.570737
4.808428
1.554027
0.387080
0.209662
1.089166
1.451661
1.553346
1.196961
2.473875
6.219344
2.773191
0.555729
1.368089
3.282180
1.749867
5.400948
0.035561
1.583405
2.062813
0.428872
1.287789
0.645838
3.558845
0.747384
3.503938
2.551025
1.036988
1.853805
2.603789
2.237219
1.983099
1.443707
2.213439
4.188284
0.200488
3.174950
2.866080
0.051786
0.053474
0.498584
2.830910
2.505855
1.289491
0.261315
3.910684
1.061077
3.440212
4.343406
2.702127
2.646914
1.624790
1.977882
3.026022
2.957963
2.109027
1.747827
0.701984
3.305897
2.828491
0.362286
0.753088
1.444695
2.692644
5.274732
2.609075
0.392705
0.736652
0.562424
4.313531
2.182733
3.435556
0.474868
0.055523
3.419323
1.369060
4.942304
3.238161
2.061138
5.497630
1.350352
3.193842
3.778393
0.394162
2.753059
2.109192
1.457627
0.135770
1.472990
0.513342
1.444712
0.530161
2.623954
0.118100
0.210769
4.303422
2.558679
0.814007
3.379453
0.245831
5.376651
0.215132
2.986866
0.449318
1.939645
1.738181
0.926071
1.376918
1.522000
2.248732
1.954488
0.208107
2.099326
0.047148
3.106076
2.309417
0.660883
0.090341
0.697683
4.355229
2.135978
0.787640
2.211100
1.808944
2.163075
5.317378
1.397133
0.226642
0.721833
2.885421
2.793909
0.053334
0.189575
4.513822
0.042966
0.066992
4.852986
1.266409
2.760045
2.478114
2.929898
0.483634
2.444638
2.225133
0.070557
0.058348
2.227849
0.311037
0.022665
0.268996
1.478629
0.291682
2.427621
1.452943
2.424226
0.030008
1.308989
4.739320
0.931052
0.288176
1.960315
2.838809
2.753472
3.358652
1.366915
3.810518
0.515155
1.143191
1.466412
2.128548
0.407179
5.682604
0.140001
1.025749
2.147395
2.265588
3.496981
2.658018
1.299959
1.753406
1.302273
1.986673
1.085831
0.303727
0.620627
0.565850
0.377966
0.014986
3.985637
2.159048
3.937223
1.397982
0.223369
0.779141
2.739532
2.826575
2.693244
2.498656
1.065577
0.212863
1.724277
2.839146
1.657264
0.919065
2.146924
0.483694
2.114696
1.346828
0.762645
2.741073
0.023930
7.501435
0.823882
3.459499
4.807284
1.558868
0.634590
0.108973
3.444632
3.410170
0.391793
2.001525
3.624268
5.398401
0.926553
2.473231
1.812987
1.001144
3.118524
2.839303
1.414706
2.191652
0.827843
2.651669
3.322860
0.447518
3.983412
0.519609
1.443212
4.404714
2.358823
0.933981
2.362492
0.604197
0.131232
2.270980
1.742706
0.193577
0.309382
3.030746
2.922562
0.921949
2.065050
2.924348
0.448890
2.405044
0.094673
2.463408
2.957618
2.413081
0.355901
4.398611
0.392820
1.952252
2.240522
1.592753
0.041041
0.538558
0.187728
0.702137
1.888590
4.873438
1.490136
0.681976
0.684400
4.192187
0.224993
2.479557
0.953655
1.688438
2.842579
2.445950
2.045396
0.697691
0.480309
1.458104
1.757851
2.634103
1.328244
1.815915
2.041984
0.419869
2.515751
2.663304
0.157769
3.830148
0.417442
1.761692
1.610463
2.301576
4.525620
0.665238
1.476027
4.227309
0.962832
2.080266
1.355052
1.890489
1.494967
1.395650
0.352454
0.099883
3.085171
2.756470
0.938260
1.375081
1.391227
1.518017
0.630105
0.792009
6.008757
1.777176
2.156910
3.474275
2.601900
2.308781
0.264059
0.431665
1.248716
1.018841
2.810590
0.090960
3.919017
2.696690
1.277745
1.081534
2.856057
3.018330
0.656543
5.095223
4.045943
2.587837
2.341895
3.763698
0.347651
0.732106
0.468228
4.404681
2.117118
0.321600
2.586550
1.998666
0.407834
0.751609
2.774251
1.730217
2.203935
2.434536
0.084196
0.129952
2.013631
0.268026
1.385898
3.261755
2.472694
2.558700
1.068871
1.294835
1.969239
0.622200
0.154791
0.857546
2.404216
1.239659
1.268899
3.104351
0.990075
2.340720
0.369492
1.303944
1.501759
4.196377
3.953538
2.356436
0.760996
2.424729
0.240863
1.159605
0.000750
0.731562
2.048866
3.176499
3.205977
3.846549
0.326781
0.100698
2.226838
3.013302
0.226137
0.944448
1.066117
3.401790
0.044910
3.187501
0.813863
2.034178
0.348462
0.672790
0.730174
1.842840
3.066215
2.721480
0.319079
1.710038
1.269134
2.345333
0.757112
2.498847
2.247245
1.863621
0.200338
1.275293
2.492776
3.065824
0.060738
0.974648
2.068343
1.469941
2.425114
2.765469
