-0.273608 1.635470
0.546146 0.208568
-1.309640 0.614420
-0.399573 1.895850
0.175822 0.171305
-0.406506 1.530010
-0.341663 1.617230
-0.801690 1.082060
-0.126139 0.610291
-0.483996 1.542650
0.057815 -0.019491
-0.662753 1.378870
0.231607 0.135687
0.063323 -0.064709
-1.486490 0.315536
-0.365309 1.449510
-0.686782 1.386940
0.490010 -0.011593
0.192607 0.139113
0.762834 0.103586
0.627072 0.025333
-0.352654 1.718780
-0.824675 1.176240
0.636154 0.095608
0.846220 0.020346
-0.531846 1.584650
-0.466350 1.573370
-0.505968 1.443550
-0.571297 1.390170
-0.759219 1.362440
-0.829828 1.094240
0.105947 0.368605
-0.609718 1.131500
-0.600729 1.516930
-0.807736 1.283220
-0.350910 1.646700
-0.147052 1.370350
-0.432911 1.507750
-0.926848 1.041170
-0.572423 1.455140
0.427688 0.516605
-0.043536 0.472893
-0.823420 1.629000
-0.756073 1.491230
-0.875428 0.556676
-1.101010 0.633537
0.479570 -0.069596
-1.516050 1.895820
-0.115945 1.546760
-0.710471 1.349870
-0.167441 0.436475
-0.599434 1.152450
0.859488 -0.071292
-0.570131 1.501430
-0.188772 1.720260
-0.701295 1.397410
-0.643120 1.366600
-0.766106 1.395180
-1.367400 0.315137
-0.766438 0.257990
0.525195 -0.041875
-0.641184 1.391000
-0.357808 1.461570
-0.752070 0.421256
-0.784993 1.108350
-0.380923 1.599390
-0.409353 1.816030
0.526766 0.200136
0.119838 0.017951
-0.183577 0.652664
-0.462976 1.797760
-1.663780 1.409260
-0.504458 1.699630
-0.844298 1.080380
-0.565041 0.471233
-0.651910 1.417250
-0.659626 1.647650
0.593644 0.128553
0.339301 0.177458
0.670277 0.071628
-0.773186 1.289830
-0.593292 1.304950
-0.569720 1.255340
-0.643222 1.829070
0.572541 -0.180622
-0.671689 1.155030
-0.626236 1.519910
-0.932772 1.161760
-0.605263 0.526477
-0.434312 0.425262
-0.381466 0.118517
0.160455 -0.011272
-0.640720 1.280130
-0.968145 1.623220
-0.857283 1.318650
-0.037845 -0.267534
-0.507482 1.570420
-0.488416 1.685630
-0.569964 1.427110
-0.587720 1.644150
0.601120 0.419353
-0.236126 0.184405
-1.001110 1.307120
-0.311256 1.522220
-0.546923 1.453540
0.234311 0.058067
-0.106555 1.901200
-0.073415 0.992319
-0.971807 2.193150
-0.242668 1.626420
-0.482219 1.432020
0.490566 0.156254
-0.421972 1.352590
-0.699533 -0.069908
-0.268770 1.397350
-0.307431 0.756228
-0.709820 1.294350
-0.977415 0.791176
0.062511 0.239168
-0.194679 1.541550
-0.486147 1.611120
-0.873312 0.580102
-0.717205 1.403770
0.417982 -0.031059
-0.507460 1.643740
1.114240 -0.016787
-0.476338 0.725474
0.477172 0.072057
-0.116339 0.359684
-0.857097 1.243880
-0.317827 1.368630
-0.731330 1.568760
-0.769134 1.258400
-0.280274 0.536980
0.681214 -0.075758
-1.178900 1.687710
-0.766246 1.222080
-0.646167 1.342230
-0.681143 1.283820
-0.909759 1.084380
-0.671752 1.067880
-0.655002 -0.192196
-0.527021 1.260550
-1.353660 0.601634
-0.211245 2.006840
-0.308962 1.458260
-0.484228 1.615150
-0.587200 1.226020
-0.276897 0.782133
-0.138689 1.496360
-0.647495 1.351630
-0.744729 1.503320
-1.098090 0.928174
-0.535514 1.570370
-0.205301 1.687500
-0.796047 1.347850
-0.531677 1.249110
0.492018 -0.082326
-1.052260 1.039070
0.341358 0.088674
-0.626558 1.168500
-0.241372 1.805820
-0.812122 1.461250
0.686907 0.074800
-0.765893 1.226970
-1.152730 1.630100
-0.244350 1.609590
-0.750954 1.393140
-0.298613 1.717680
-1.116360 1.155440
-0.230230 0.197195
-0.360823 0.676158
-0.491583 1.544230
-1.000440 0.631889
0.452637 0.421247
-0.329545 1.660580
0.515662 0.012500
-0.394344 0.591276
-1.788130 2.160910
-0.363519 0.146913
-0.419036 1.510380
-0.795460 1.146230
0.390443 0.240019
-0.760544 1.366100
-0.260287 1.635600
-0.681434 1.271000
-0.819157 1.513690
-0.946250 1.062040
-0.631398 1.482800
-0.521730 1.396590
-0.195568 0.309061
-0.774144 1.231580
-0.081685 1.671540
-0.250735 1.714500
-0.511298 1.399140
-0.512471 1.731150
-0.574528 1.273700
-0.586619 1.224050
-1.207780 0.912066
-1.011090 0.613539
0.593446 0.101129
-0.630175 1.429340
0.340174 0.668364
-0.731355 1.243990
-0.464664 1.520370
-1.103010 0.232490
-0.575803 1.593290
-0.404085 1.583850
-0.774688 1.340790
0.935247 0.080013
-0.499958 1.378590
-0.684407 1.158500
0.231932 0.056917
-0.685763 1.290010
0.329369 0.036969
-0.455143 1.706270
-0.748210 1.568340
-0.426075 0.419626
0.118952 0.437798
0.583060 -0.044971
0.436932 -0.155052
-1.211130 1.097480
-0.500339 1.624790
-0.594632 1.649160
-0.241206 1.677870
-0.396890 0.538018
0.261142 -0.007458
-0.365352 0.608033
-0.599264 1.445230
-0.956117 0.370757
-0.322970 1.790140
-0.730159 1.300070
-0.661920 1.216060
-0.566930 1.583380
-0.948074 1.201730
-0.621482 1.352320
-0.809979 1.363530
-0.572165 1.467460
-0.408174 0.341567
-0.334049 1.686580
-0.790354 1.474250
-0.466036 1.371060
-0.664209 1.484960
0.290283 0.188729
0.499706 0.019083
-1.319470 0.802891
-0.882608 1.027150
-0.484582 2.017510
-0.528666 1.497720
-0.650606 1.105010
-0.475640 1.546950
-0.297848 1.725240
-0.817600 0.342340
-1.332050 1.048650
0.163647 0.597589
-0.943762 1.172730
-0.675016 1.231620
0.776811 0.054445
-0.502538 1.245630
-0.194762 0.499550
-0.681572 1.288470
-0.183315 1.700350
-0.624790 1.051070
0.199264 0.330862
-0.126710 0.154055
0.593376 0.106946
0.393958 0.201892
0.788923 0.062811
-0.563265 1.573370
0.040388 0.167943
-0.843319 1.111120
0.287844 0.323314
0.466819 0.259119
0.526174 0.722775
-0.009377 0.146405
-0.043439 0.520639
-0.192330 0.545757
0.221942 0.448253
-0.410792 1.522830
-1.384120 0.927094
-0.428923 1.666060
-0.667008 1.350900
-0.617714 1.121690
-0.045892 -0.188545
0.022178 0.174975
0.294024 0.070645
-0.339911 1.681310
-0.157297 -0.395406
-1.117690 1.032560
-0.508982 1.454010
-1.787640 1.265030
-0.632830 1.413010
-0.855624 0.739019
-0.417778 1.443760
-0.742529 1.590320
-0.561417 1.463200
-0.354808 1.602050
-0.451101 1.570170
-0.770689 1.362050
0.667075 0.073468
-0.484069 0.251390
-0.615073 1.586460
-1.054350 0.660445
-0.790196 1.041510
0.603736 0.088859
-0.370550 1.448110
-0.325670 1.448090
-1.692460 1.190690
0.130796 0.115778
-0.455790 1.698360
-0.835628 1.311210
-0.606223 0.521033
-0.935817 1.006930
-0.113586 0.155054
1.026400 0.012132
0.463353 0.324518
-1.026860 1.088110
0.624491 -0.018597
-0.390285 1.627240
0.018269 0.469508
-0.436556 1.565710
-0.667062 0.904066
-0.439122 1.584670
0.607546 0.081440
-0.767719 1.289190
-0.034348 0.372224
0.858480 0.154501
-0.672149 1.062190
-0.668828 1.424360
0.094066 0.313413
0.569013 0.065905
-0.340992 1.759730
-0.566062 1.153090
-0.735836 1.251120
-0.147531 1.728180
-0.457557 1.482720
-0.864622 1.441730
-0.707257 1.317390
-0.796587 1.215030
-0.431809 1.576560
-1.473260 1.858800
0.436236 -0.134116
0.094231 0.132908
0.892737 0.034307
-0.506960 1.427660
-0.525327 1.593430
-0.782301 1.089500
-0.613148 1.491470
0.517723 0.414335
0.104930 0.473479
-0.114694 0.481850
-0.943017 0.866118
-0.775739 1.036880
-0.565604 1.754260
-0.500048 1.439310
0.870341 -0.037177
-0.252499 0.448071
-0.569653 1.443850
-1.387820 0.589648
-0.701033 1.112400
-0.103066 1.560940
-0.540989 1.551730
0.501808 0.202615
0.081530 0.367587
0.572059 0.118747
-0.432751 1.389980
-0.797129 1.441690
-0.735169 1.305400
-0.768855 1.193670
-0.273664 1.833800
0.227239 0.005998
-0.219085 0.507509
0.884674 0.068479
-0.580961 1.374660
0.490749 0.335710
-0.144858 0.634551
-0.637787 1.286240
0.625582 0.100830
0.181205 0.433569
-0.493125 1.575320
-0.539079 1.433770
-0.768291 1.287930
-0.461528 1.559830
-0.400605 1.504070
0.848966 0.128437
0.345263 0.253579
-0.773486 1.514600
-0.598408 1.426230
-0.635499 1.384640
-0.464300 1.527470
0.106116 0.594146
0.003151 0.248887
-0.160020 1.630170
-0.716529 1.308200
-0.493834 1.469870
-1.778400 1.552380
-0.150880 1.984740
-0.523687 0.393828
-0.697328 0.295096
-0.456195 0.097213
-0.872473 1.211790
-0.222314 0.559766
0.554714 -0.019586
-0.444532 1.539240
-0.588045 1.425270
-0.835238 1.214600
-0.262099 1.631710
-1.096900 0.810990
-1.124410 1.006510
-0.553236 1.529130
-0.809775 1.141050
-0.396868 1.457240
-0.970199 0.883512
0.118087 -0.031121
-0.404146 0.616208
-0.619710 1.194840
-0.693452 1.305990
-0.683174 1.233570
-0.519601 1.549510
-0.472639 1.411270
0.099182 0.429887
-0.570444 1.291820
0.366441 -0.045690
-0.814717 1.088300
-0.428147 1.722230
-0.365056 1.629600
-0.811565 1.529860
-0.188601 0.172756
-0.584691 1.178440
-0.457355 1.639760
-0.594608 1.164390
-0.551518 1.309430
-0.098466 1.786490
-0.845664 1.253110
-0.494457 1.610300
-0.315349 1.799000
-0.881527 1.204200
-0.644593 1.435860
0.479444 0.119041
-1.388590 0.399733
-0.692735 1.331860
-0.828697 1.171360
-0.405231 1.131950
-0.464039 1.643620
0.058229 0.281846
-0.053612 1.485760
-0.699055 0.779179
0.047740 1.752880
-0.497963 1.588320
-0.411243 1.634050
-0.727987 1.235310
-0.492673 0.755104
-0.462612 1.380560
-0.467555 1.600620
0.569381 0.303947
-0.563654 0.466086
0.114407 1.200550
-1.139370 0.838088
-0.411176 1.563200
-0.514802 1.512520
-0.149235 1.733050
0.178926 0.539375
-0.876219 1.388220
-0.427492 1.522300
-0.942200 1.048700
0.108599 0.387025
-0.736849 1.300740
-0.793114 0.267383
-0.700523 1.277430
-0.807432 1.165050
-0.696458 1.148320
-0.233106 1.561970
-0.789140 1.220240
0.276262 -0.039929
-0.241358 1.572440
-0.569515 1.517040
-0.223364 0.450061
-0.083427 1.876730
-0.539817 1.562320
-0.391702 1.771320
-0.633278 1.554210
-0.519389 1.290600
-0.299953 1.670600
-0.201805 1.833810
-0.473815 1.619690
-0.752374 1.390920
-0.441298 1.487190
-0.818350 1.106100
-1.551850 0.674267
-0.933272 0.883397
0.818924 0.073274
-1.034470 0.980883
0.296347 0.144657
-0.479409 1.417830
-0.449474 1.030410
0.328102 0.296272
-0.886732 0.850241
0.698542 0.191034
-0.201790 1.725350
-0.268645 1.539830
-0.431842 0.010953
0.404092 0.252630
-0.669287 1.529770
-0.620025 1.491910
-0.700541 1.530700
0.383922 0.254992
0.084343 0.360437
0.268257 0.410774
-0.158574 0.527497
-0.265886 0.162349
-1.538330 1.543510
-0.021441 0.105625
-0.661693 1.087850
-0.891781 1.199110
-0.198709 0.703514
-0.477650 0.552001
-0.554206 1.637050
-0.945438 0.901242
-0.298797 1.461850
-0.911754 1.058350
-0.457615 1.647080
-0.681142 1.412720
0.601026 0.101604
-0.506877 1.480620
-0.697350 1.239920
-0.282589 0.518878
-0.511119 1.210460
-0.377061 1.484750
-0.839518 0.038455
-0.269237 0.514751
-0.653624 1.265190
0.247629 -0.037618
0.765077 -0.085644
-0.637731 1.355530
-0.482783 1.506670
-0.088998 1.604250
-0.558649 1.383740
0.009959 0.398541
-0.924464 1.024540
-0.701671 1.450430
-0.262785 0.250255
-0.497693 1.432220
-1.004080 2.111880
-0.340488 0.644341
0.591629 0.253752
-0.878135 1.239300
-0.339239 0.575495
0.471441 0.028046
-1.598370 0.142770
-0.681958 1.241930
-0.873644 1.133060
-0.455579 1.490510
-1.165510 0.848565
-0.925436 1.225300
-1.016480 1.213350
0.456701 -0.100988
-0.565023 1.382290
-0.625519 1.147140
0.029684 0.578090
0.314934 0.071033
-0.822000 1.483960
-0.786434 1.337460
-0.122976 0.235745
-0.666572 1.296440
0.604829 -0.056925
0.416208 0.539104
-0.417479 1.384800
-0.025512 -0.056185
-0.762734 1.420510
-0.123567 1.894420
0.857430 0.027306
0.460072 0.357958
-0.618678 1.393790
0.239123 0.012974
-0.706002 1.408370
-0.395704 0.462142
0.608591 0.199737
0.109816 0.408203
0.303177 0.215995
-0.838963 1.138090
-0.651021 1.288890
-0.807206 1.219630
-0.667733 1.278100
-0.983875 1.157480
-0.583412 1.428760
-0.880121 0.624767
-0.388624 1.443510
-0.767739 1.821890
-0.357090 0.242340
-0.679958 1.355360
-0.600832 1.478910
-0.433188 0.353773
-0.002698 0.568340
-0.760978 1.074510
-0.578181 1.530900
-0.494302 1.423870
-0.566625 1.477340
-0.652744 1.314100
-0.156064 1.722640
-1.174430 0.878841
-0.686369 1.347870
-0.799107 1.045300
-0.424657 1.505440
0.011945 0.520913
0.429129 0.014129
-0.639503 1.343800
0.458086 0.348886
-0.508707 1.625080
-0.559042 1.259670
-0.292879 1.697870
-0.225160 1.565860
-0.336465 0.428393
0.462723 -0.058179
0.101192 0.383032
0.741003 0.058869
-0.672681 1.396240
-0.674249 1.286660
-1.421200 1.154940
-0.716552 1.389400
-0.381421 0.524285
-0.879958 1.163270
0.051464 0.094554
-0.685961 1.294630
-0.721720 1.289900
-0.577325 -0.057292
-0.415615 1.428030
-0.651951 1.505490
-0.478961 1.539970
-0.383668 1.138040
0.562875 0.381907
-0.788116 1.279650
-0.540847 1.381850
-0.410587 0.701166
-0.158446 1.250420
-0.009626 1.853480
-1.272830 1.846340
-0.600203 1.956010
-0.261518 0.488457
-0.016388 0.135842
0.402986 0.114271
-0.880013 1.222570
-0.591239 1.517580
0.436740 -0.135430
-0.643821 1.536750
-0.468033 1.596350
-0.686142 1.317090
-0.360362 1.561140
-0.208307 0.600731
-0.988001 1.145370
-1.004020 0.140389
-0.576489 1.462580
-0.906419 1.117040
-0.766307 1.175710
-0.726158 0.675350
0.685989 0.232482
-1.546520 1.570190
-0.607567 1.473420
-0.789846 1.278370
-0.188492 0.418629
0.168722 0.504023
0.303157 0.241619
-0.525781 1.876620
-0.238533 1.902870
-0.313989 1.705430
-0.393530 1.681930
-0.537976 1.617980
-0.800289 1.416670
-0.545740 1.724880
0.545975 0.072123
0.245825 0.494746
-0.391019 1.462380
-1.251970 0.863661
-0.782017 1.624120
-0.725855 1.398350
-0.604995 1.378210
0.402374 -0.125912
-0.737917 1.270430
-0.494579 1.668060
-0.897884 -0.374793
0.530383 -0.031794
-0.458207 1.414430
-0.757175 1.208730
0.990944 0.018372
-0.016078 1.643420
-0.604406 1.683090
-0.848622 1.071520
-0.314935 1.640370
-1.295470 0.638515
0.018542 0.871495
-0.018932 0.387241
-0.857993 1.675500
-0.704958 1.074050
0.944787 0.082047
0.381707 -0.128685
-0.653598 1.326440
0.089562 0.272005
0.924333 -0.014986
0.533789 -0.043248
-0.702020 1.349930
-0.823951 1.101790
-0.589337 1.424500
-0.716651 1.264160
-0.359959 -0.349452
-0.502938 1.312780
-0.715943 0.441780
-0.712387 1.276090
-0.585123 1.320640
-0.805136 1.179840
-0.342465 1.579350
-0.039486 0.070720
-0.618243 1.234500
0.188423 0.525482
0.370055 -0.069464
0.005067 0.646936
-0.471543 1.424930
-0.642011 1.495940
-0.816719 1.307730
0.895793 -0.067369
-0.828227 1.343000
-0.624443 1.339680
-0.880857 0.947925
-0.625054 1.415410
0.118325 0.282061
-0.342971 1.619370
-0.403831 1.603840
-0.508812 1.653150
-0.856879 1.111340
-0.794293 1.429870
-0.791553 1.534610
-0.614957 1.586480
-0.821770 1.111770
0.009964 0.251899
-0.392865 1.573600
0.058870 0.397537
-0.720418 0.552920
-0.204088 0.124918
-0.962586 1.528730
-0.586437 1.808280
0.107776 0.514000
-1.390450 1.420600
-0.954265 0.998760
0.385215 0.448661
-0.675877 1.421320
-0.332072 1.795310
0.472275 -0.070750
-0.317738 1.371020
-0.056843 0.617683
-0.823353 0.559739
-0.656799 1.319850
-0.000836 0.608267
0.375218 0.035863
-1.494440 0.937260
-0.463478 1.563420
-0.729555 1.157390
-0.683896 1.314570
-0.498002 1.469580
0.293422 0.075139
-0.855029 1.248410
-0.404569 1.564490
-0.374133 1.648350
-0.749084 1.373950
-0.659817 1.263200
0.780391 -0.029271
-0.407834 1.661350
-0.577500 1.545640
0.330056 0.259750
0.334424 0.054490
0.733541 -0.085630
-0.400235 1.566950
-0.369027 1.483440
-0.776183 1.383690
0.776594 -0.078965
-0.781844 1.155860
-0.683063 1.302920
0.198262 -0.078718
-0.127304 1.629750
-0.386227 1.592600
0.119779 0.400020
-0.963151 1.060290
0.328166 0.077175
0.284006 -0.010120
0.730763 0.075366
-0.118486 1.819440
-1.045230 1.459570
-0.195841 1.669820
-0.801868 1.134000
-0.703304 1.127800
-0.644618 1.343630
-0.402891 1.530390
0.106592 0.223440
-1.035000 1.250220
-0.504408 1.444880
-0.725818 1.127530
-0.581855 1.464030
-0.630576 1.212670
-0.547270 1.472980
-0.429721 1.297460
-1.010600 1.164940
-0.283829 1.734230
-0.355129 1.484290
-0.567403 1.269480
0.271413 0.428502
-0.322230 1.832440
-0.701037 1.078660
-0.496478 1.441910
-0.783639 1.246850
-0.806150 1.200470
-0.570254 1.383560
0.410951 0.139881
0.476061 0.152374
-0.900834 1.377910
-0.397809 0.432452
-0.713286 1.241460
-0.868562 1.141510
-0.575903 1.278790
0.023426 0.325401
-0.528404 1.730630
0.829199 0.007289
-0.462186 1.670020
0.572289 0.069063
-0.422734 0.605427
-0.278672 0.447633
0.411677 0.173021
-0.161812 1.877590
0.583823 -0.058030
-0.915822 1.385640
-0.574439 1.365840
-0.891482 1.182700
-0.445519 1.619190
-1.523830 0.687855
0.389151 0.244668
-0.467988 1.503100
-0.593220 1.414100
0.437899 0.155745
-0.805457 1.232650
-1.644990 0.722541
-1.166950 1.058450
-0.215566 0.260706
-0.362400 0.087425
-0.753075 0.754681
-0.736165 1.287030
-0.773183 1.141970
-0.561058 1.913710
-1.040940 1.064830
0.230156 0.466365
-0.161172 1.667710
0.393273 -0.215801
-0.133635 0.449392
-0.577368 1.440540
-0.348936 1.636480
-0.770711 0.988050
0.434409 0.132846
0.564874 -0.034721
-0.504291 1.293080
-0.470566 1.420060
0.353897 0.597509
-0.906280 1.168750
-0.956297 1.039350
0.563947 0.070221
-0.766351 1.044160
0.682930 -0.053485
0.457555 0.147344
-0.698346 1.346750
-0.666320 0.535619
-0.319362 1.635220
-0.524352 1.509850
-0.553717 1.414260
-0.550429 1.588700
-0.485331 1.503160
-1.232140 1.280200
-0.945514 1.250460
0.309440 0.296050
-0.351781 1.304080
-0.802372 1.231030
-0.305444 1.436530
-0.536104 1.450070
0.787175 0.087717
0.124725 0.611752
0.563186 0.305700
0.593295 0.229744
-1.021960 0.951359
0.158955 0.355864
0.599614 -0.150290
-1.049260 0.853468
-0.347997 0.476841
0.744328 0.010185
-0.161155 -0.049123
-0.311340 0.723088
-0.570737 1.015850
0.521065 0.180743
-0.508904 1.598260
-0.941849 1.196050
-0.938291 1.224900
-0.074387 0.582251
-0.623423 1.251000
0.044643 0.331120
0.210831 0.319968
0.795278 0.001580
-0.714964 1.374880
0.601397 0.026619
-0.017960 1.844820
-0.501757 1.537980
-0.717952 1.516550
-0.474858 0.139667
-0.887089 1.928960
-0.433595 1.660420
-0.642305 1.401860
-0.667599 1.468540
-0.050490 0.363020
-0.910387 1.938880
0.335673 0.156682
0.055058 0.679020
-0.676233 1.289520
-1.267810 0.988887
-0.578985 1.364130
0.611240 0.046620
0.205460 -0.010427
-0.446780 1.320350
-0.460949 1.381340
-0.759513 1.256980
0.063355 0.340673
-0.475095 1.513060
-1.067640 0.650680
0.075500 0.480742
-0.056651 0.698181
-0.578220 0.604858
-1.378990 0.659142
0.746301 -0.025088
-1.175090 1.041850
-0.753303 1.334260
-0.482655 1.438090
-0.186275 0.493459
-0.740889 0.283391
0.497401 0.042540
-0.446985 1.554570
-0.490328 0.646427
-0.324102 1.595300
-0.009256 0.487592
-0.434170 1.393630
-0.746915 1.196410
0.746388 -0.002142
-0.504302 1.450340
0.417975 0.360909
-0.694448 1.779840
-0.254585 1.687670
-0.613215 0.893881
0.277021 0.795117
-0.501050 1.448810
-0.580645 1.358700
-1.875280 2.296430
-0.854994 1.074230
0.616277 0.755802
-0.228178 1.718530
-0.270502 0.157011
-0.374438 2.229710
-0.918065 1.170880
-0.537158 1.408140
-0.232337 1.586470
-1.187570 1.102640
-0.591914 1.340790
-0.316914 1.660170
-0.100871 0.428950
-1.149340 1.789370
-0.685837 1.148410
-0.584647 0.302649
-0.365385 1.386130
-0.596271 1.293590
0.207814 0.425405
-0.432788 1.606160
0.728855 -0.073142
-0.830617 1.123430
0.511855 -0.155742
-1.003130 0.933188
-0.238286 0.444294
-0.364478 1.502610
0.819611 0.110981
-0.652522 1.470720
0.686408 0.018666
0.514550 -0.031757
-0.438879 1.543030
-0.296565 1.271760
-0.209303 0.239609
-0.605781 1.482420
0.721330 0.177847
-0.348858 1.652750
0.736166 0.083948
-0.628223 0.678464
-0.506761 1.370190
-0.738570 1.178810
-0.538192 1.602330
-0.602173 1.278370
0.545215 0.250232
-0.862086 1.303660
-1.186760 0.941455
-1.328020 0.532964
0.904758 0.026769
-0.519418 1.524810
0.352643 0.463373
-0.822376 1.291880
-0.241679 1.769880
-0.570433 1.572430
0.269238 0.410212
-0.311011 0.296520
-0.669704 1.347510
-0.386758 1.700660
-0.677586 1.302750
0.219839 0.640861
-0.175600 0.783221
-0.736620 1.286340
-1.737350 0.994854
-0.264809 0.586052
-1.118370 0.647278
0.460655 -0.354519
0.104906 1.724440
0.375337 -0.100040
-0.384763 1.577390
-1.777160 2.178500
-0.770807 1.350610
-0.557939 0.220887
0.511423 -0.077980
-0.770052 1.314890
0.276182 0.234930
-0.679987 1.236770
-0.144880 0.499360
-0.432478 1.454070
-0.562268 1.306780
-0.550456 1.371760
-0.519389 1.490800
-0.173964 0.384526
-0.872642 0.865781
-0.940717 0.981801
-0.350219 1.716110
-1.304710 0.563624
-0.687771 1.341340
-0.447561 1.727610
-0.436829 1.551370
-1.247490 0.883538
-0.873170 1.242590
-0.402338 1.713250
-0.554166 1.286310
-0.607378 1.119640
0.221933 0.417019
-0.637808 1.385160
0.762484 0.004354
0.612786 -0.007721
-0.788807 1.256230
0.475368 -0.027945
-0.903569 0.791984
-0.371134 1.675820
-0.731740 1.414100
0.839239 0.042195
0.645643 -0.147041
0.778745 0.012409
-0.029288 0.313381
-0.559437 1.557760
-0.755671 1.477910
-0.000410 -0.184044
-0.378904 1.619470
-0.573432 1.518060
-0.274154 1.686010
-0.681717 1.546690
0.715394 -0.004462
-0.630220 0.987773
-0.814602 1.441240
0.358448 0.271426
-0.444178 1.523330
-0.310811 1.808950
-1.584140 2.269000
0.182888 0.385999
-0.323435 1.461850
-0.615792 1.248390
-0.555603 0.843415
-0.522782 1.340850
0.038790 0.249479
0.939517 0.211731
-0.704825 0.963931
0.232831 0.414024
-1.007460 0.493519
0.683111 -0.044049
-0.539139 1.505350
-0.446028 0.994095
-0.529838 1.237110
-0.654382 1.479800
-0.772196 0.272014
-1.545770 1.121060
-0.485473 1.365900
0.728706 0.509187
-0.473151 1.671100
0.786159 0.094464
-0.225605 1.370820
-0.889229 0.721756
-0.583999 1.384660
0.227236 0.466122
-0.553058 1.556990
-0.882485 1.189560
-0.430865 1.586930
-0.670277 1.413470
-0.492269 1.552080
-0.712484 1.506040
0.559201 0.140413
-0.831499 1.334720
-0.874483 0.977326
-0.678466 1.347240
0.093840 0.218378
0.822112 -0.009874
-0.135277 0.545621
-0.484942 1.601380
0.644510 -0.043349
0.467792 0.019654
-0.212279 1.632550
-0.716999 0.927415
-0.834883 1.133650
0.865806 0.160099
-0.493068 1.654940
-0.892425 1.010020
-0.700717 1.482970
-0.567581 1.678850
-1.664360 0.185958
-0.236951 1.794410
-0.438535 1.489720
0.464378 -0.020087
-0.688081 1.401260
-0.050049 0.305917
-0.348686 1.618080
0.222506 -0.052530
0.939199 -0.008191
-0.363139 1.795290
0.550270 -0.026770
-0.890988 1.079480
-0.208122 1.743900
-0.224609 1.590810
-0.411625 1.396430
-0.631551 1.599010
-0.283110 0.420035
-0.420742 1.586510
-0.389736 1.786890
-0.999091 0.825870
-0.707147 1.664120
-0.437151 0.609196
-0.646310 1.541430
-0.513231 1.615420
-0.432290 0.612435
-0.524869 1.747680
0.691252 0.027293
-1.248900 0.911341
-0.689650 1.072810
0.110060 0.355198
0.693324 -0.100541
-1.392660 1.754410
0.877234 -0.039428
-0.825566 1.177300
-1.793920 1.173020
0.000251 0.367494
0.308530 0.144520
-0.825061 1.137380
0.615368 -0.267123
0.921838 -0.102277
0.599208 0.562346
-0.123203 0.608552
-0.560690 1.544040
-1.042440 1.002810
-0.350303 1.427220
-0.616861 1.399240
-0.623067 1.281150
0.224843 0.397704
-0.621178 1.366770
-0.553123 1.478380
-0.701083 1.292940
-0.575773 1.427480
-0.276713 0.637830
-0.936254 1.129200
0.115450 0.407409
-0.318813 1.775380
0.948078 -0.053514
-0.821460 1.263990
-0.849861 1.156850
-0.451535 0.537304
-0.603196 1.414400
-0.758594 1.435230
-0.800257 1.108970
-0.756398 1.360550
-0.502701 1.368880
0.307284 0.392118
-0.372217 0.466122
-0.289200 0.470395
-1.043300 1.453620
-1.368820 0.378688
-0.423985 1.457820
-0.775004 1.455350
0.338848 0.409415
-0.063357 0.152357
-0.685120 1.394450
0.677212 0.238429
0.569444 0.129703
-0.790409 0.972380
-0.822480 1.110010
-0.899453 0.972669
0.859294 0.036571
-0.711985 0.347646
-0.361110 1.627220
-0.511674 1.615120
-0.553445 1.468400
-0.792274 1.298370
-0.604279 1.456660
0.765226 0.251249
-0.765641 1.188450
0.657831 -0.013817
-0.492617 1.402720
-0.174410 1.790990
-0.832446 1.151710
-0.659977 1.566880
-0.498234 1.319330
-0.368924 1.739070
-0.823273 1.215820
-0.594883 1.157510
-0.783630 1.439450
-0.842490 0.723635
-0.060118 1.852480
-0.461815 1.784130
-0.875838 1.111760
-1.101720 0.804440
-0.913174 1.236900
-0.545266 1.533430
-0.827784 1.095520
-0.446305 1.463400
-0.144843 1.515440
-0.081800 0.402267
0.856237 -0.075007
-0.698732 1.323280
0.600166 -0.138334
-0.344876 1.694510
-0.167319 0.456490
-1.258300 1.019810
0.138477 0.387388
-0.358160 1.551300
-0.254238 1.555640
0.217054 0.599367
-0.640650 1.385310
-0.713253 1.400800
-0.392423 1.501260
-0.318651 1.716220
-0.483714 1.525420
-0.662660 0.375636
0.076756 0.438667
-1.260190 0.669493
-0.624166 1.386780
-0.630297 1.460250
0.657035 -0.125939
0.216123 0.412916
-0.471569 1.666230
0.069539 0.433657
-0.641886 -0.143913
-0.833016 0.709867
-0.211155 1.563920
-0.684763 -0.202496
-0.396347 1.211720
-0.689214 1.487670
-0.392672 1.350960
0.225560 0.061844
-0.860511 1.179110
-0.830139 1.125180
-0.608961 1.337350
0.617351 0.123615
-0.834203 1.219120
0.017923 0.426697
-1.052810 1.023960
-0.723712 1.339550
0.482142 0.047146
-0.247237 1.644190
-0.951838 1.244090
-0.600722 1.363540
-0.734309 1.628710
-1.255380 0.726150
-0.370026 1.727660
-0.854663 1.233190
-0.757771 1.191220
-0.260117 1.660770
-0.623782 1.301930
0.411393 -0.030525
-0.956177 0.993606
-0.633931 1.405430
-0.694774 1.330340
-0.410025 1.680490
0.697124 -0.216690
-0.612336 0.445892
0.247249 0.124976
-0.328175 1.643190
-0.662405 1.171070
-0.628496 1.316170
0.643437 -0.013279
-0.476911 1.413340
-0.103397 1.688730
-0.604283 1.531350
-0.229708 0.172489
0.174455 0.901440
-0.537114 1.456440
-0.427134 1.506410
-0.724589 1.249970
-0.718145 1.296460
0.677522 0.068882
-0.631583 1.468860
0.927013 -0.053649
-0.428661 1.667600
-0.224803 1.680580
-0.656661 1.146790
-0.789498 1.191850
-0.373794 1.193150
-0.538275 1.397550
-0.235041 0.262305
0.901357 0.058085
-0.429463 1.736420
-0.678870 0.460873
-0.639606 1.366950
-1.337640 0.874458
-0.006554 0.385158
-0.896875 0.871296
-0.347169 1.721360
0.311542 -0.105921
0.493656 0.327851
-0.771542 0.920322
-0.408910 1.366540
0.036054 0.484297
-0.276850 1.308750
-0.250150 0.555670
-0.559615 1.353210
-0.552714 1.418030
-0.483572 1.616170
-0.485943 1.598110
0.540764 0.009421
-0.555875 1.654490
-0.584141 1.600910
-0.337701 1.418190
-0.387364 1.678530
-0.731743 1.357460
-0.724856 -0.010604
-0.474414 1.649190
-0.726098 1.299560
-0.590643 1.421150
-0.451722 1.610870
-0.839282 1.397670
-0.807191 1.285560
-0.437284 1.628360
-0.567869 1.470380
-0.451483 1.398240
-0.715631 1.349890
-0.281913 1.490020
-1.210660 0.868202
-0.112253 1.595470
-0.845091 1.028070
0.686678 -0.028232
-0.700130 1.397630
-0.384489 1.576370
-0.030754 0.525994
-0.721906 1.430590
-0.549888 1.558700
-0.030014 0.674751
-0.371093 1.836290
-0.458762 1.581210
-0.221569 1.645800
-0.595694 1.741570
-0.222553 0.109852
-0.733522 1.566350
0.116047 0.412317
0.558689 0.214057
-0.812229 1.179880
-0.538248 0.585198
-1.001650 1.110660
-0.556799 0.703422
-0.354073 1.339310
-0.755127 1.250850
-0.244855 1.664860
-0.471925 -0.211519
0.259668 0.863205
-0.939273 1.065000
0.385108 0.447506
0.077375 0.552294
-1.158400 1.144500
0.410011 0.244002
-0.959584 0.872388
-0.819008 1.137890
-0.666833 1.352880
-0.187335 0.480958
-0.303861 0.383544
0.024713 0.292968
-1.074490 1.066330
-0.239647 0.431808
-0.340691 1.978450
-0.255244 1.772750
0.731263 -0.154249
-0.198668 1.839700
0.945288 0.140239
-0.347701 1.607460
-0.757132 1.490600
-0.721081 1.243770
-0.809976 1.025860
-0.460177 1.578910
0.689795 -0.010764
-0.634605 1.302830
0.452132 0.095319
0.274138 0.370565
0.291577 0.038773
0.381962 0.259048
-0.464476 0.764183
-0.226251 1.777520
-1.148940 1.018100
-0.546291 1.280560
-0.278581 1.722720
0.454256 0.150209
-0.736420 1.031430
-0.490363 1.547260
-0.657513 1.327200
-0.832416 1.494610
0.362395 -0.018325
-0.694902 1.246620
-1.423440 0.724244
-0.453335 1.540890
-0.456399 1.316900
-1.515440 0.018191
-0.695223 1.434220
-0.479232 1.547780
-0.447275 1.814270
-0.736904 0.998718
-1.008010 1.434220
-0.571323 1.548460
-0.179434 1.639320
-0.668398 1.290260
-0.795180 0.910898
-0.604068 0.908593
-0.656389 1.392150
-0.532988 1.228750
0.005847 0.481742
-0.529417 1.467750
-0.404551 1.603500
0.810970 -0.043238
-0.222883 -0.035420
-0.315245 1.791770
0.503538 0.044540
0.660742 0.055623
-0.619541 1.196880
0.105238 -0.005772
0.318239 0.643501
-0.743230 1.468130
-0.414728 1.652260
-0.467391 1.633220
0.732483 0.086525
-1.225880 1.010310
0.402175 0.178523
-0.274727 1.583920
0.131074 -0.103492
-0.774797 1.234010
-0.961018 1.157570
0.463507 0.047676
-0.546533 1.412020
-0.576695 1.579600
-0.793866 1.375130
-0.668362 0.925829
-0.304539 1.540070
0.018398 0.291358
-0.735247 1.318950
-0.739129 1.234900
0.641909 0.050726
-0.467741 1.552800
-0.689011 0.123751
-0.200650 1.862000
-0.766254 0.951135
0.533511 0.029880
-0.860425 1.076140
-0.582221 1.179860
-0.580060 1.173280
-0.245587 0.592835
-0.633676 1.504150
0.053968 0.065534
-0.551303 1.497340
0.243694 0.066499
-0.578047 1.383780
-1.188420 0.918171
0.098084 0.630670
-0.495346 1.383070
-0.769992 1.439840
-0.716849 1.267740
-0.723158 1.070150
-0.867522 1.398860
-0.469585 1.415750
0.583567 -0.027870
-0.243550 1.697480
-0.468484 1.580000
-0.606542 1.582850
-0.300733 1.960260
-0.483462 1.352740
-0.094641 0.435252
0.261385 0.618540
-0.421102 1.522350
-0.519783 0.462862
-0.690766 1.388590
-0.376107 1.844240
-0.748826 1.337410
-0.562350 1.379370
-0.506842 1.296380
-0.096346 1.632150
-0.917757 1.117390
-0.488587 1.181200
-1.394020 0.020377
0.289282 0.743690
-0.487295 1.427720
0.642720 0.009922
0.366242 -0.194986
-0.843194 1.256120
-0.754520 1.130740
-0.322532 1.764420
0.000146 0.142334
-0.336034 1.479890
-1.424150 0.787042
-0.772208 1.344060
-0.573075 0.541400
-0.964328 1.145450
0.516907 -0.088464
0.011076 0.579093
-0.941228 1.118480
-0.828511 1.249920
-1.427410 0.647661
-0.849920 1.257200
-0.967093 1.199880
-0.832914 1.239340
0.754215 -0.072845
-0.345223 1.669110
-0.141814 0.546263
-1.097650 1.035160
0.067797 0.348872
-0.601013 0.399894
0.857791 -0.004985
0.434615 0.008767
-0.564881 1.315950
-0.567234 1.427890
-0.068492 0.988137
-0.393936 1.504050
-0.691349 1.239140
-0.598170 1.408760
0.382389 -0.105559
-0.511089 1.064230
-0.553661 1.417120
-0.758958 1.238610
-0.598270 1.277560
-0.480541 1.483060
-0.388386 1.529100
0.048734 0.638759
-0.696553 0.043738
-0.977033 1.166530
-0.779618 1.307960
-0.720503 1.359510
-0.322827 0.592533
-0.418786 1.451120
-0.371697 1.204360
0.686614 0.150636
-0.387286 1.570550
-0.227120 1.577460
-0.612992 1.542950
-0.418856 1.590810
-0.238175 1.743100
-0.492559 0.428381
-0.243453 1.538700
-0.527053 1.494450
-0.882457 1.094310
0.255961 0.324519
-0.624855 1.367770
-1.127400 1.018170
-0.845842 1.121950
-0.322900 1.812740
-0.681450 -0.301453
0.964518 0.033031
-0.957066 0.356727
-0.405730 1.563590
-0.637583 1.459680
-0.164271 0.444139
-0.292542 1.712930
-0.164960 0.454501
-0.956071 0.666412
0.286964 -0.019718
0.351346 0.265751
-0.768161 1.331150
-0.528031 1.620530
-0.795683 0.998560
-0.071357 0.502671
-0.501276 0.545826
-0.307355 1.790420
0.364226 0.127528
-0.807483 1.174430
0.611788 0.122555
-0.851360 0.913205
-1.671200 0.463716
-0.759564 0.842838
-0.880442 1.787200
-0.384951 0.538647
-1.594320 2.271300
-0.557147 1.541280
-0.850605 1.070460
-0.476001 1.369190
0.721035 0.016223
-0.509190 1.514440
-0.439232 1.610000
-0.896936 1.048360
-0.277057 1.639590
-0.638138 1.320550
-0.191348 1.624090
-0.656504 1.353760
-0.205529 0.572407
-0.534181 1.291690
-0.365262 1.288260
-0.418175 1.781960
-1.033390 1.266920
-0.955625 0.972056
-0.481544 1.483050
-0.360931 1.691800
0.803036 -0.082398
-0.532367 1.460790
-0.788885 0.627866
-0.329555 1.418310
-0.689895 0.257532
0.186676 0.036037
-0.362699 1.625820
-0.723713 1.308150
-0.768209 1.347540
-0.352358 1.633430
-0.671770 1.252040
-0.961336 1.511240
-1.119850 0.904981
0.531907 0.058400
-0.374429 1.610580
0.431510 0.091961
-1.287330 0.945966
-0.458699 1.496930
-0.394266 1.602810
0.061664 0.098232
-0.425441 1.670480
-0.566435 1.492570
-0.580837 0.293885
-0.742208 1.275290
-0.699489 1.052640
0.307129 0.081481
-0.877381 1.161060
-0.740149 0.462381
-0.424615 1.738610
0.226719 0.186425
0.124295 0.187162
-0.642099 1.378820
0.758574 -0.010509
-1.239840 0.694137
-0.426617 1.513860
-0.764151 1.039530
-0.488143 1.595230
0.508798 0.061662
0.253599 0.159675
-0.193670 0.743806
-1.222730 0.649427
-0.186197 0.129187
-0.588951 1.547920
-0.560697 1.244370
-0.552486 1.656730
-0.098880 0.458721
-0.145387 0.541819
-0.615873 1.020250
-0.931826 0.412741
-0.585681 1.448930
-0.473163 1.535340
0.857917 -0.297881
-0.747848 1.110230
-0.453186 0.813774
-0.684387 1.623710
-0.750350 0.476294
-0.535445 1.678350
-0.341427 1.624550
-0.401004 1.642630
-0.705824 1.461560
0.500751 0.043738
-0.803721 1.178220
-0.446994 1.383110
0.409475 -0.017634
-1.013240 -0.007882
-0.076236 0.729973
-0.625423 1.496170
-0.785586 1.326400
0.468006 0.623063
0.186802 -0.251127
0.210760 0.252257
-0.836747 0.775813
0.746408 0.009260
-0.790049 1.217750
-0.289918 1.568760
-0.379265 1.373010
0.740845 0.191407
-0.924813 0.898709
-1.459280 1.906470
-1.502190 0.921094
0.140706 1.598890
-0.379422 1.396540
-0.858471 1.247980
-0.410222 1.854260
-0.152638 1.528090
-0.174499 0.008021
-0.566172 1.403740
-0.445010 1.364710
-0.860314 0.849754
-0.210610 -0.134047
-0.682396 1.511950
-0.491085 1.571510
-0.504433 0.446541
-0.448410 1.810540
-0.816153 1.289500
-0.651847 1.317770
-0.471271 1.506350
-0.591782 1.262390
-0.400694 1.371510
0.648080 0.252678
-0.521577 1.383420
0.245662 0.107517
-0.798253 1.151460
-0.649748 1.242270
-0.394068 1.674450
0.117737 0.244018
-0.312303 1.792320
-0.523473 1.409790
-0.806570 1.066610
-0.724200 1.525820
-0.858373 1.015860
-0.566994 0.443163
0.365581 0.459595
-0.235333 1.567250
-0.171633 -0.021755
-0.373771 1.551930
-0.768712 1.326360
-0.500040 1.590250
-0.716029 1.246710
-0.585739 1.308720
-0.244555 1.576640
-0.421768 1.606230
0.539626 -0.006044
0.065795 0.513680
-0.482702 1.394420
-0.750416 0.000779
-0.199996 1.719800
-0.811133 0.893658
0.204744 0.171116
0.045650 -0.069752
-0.303583 1.665910
-0.926230 0.652597
-0.516026 1.357590
0.435467 0.130464
-1.610370 0.352333
-0.404947 1.610300
-0.182514 0.599347
-1.004370 1.129190
-0.459609 1.600350
-0.302952 1.617250
-0.650334 0.935673
-0.770575 1.262500
0.043175 0.045148
-0.595969 1.440550
-0.423070 1.578630
0.833225 -0.065746
-0.733124 0.970239
-0.757772 1.383510
0.537745 0.050270
0.768924 0.021517
-0.367493 1.809700
1.124920 0.067123
-0.572904 1.400920
-0.467983 1.571260
-0.853326 1.088230
-0.359513 1.527300
0.545438 -0.070325
-0.461849 1.426070
0.521518 0.148924
-0.678644 1.520780
-0.012603 0.448690
-1.054420 0.904276
0.439703 -0.009312
0.651912 0.091403
-0.721871 1.178840
-0.764132 1.177040
-1.502070 0.435671
-0.346636 1.681940
-0.572084 1.420670
-0.597658 1.323830
-0.676726 1.451270
-0.862626 1.270340
0.106701 0.114617
-0.441801 1.628500
-0.574514 1.397530
0.825539 0.117245
0.651636 0.775688
-0.872698 1.005360
0.485846 0.205062
-0.521778 1.442100
-0.149873 -0.202656
0.560313 0.136412
-0.293990 1.684450
-0.787910 1.433790
-0.330783 1.617230
-0.997429 1.355300
0.291019 -0.015737
-0.132234 1.772120
-0.653960 1.439600
0.316395 0.383000
-0.713250 0.402893
-0.550885 1.419640
0.185496 0.084754
-0.430866 0.451966
-0.584927 1.768420
-0.558388 1.418650
-0.793869 1.227200
-0.277955 1.628170
-0.485448 1.641490
0.274558 -0.287679
-0.589823 1.264620
-0.807796 1.420380
-0.711840 1.213900
-0.479341 1.234660
-0.853171 0.921075
0.185732 -0.031123
-0.080385 0.474554
-0.640575 1.329780
-0.088127 0.454904
0.197198 0.193232
-0.421171 1.409020
-0.680404 1.383400
-0.541709 1.356960
0.873910 0.430876
-0.561169 1.400380
-0.784571 1.184690
0.222435 0.101277
-0.838708 1.288790
0.358095 0.082708
-0.559960 1.666710
-0.493470 1.652030
-1.080050 0.506617
-0.993063 1.044360
0.232854 0.398504
0.586920 0.791778
-0.706131 1.432050
-0.453737 1.628790
-0.216336 1.472810
-0.588588 1.384420
0.193175 0.427827
-0.444592 1.642670
-0.119739 0.527642
-0.299637 1.547680
-0.274534 1.511460
0.540591 -0.107067
0.282206 0.144007
-0.595485 1.418760
-0.511528 1.484520
-0.184346 0.106335
-0.623730 1.362350
-0.319728 0.664946
-0.320426 1.646150
-1.028690 1.065850
-0.541792 1.474720
-0.450280 0.996771
-0.498929 1.541710
-0.612231 1.526930
-0.394658 0.648100
-1.075380 0.707534
-0.499352 1.359890
-0.589956 1.442210
0.101492 0.132254
-0.973478 0.447772
-0.573802 1.492060
-0.587742 1.283690
-0.526294 1.387610
-0.590606 1.425620
-0.621260 1.302110
-0.601511 1.545930
-1.662350 0.429867
-0.609686 1.312080
-0.480814 1.382040
-0.681279 1.383630
-0.408371 1.454410
-0.874317 1.051620
-0.059311 0.561600
-0.612491 1.392890
0.636200 0.003810
-1.068020 2.133470
-1.096410 0.842339
-0.548790 1.464760
-0.284747 1.607150
-0.049724 1.382020
-0.641174 1.349680
0.779441 -0.105042
-0.774718 1.031300
-0.697343 1.244510
0.395411 0.417268
-0.708531 1.335340
-1.186060 1.518320
0.684820 -0.071443
0.559037 0.289978
-0.636812 1.329040
0.735422 0.098369
-0.346312 1.700930
-0.582246 0.856347
-0.435639 1.416020
-0.156231 0.124525
-0.745541 0.989777
-0.608178 1.371930
-0.930259 0.973184
-0.828103 1.216410
-0.521985 1.781210
-0.557382 1.299190
-0.446643 0.931935
0.406981 0.098308
0.038204 0.862205
-0.499834 1.719700
0.710242 0.260924
0.328443 0.588479
-0.337919 1.789370
-0.783697 1.419130
-0.284180 0.414966
0.104975 0.325547
-0.480360 1.596440
-0.782762 1.108190
-0.532591 1.464760
-0.629650 1.362070
-0.687922 1.562820
-0.955032 1.072060
-0.670689 1.354720
-0.597392 1.300690
-0.790771 1.106110
-1.033740 1.242630
-0.987192 0.831964
-0.543079 0.336623
-0.445378 1.506130
-1.308560 0.531996
-0.550691 1.412420
-1.813960 1.292740
-0.120175 0.684050
-0.308576 1.571910
-0.182792 0.144025
-0.742333 1.602200
-0.802040 0.935571
0.953617 0.061918
0.137374 0.003806
-1.032070 -0.244813
-0.897311 0.382889
-0.878136 1.211070
-0.448291 1.426910
0.902943 -0.066857
-0.578299 1.767420
-1.278620 1.292670
-0.548001 1.220980
0.166545 0.253636
-0.044693 0.279034
-0.791555 1.352190
0.594050 0.107460
0.982048 -0.029665
-0.217169 -0.088459
-0.566170 1.442400
-0.206511 0.550432
-0.592484 1.562570
-0.765006 1.480640
-0.285275 1.755230
-0.827661 1.111410
-1.559860 1.146800
-1.174850 1.143050
0.572859 0.052907
-0.591069 1.450920
-0.855546 1.123810
-0.544103 1.447360
-0.773110 1.387740
-1.308160 1.004350
-0.304036 1.610850
-0.557906 1.624490
-1.065560 0.919293
-1.307290 0.380429
0.567828 0.068267
0.036460 0.239232
-1.037270 0.619106
-0.266503 1.595050
-0.747752 1.334020
0.460360 0.375429
-0.527943 1.481160
0.220725 0.136445
-0.518354 1.721040
-0.700563 1.159610
0.669123 -0.000604
0.632015 0.021818
-0.685135 1.438860
-0.548125 1.395060
-0.759795 1.404440
-0.089969 0.628550
-1.116570 0.497748
-0.098251 1.766840
-0.656083 1.451320
-0.852637 0.446499
-0.471828 1.523920
-0.498962 1.518460
-0.340609 1.570980
-1.134110 0.769753
-0.295717 0.442077
-0.755326 1.240450
-0.572149 1.347520
0.176530 0.429012
-0.869110 1.338780
-0.307011 1.899530
-0.285007 1.455750
0.072980 0.524436
-0.041461 0.512328
-0.576616 1.581390
-0.867750 0.458573
-0.563293 -0.329839
-0.779966 1.176740
-0.102898 1.682720
0.410681 -0.035077
-0.691565 1.399110
0.296031 0.334962
-0.049158 0.682571
0.006343 0.372401
-0.513653 1.372190
-0.591799 1.316550
-0.648301 1.404260
-0.707395 1.378650
-0.506999 1.608410
-0.935582 -0.045007
-0.270876 1.761170
-0.170821 1.775470
-0.341114 1.765760
-0.638303 1.358860
-0.035119 0.584969
-1.039660 0.705881
-0.726532 1.196450
-0.454620 1.636250
-0.744770 1.614840
-0.628368 1.446530
-0.742096 1.131800
-0.657927 0.580165
-0.516059 0.430579
0.773817 -0.065647
-1.352000 0.822565
0.413782 -0.046650
0.053354 0.675255
-1.089150 1.241410
-0.539607 1.395230
-0.931487 1.427550
0.369984 -0.005202
-0.748977 1.203480
-0.311880 0.687979
-0.339091 1.467720
0.544391 0.032168
-0.921496 0.840341
-0.421564 1.595300
-1.063790 1.134600
-0.890008 1.046930
-0.609561 1.406590
-0.478087 1.505810
-1.135240 0.999635
-0.208786 0.637127
-0.217016 1.683460
-0.622304 1.377480
-0.821444 1.452990
-1.246310 0.680696
-0.789185 1.046720
-0.035919 -0.056003
-0.966582 1.112010
-0.751809 1.314070
0.458403 0.103219
-1.179810 0.864685
0.977061 0.030755
-0.457014 0.760436
-0.609179 1.289830
0.233849 -0.003120
-0.941447 0.960323
-0.297479 0.507035
-0.714574 1.180650
-0.427560 1.502330
-0.640572 0.402485
-0.983132 1.056560
-0.509959 1.697380
0.098398 0.349246
-0.413349 1.531270
0.033362 -0.031234
-0.502522 1.464280
-0.114744 0.602140
-1.868130 1.463270
-0.227044 1.635690
-0.637365 1.520650
-0.938275 0.532349
-0.093698 0.337204
-0.255636 1.756930
-0.150956 1.642510
-0.288275 1.758550
-1.394580 0.101216
-0.263489 1.715390
-0.587052 1.520470
-1.390430 -0.197305
0.893522 -0.008804
-1.462170 1.892320
-0.687762 1.401490
-0.109895 1.865470
-0.431618 1.393590
-0.974739 0.959711
0.422505 -0.102802
-0.671063 1.308810
-0.757969 1.470260
-1.201650 1.090850
-0.628381 1.222650
-0.374054 1.742590
0.610860 0.043712
0.390985 0.571505
-0.649903 1.344060
0.487734 0.126110
-0.619627 1.498100
-0.537235 1.623230
-0.327326 1.454390
-0.569205 1.399510
-0.573135 1.380250
0.757255 -0.056416
-0.975632 0.824752
-0.686145 1.290120
-0.611451 1.213460
1.028740 -0.116653
-0.489398 -0.086611
-0.375070 1.696630
-0.023129 1.861540
0.224153 0.068250
-1.006490 1.125870
0.079861 0.753944
0.295931 0.693275
-0.453579 1.621300
-0.870993 0.649969
-1.208670 1.030230
-0.205574 1.045740
-0.659394 1.386920
-1.037870 0.991906
-0.358386 1.561340
-0.368301 1.552200
-0.640876 1.612520
-0.150471 0.408067
-0.780742 1.240030
-0.519429 1.499790
-1.201350 1.569830
-0.817180 0.978532
0.864557 0.016612
0.122892 -0.055800
0.160720 0.319052
-0.217794 -0.313625
0.477986 0.205108
0.594934 -0.111098
0.715678 0.013109
-0.498234 1.491600
-0.712233 -0.193394
-0.706177 1.432400
0.337396 -0.037828
0.598094 0.235792
0.310008 0.175199
-1.295070 1.999650
-1.493080 1.005000
-0.150434 0.388889
-0.657893 1.421750
-0.456284 1.783200
0.970980 -0.130682
-0.856648 1.105720
-0.522075 0.672690
-0.661139 1.745340
-0.733845 1.355180
-1.310070 0.655539
-0.360036 1.533540
-0.666870 1.620140
-0.643343 1.511390
0.330823 -0.049832
-1.342480 0.877626
-1.377790 0.910589
-0.398138 0.665776
-0.446058 1.424780
0.180972 -0.045925
-0.096474 0.145258
-0.610378 1.301520
-0.481735 1.647890
-0.937427 0.824172
-0.574752 1.177730
-1.004830 0.812863
-0.599546 1.528820
-0.641293 1.228700
-0.132203 0.250048
0.601761 0.042057
0.708436 0.110997
-0.625281 1.446790
-0.390005 1.471450
-0.792880 1.143800
-0.321057 1.769170
0.493030 0.145088
-1.038390 2.249820
0.497653 0.130247
-0.278294 1.534100
-0.162593 1.912250
-0.584679 1.606590
-0.789118 1.301790
-0.650312 1.542270
-0.680577 1.333510
-0.535137 1.517340
-0.543243 1.284500
-0.492830 1.457460
-1.039040 0.054995
0.040029 0.711521
-0.281180 1.643070
-0.459717 1.546800
-0.411424 1.466600
-0.113654 0.497338
-0.848514 0.793302
-0.862123 1.364970
-0.791746 1.284400
-0.095491 1.956880
-0.353491 0.456712
-0.541682 1.518100
-0.884322 0.986649
0.128147 0.041189
-0.655876 1.383000
0.230321 0.088584
-0.556317 0.754526
-0.319830 1.762360
-0.647999 1.194880
0.139175 0.278476
-0.822427 1.237670
-0.573472 1.367120
0.740178 -0.067134
0.276935 0.045936
-0.674059 1.306570
0.058584 0.287407
0.220523 0.271233
-0.358193 0.158029
-0.207917 1.542940
-0.887401 1.284340
-1.226270 0.052371
-0.454137 1.497370
-0.953979 0.531587
0.379673 -0.007041
-0.412427 1.487520
-0.515883 1.581670
-0.582680 1.209600
-0.253434 1.740700
-0.722990 1.215920
-0.229050 0.593033
-0.477160 1.640090
-0.778442 1.207230
-0.032980 0.452500
0.556161 -0.129326
-0.272262 0.551432
-0.721432 1.443010
-0.512233 1.580930
0.921586 -0.001404
-0.926848 0.860676
-0.567075 1.671970
-0.258184 0.474208
0.347027 -0.350687
0.476596 0.006036
0.630227 -0.007232
-0.873094 1.326960
-0.890172 1.026390
-0.652124 1.614350
-0.762151 1.204380
-0.473974 1.376460
0.598868 0.057110
-1.171440 0.757711
-0.697268 1.102330
0.422064 0.453107
-0.850372 1.471350
-0.560806 1.477650
-0.655853 1.504100
-0.327149 1.863390
-0.498754 1.372330
-0.570880 1.528050
-0.818634 1.227470
-0.207682 1.615840
-1.539290 0.845558
-0.801595 0.438054
-0.352231 1.489560
-0.054532 0.415235
-0.301534 0.252561
-0.674797 1.164010
-1.327420 0.520586
-0.999865 0.891105
-0.906545 1.523180
0.491862 0.064488
0.506021 0.072390
-0.098156 0.213650
-0.326950 1.554110
-0.967166 1.198480
-0.504894 1.636990
0.266979 -0.128676
0.354614 -0.054578
-0.238605 -0.219600
-0.590941 1.547130
-0.723960 1.058950
-1.770770 0.465684
-0.360218 1.401060
-0.681522 1.287030
-0.680132 1.088520
0.424418 -0.032757
-0.405067 1.455950
-0.681130 1.205620
0.057966 0.481025
-0.738684 1.149430
-0.082183 0.211272
-0.440804 1.580510
-0.890854 1.457680
-1.309130 1.933350
0.788229 -0.054373
0.554132 0.053008
0.184619 0.325896
-0.757172 1.192600
-0.301162 1.587170
0.184362 0.528643
0.547858 0.062928
-0.449232 1.495880
0.870213 0.019388
-0.306367 1.133630
-0.718863 1.461360
0.314550 0.071208
-0.429563 1.585720
-0.383112 1.744940
-0.669182 1.260910
-0.496811 1.454710
-0.775393 1.302770
-0.614735 1.616040
-0.547960 1.289940
-0.672030 0.997842
-1.722330 0.749397
-0.226520 1.805650
-0.372338 0.495414
-0.392212 1.641030
0.822853 -0.114113
-0.561374 1.642030
-0.860658 0.763845
0.260946 0.016148
-0.215104 1.537710
-0.633439 0.729322
-0.346440 0.526962
-0.396825 1.651820
0.597390 0.314552
0.575261 0.055446
0.327970 -0.117985
-1.040730 1.650360
-0.258969 1.614820
-0.786287 1.309140
-1.008460 1.016280
-0.580550 1.300880
0.235695 0.531201
0.586797 -0.105252
-0.280991 0.404912
0.219840 0.567814
-0.337573 1.638880
-0.443629 1.578020
-1.344990 2.228480
-0.168344 1.880460
-0.642683 1.569280
-0.927502 1.064310
-0.256256 1.729330
0.638029 -0.045804
-0.434140 0.313517
-0.605933 1.372980
-0.029072 -0.029970
-0.467329 1.552710
0.649970 0.006476
-0.033839 1.276590
-0.800430 1.380450
-0.262004 1.635000
-1.075490 1.048610
-0.707788 1.221780
-0.178043 1.809520
0.472449 0.064618
-0.804843 1.242260
-0.254436 1.759450
-0.371011 1.702730
-1.069790 1.236530
-1.014360 0.920686
0.784391 0.118093
-0.345315 0.343149
-0.380589 1.536240
-0.847429 0.799484
-0.255487 1.729180
-0.857130 1.113480
0.141498 0.345342
-0.398319 1.497960
0.330696 0.307250
-0.104070 0.360857
-0.658474 2.238890
-0.703953 1.423750
0.771434 0.195090
-0.456666 1.479580
-0.369614 1.553880
-0.533436 1.299500
-1.258310 0.745787
-1.261200 1.533180
-0.663872 1.080740
-0.115278 0.564594
0.482284 0.207225
-0.753960 1.032970
-0.994497 1.034670
-0.704432 1.402610
-0.563916 1.301340
-0.275669 0.494811
0.888228 0.047257
-1.119440 1.666060
-0.157990 0.459168
-0.608906 1.399650
-0.344375 1.637900
-0.451412 1.372330
-0.365578 1.867890
0.753937 0.061365
-0.694150 1.361350
-0.432768 1.591190
-0.034128 0.484847
0.380617 0.223876
-0.753658 1.203140
-0.808113 1.359500
-0.806698 1.104120
-0.158894 0.336917
-0.401014 1.556220
-0.334341 1.362930
-0.313422 1.592720
-1.288010 0.444729
-0.796092 0.971911
0.570222 0.109477
-0.503990 1.443240
-0.459656 1.360380
0.180096 0.031791
-0.945791 1.005130
-1.008270 1.083370
-0.457134 1.336330
-0.907552 1.286680
-0.189853 0.570811
-0.683394 1.206450
0.189342 0.424432
0.440214 0.619490
0.349894 0.098580
0.363780 -0.074852
-0.243520 1.594100
0.150975 0.294724
-0.843444 1.207710
0.017935 0.056160
-0.730174 1.241850
-1.101700 0.988833
-0.319939 1.953110
0.765236 -0.023432
0.710754 -0.094998
0.785745 0.094730
-0.216429 1.445640
-0.618059 0.985806
-1.442480 0.657357
-0.774217 1.527460
-0.255594 1.536460
-0.300719 1.661010
1.050870 0.056854
0.275658 0.293985
-0.604754 1.487650
-0.489664 1.290540
-0.492711 1.475610
-0.633892 1.542650
-0.841154 1.208040
-1.106220 0.979444
-1.239170 0.484538
0.113473 1.628950
-1.034530 1.239400
0.182937 0.172779
-0.635586 2.073360
-0.219829 1.641130
-0.651028 1.472920
0.194342 0.639380
-0.480039 1.331330
-0.552183 1.575910
0.730028 0.010550
-1.459820 0.877152
-0.365204 1.566190
-1.445600 0.410774
-0.965192 0.695537
0.453968 0.017530
-0.187021 1.861630
-0.464250 1.532900
-0.554080 1.162640
-0.397600 1.686350
0.812632 0.304328
-0.406022 1.481080
-0.448125 1.462000
-0.704648 1.129200
-0.374394 1.467200
-0.842409 1.031490
-0.699531 1.445970
-0.299494 1.349340
0.127453 0.521965
-0.587482 1.616700
-0.805728 1.571020
-0.465424 1.326460
-0.080632 -0.276192
-1.152600 0.943502
-0.754870 1.163860
0.785217 0.386778
-0.447749 1.600010
-0.448972 1.367260
-0.275838 1.720010
-0.921911 1.170060
0.148916 -0.209480
-0.199015 0.373546
0.511428 0.319487
-0.512710 0.263515
-1.042590 0.997406
-0.582208 1.121810
-1.585940 0.453854
-0.442621 1.572290
-0.774052 1.377660
0.121359 0.061561
-0.938086 1.481900
-0.763234 1.365980
-1.419820 0.503492
-0.405833 1.609560
-0.965187 0.928267
0.242699 0.095780
-0.555275 1.595460
0.346950 -0.133087
0.941627 0.247211
-0.905574 -0.003532
0.327378 0.280096
-1.172150 0.784592
-0.622967 1.399600
-0.577486 0.408565
-0.696579 1.307730
-0.880585 1.228940
-1.211320 0.811063
-0.455208 1.575160
0.751082 -0.016421
-0.637776 1.550260
-0.646111 1.223380
-0.210990 1.731730
-0.618681 1.409480
0.670208 -0.024271
-0.877833 1.385940
-0.602582 1.471830
-0.853919 1.105500
-0.869884 1.072890
-0.322944 1.715220
-0.929311 1.157740
-1.637350 2.021080
-0.315302 1.256470
0.054837 0.614101
-0.591519 1.515050
-0.881860 1.483370
-0.212336 1.770650
-1.194290 0.947834
-0.836089 0.963779
0.165668 0.136291
0.318391 0.209840
-1.086470 0.440878
-0.492867 0.870590
-0.190528 1.642960
-0.699981 1.094630
-0.397385 1.354730
0.238517 -0.016977
0.906441 0.285511
-0.344569 1.581840
-0.605944 1.386430
-0.831412 1.041030
-0.795208 1.513540
-0.343518 -0.032434
0.681375 0.130785
-0.604227 1.446560
-0.510487 1.579620
-0.710782 1.274520
-0.740082 0.623261
-0.182344 1.562430
-0.817533 0.739934
-0.504244 1.501630
-1.377260 0.168449
-0.139620 0.070049
-0.502517 1.486120
-0.288817 1.571770
-0.964310 1.162900
-0.461367 1.605660
0.093927 0.000246
-1.284620 0.669695
-0.597543 1.502990
-0.501015 1.458530
-0.602861 -0.093781
-0.526146 1.528170
0.766713 -0.030221
-0.571749 1.486550
-0.370855 1.550850
0.435345 0.195965
-0.632526 1.462690
-0.650327 1.518520
-0.885437 1.087000
-0.280143 1.464680
-0.657030 1.464060
-0.720844 0.394161
-0.915543 1.240930
-0.370073 1.511260
-0.862720 1.371370
-1.439140 0.856985
-0.795105 1.080520
-0.605561 0.459644
-0.352032 0.468310
-0.956254 1.249720
-0.027071 0.456045
0.141263 0.597562
-0.575956 1.391820
-0.508732 1.434690
-0.467446 1.495520
-0.964375 0.686324
-0.485067 1.265250
-0.878351 1.052450
-0.673175 0.643582
0.110845 0.381541
-0.929644 1.036250
-0.357889 1.642490
-0.634310 1.305770
-0.052020 0.101007
-0.682974 1.312860
0.159585 0.085762
-0.948343 1.032380
-0.573599 1.520620
-0.991451 1.122070
-0.679434 1.374550
-0.689335 1.382120
0.953641 -0.049789
0.374105 -0.054646
0.540503 0.053492
-0.850188 1.287110
0.201413 0.438779
0.033521 0.198125
0.238335 0.400742
-0.174619 0.154402
-0.302565 1.630640
-0.978813 1.047310
0.586961 0.094255
-0.120205 1.644930
-0.133503 0.178333
-0.022594 1.819770
-0.696589 1.294730
-0.731718 1.396860
-0.575090 1.351530
-0.754683 1.096600
-0.435046 1.671340
-0.634066 1.252150
-0.657214 1.382190
-0.554490 1.512190
0.811740 0.132447
-0.258375 0.243077
0.216721 0.312826
-0.523306 0.611442
-0.767300 1.374770
-0.963120 1.156900
-0.872665 1.075180
-1.057410 0.942926
-0.566546 1.388030
-0.399442 1.540380
0.613812 -0.082377
-0.864265 1.202830
-0.747017 0.670854
0.188861 0.715266
-0.424796 0.905422
-0.578062 1.462400
-0.568382 1.516680
-0.713665 1.305880
-1.196470 0.714725
-0.985494 1.585450
-0.836836 0.614141
-0.771109 1.171490
-0.667246 1.253580
0.200296 0.547408
-0.055170 0.306907
-0.133971 0.670952
-0.675528 0.692479
-0.522484 0.851140
-0.366698 1.609230
-0.917376 1.009220
-0.626790 -0.068914
-0.569118 1.365220
-0.829046 1.022440
-0.323489 0.724211
0.572355 0.104430
-0.595061 1.393370
0.188548 0.297612
-1.058850 0.843792
-0.521539 1.362710
0.923373 0.098895
0.757751 0.002199
-0.734683 1.729840
-0.850335 1.182440
-0.476253 1.347930
-1.124500 1.093030
-1.467160 0.975141
-0.490897 1.425230
-0.017236 0.500803
-0.837226 -0.161384
-0.863785 1.092930
-0.757420 1.302110
0.501618 -0.003748
-0.461486 1.490010
0.100385 0.646093
-0.657136 1.407400
-0.456127 1.272670
-0.228600 1.509560
-0.948174 0.804289
-0.450361 1.640080
-0.982202 1.329460
-0.491595 1.591020
-0.220376 1.614320
0.689649 0.018332
0.364703 0.143881
-0.526457 1.293400
-0.775030 1.549660
-0.635894 0.496668
0.559215 0.111716
-0.666083 0.547877
0.314068 0.457909
0.808616 -0.155805
-1.167090 0.926314
-0.562715 1.424840
-0.429295 1.628530
-0.637026 1.412750
-0.790185 1.423260
0.718697 0.079967
-0.735660 1.340760
-0.611102 1.248280
-0.646778 0.756337
0.362063 1.256160
0.159574 0.253355
-1.223260 0.845113
-0.502926 1.451830
0.152948 0.580975
0.071098 0.416662
0.240828 0.357699
0.628902 0.029567
-0.334376 0.450550
-0.694489 1.983580
-0.684043 1.593740
-0.366635 1.588470
0.618586 -0.067489
0.005612 0.462758
-0.923430 0.663764
0.494059 0.093739
-0.547042 1.358890
-0.021540 0.540609
-0.689056 1.299110
0.328022 -0.035015
-0.530137 1.448930
-0.425544 1.573510
-0.535309 1.362240
-0.339150 1.528920
0.141189 0.138970
-0.243302 1.842490
-0.644547 1.298770
0.726633 0.068785
0.018697 0.542679
0.073395 0.051476
-0.842240 1.146540
0.186160 0.325129
-0.717278 1.851900
0.433978 -0.044719
-0.629026 1.407890
-0.508861 1.360210
-1.186860 0.900632
-0.531817 1.344840
-0.483643 1.696580
-0.644218 1.162390
0.868531 0.301700
-0.312811 1.801240
-0.259257 1.619180
-0.739258 -0.010987
-0.488111 1.673850
0.064641 -0.197910
-1.123330 0.761727
-0.570370 1.407340
0.797639 0.108504
-0.830307 1.090550
-0.417838 1.648850
-0.248502 0.175193
0.331376 -0.009876
-0.637097 1.294580
-0.355526 1.837220
-0.571637 1.278910
-0.708346 1.127880
-0.894017 0.318148
0.718281 0.180504
0.795502 0.005637
0.634349 0.184848
0.166902 0.185128
-0.661160 1.337910
-0.742742 1.446220
0.609809 0.032644
-0.578456 1.014280
-0.998695 1.329700
-0.522939 1.534840
0.647258 -0.011539
-0.764715 0.899846
-0.245985 1.703990
-0.504883 1.501570
-0.842916 0.996565
0.437195 -0.021929
0.901196 0.190162
0.711026 0.085497
-1.064150 0.973253
-0.604924 1.427250
-0.472033 1.653020
-0.405320 1.438960
-1.079340 -0.036326
-0.558219 1.513780
-0.460288 1.481340
-0.330148 0.580046
-0.403765 0.545047
-0.628027 1.555550
-1.227920 0.050767
-0.173801 0.518213
-0.458175 1.448370
-0.643125 1.094930
-1.389050 0.534941
-0.909438 1.382820
-0.286145 1.500480
0.398330 0.025455
0.772545 0.175336
0.844891 0.175682
-0.698567 1.155940
-0.081904 1.732100
-0.889833 1.384230
-0.793687 1.184960
-0.780171 1.169320
-0.658731 1.415100
-0.528995 1.574110
-0.367446 1.445980
-0.178819 1.088700
-0.609208 1.189120
0.255618 0.530263
-0.310304 1.762290
-0.417859 1.570110
-0.365470 1.381550
-0.727177 0.561212
-0.238582 1.545000
-0.369566 1.883650
0.709389 0.238261
-0.473527 1.368300
-0.128013 0.816639
0.482444 0.052453
-0.485061 1.260380
-0.424441 1.413350
-0.525127 1.452900
-0.126407 0.158708
-0.605052 1.332510
-0.858119 0.633109
-0.606325 1.239410
0.607189 0.291410
0.235168 0.458897
-0.599267 1.122860
-0.623660 1.656410
-0.352678 1.579480
-0.600143 1.412270
-0.501309 1.151760
0.210112 1.046810
-0.386739 1.618530
-0.547308 0.553116
0.614621 0.107661
-0.303360 1.718300
-0.622752 1.192910
-0.297518 0.553111
-0.834863 1.114160
-0.853228 1.170910
0.579285 0.085464
-0.969128 0.590800
-0.732173 1.224440
-1.110020 0.844992
-0.857279 1.308420
-0.673243 1.322370
0.339851 0.149025
-0.460988 1.534860
-1.248880 0.366162
0.552881 -0.045945
-0.172218 0.461121
-0.294314 1.725620
-1.764440 2.202870
-1.071560 0.784699
-0.282725 0.540235
-0.493217 1.456410
-0.582850 1.579530
-0.193985 0.357931
-0.733951 1.275060
-0.730352 0.309156
0.992280 0.005936
-0.663393 1.148820
-0.276158 1.851050
0.519056 0.185601
-0.002361 0.178297
0.466382 0.127805
-0.796094 1.219930
-0.392092 1.612730
-0.900852 1.095810
0.701660 0.235014
-0.561283 1.310080
0.708762 -0.035371
-0.003216 0.556857
0.766107 0.128717
0.017067 0.306660
-0.681364 1.426750
-0.460890 1.545610
-0.762195 1.369230
-0.624761 1.519220
-1.627680 0.059874
-0.741813 0.443589
0.577751 -0.136956
-0.721476 1.102050
0.344230 -0.275044
-0.436662 1.486190
-0.984441 0.865853
-0.426635 1.625800
-1.311070 0.654311
-0.970094 1.109230
-0.479299 1.420190
-0.889137 1.152280
-0.528874 1.284070
-0.977205 1.217480
-0.460697 1.361290
-0.902525 1.286960
-0.629012 1.505350
-0.776223 1.275320
-0.452694 1.435220
-0.279374 0.676014
0.655831 0.000853
-0.599146 0.651499
-0.392856 1.590600
0.700824 -0.067283
0.794649 0.115347
-0.535717 0.702839
-0.518552 1.502610
-0.462798 1.547280
-1.824640 1.503910
-0.533934 1.392100
-0.280575 1.712660
-0.265312 0.162983
-0.482728 1.675030
-0.263933 1.233530
-0.526647 1.461940
-0.407695 1.550990
0.773196 -0.004688
-0.539993 1.490590
0.471426 -0.015810
-0.529194 1.612650
-0.472289 1.399830
-0.628023 1.320610
-0.647992 1.172790
0.346927 -0.027108
-0.989569 1.320050
-0.873773 1.082800
-0.289338 0.498506
-0.437334 1.386020
-0.932560 0.685618
0.176641 0.436869
0.037317 0.108248
-0.498357 1.651060
-0.512859 1.451250
0.739730 0.081132
-0.402480 1.217390
-0.617040 1.325740
0.487250 -0.072911
-0.677706 1.420980
-0.256697 1.493000
0.488918 0.104568
0.079014 -0.085303
-0.139769 0.310355
-0.272839 1.584640
-0.514980 1.566400
0.983944 -0.017719
-0.353337 1.785370
-0.490562 1.616540
-0.634414 1.521400
-0.741653 1.071270
-0.471256 1.071330
-0.063891 -0.042556
0.776682 0.216072
-0.140794 0.508231
-0.508150 1.043700
-0.292236 1.530450
-0.641977 1.083140
-0.623967 1.282120
-1.557540 0.518213
-0.290024 1.386740
-0.607126 1.390780
-0.564991 1.351610
-0.688569 1.104660
-0.409707 1.592360
-0.600741 1.424370
0.534758 -0.080350
-0.312310 1.983380
-0.740197 1.048220
-0.656379 1.350860
-0.296721 1.746840
-1.077550 0.807608
-0.734668 1.456520
0.393979 0.154914
0.199651 -0.044576
-1.294520 0.277154
-0.519079 1.569890
-0.010400 0.367229
-0.432037 0.514303
-0.532688 1.500590
0.697174 0.027923
0.133384 0.489235
-0.795466 1.287340
-0.767173 1.052140
-0.262511 1.673110
0.557684 0.023005
-1.390270 0.397601
-0.532867 1.606850
0.500330 0.010672
-0.788323 1.294310
-0.549254 1.409660
-0.774381 1.236070
-0.442021 1.101220
-0.665441 1.212640
-0.391422 1.716740
0.024434 0.272276
-0.900482 0.986071
-0.902453 1.104270
-0.603194 1.792730
0.486407 -0.022442
-0.785185 1.060390
0.897733 0.006587
-0.640417 1.468410
0.529812 0.405965
-1.696330 0.464764
-0.428850 1.444770
-0.435559 1.354020
-0.736619 1.592000
-0.446956 1.598210
0.815381 -0.021403
-1.244410 0.873614
0.248395 0.290653
-0.356135 1.612350
0.421043 0.140863
-0.352746 1.425760
-0.379438 1.567860
-0.808447 1.301070
0.112629 -0.043372
-0.801541 1.327830
-0.309907 1.597300
-0.822104 1.232790
-0.906125 1.265150
0.609759 0.038705
-0.336288 1.727830
-0.158541 1.683820
-0.717993 1.391510
-0.868336 1.191320
-0.138199 1.739750
-0.481214 1.585170
-0.013224 0.384556
0.189433 0.068932
-0.657355 1.197250
-0.069502 0.276953
-0.008248 0.558242
-0.611606 1.376290
-0.217600 1.684470
-0.123103 1.818730
-0.567952 1.450270
-0.590897 1.508170
-0.763526 1.149000
-0.500352 1.327080
0.492935 0.029567
-0.802094 1.312900
-0.541131 1.556140
0.553988 0.013437
0.821801 0.276409
0.433100 0.095325
-0.549059 1.027620
-0.350761 1.691970
-0.870672 1.313960
0.320174 -0.157389
0.664699 -0.177667
0.418136 0.275288
-1.341790 0.955715
-0.678509 1.271190
0.239746 -0.180962
-0.452820 1.467030
-0.629422 1.290130
-0.535457 0.528938
-0.631458 1.185000
-0.290313 1.507230
-0.977069 1.047870
-0.509795 0.524297
-0.667134 1.437180
-0.701875 1.305020
-0.359456 1.885760
-0.633343 1.440300
-0.422979 1.476430
-0.905795 1.285730
-0.670114 1.224630
-0.736652 1.089430
-0.364101 1.588490
-0.631063 1.153040
0.075013 0.713516
-0.047085 1.293230
-1.498360 0.377975
-1.422880 0.495097
0.379146 0.079145
-0.623476 1.482450
-0.160628 1.764730
0.610732 -0.086080
-1.051230 0.947737
0.249919 0.182942
-1.063310 1.059420
-0.443479 0.883042
-0.612585 1.342830
-0.212720 1.602090
-1.298290 0.348150
-1.861900 2.052950
-1.086260 1.170540
0.258665 0.365793
-0.405531 1.482980
-0.893793 1.157870
-0.451953 1.381300
0.110778 0.229429
0.115651 -0.130890
-0.724863 1.245060
-0.958781 0.928546
-0.524881 1.509230
0.774620 0.136479
-0.969519 1.121850
0.541618 -0.133800
-0.427994 1.475280
-0.252891 0.380655
-0.602383 1.427270
0.613338 0.147990
-0.139422 0.580331
-1.038120 0.862886
-0.840287 1.077390
-0.682508 1.851310
-1.108790 -0.085839
-0.330947 1.586500
-0.949985 1.098370
-0.500439 1.489640
-1.131840 0.765541
-0.545068 1.486270
-0.272623 1.597460
-0.879122 1.360680
-0.749661 1.175620
0.535093 0.089634
-0.649772 1.337010
0.631557 0.194909
0.556844 0.558227
-1.173330 0.991152
-0.418133 0.357574
-0.690945 1.403700
-0.932219 1.036170
-0.065601 -0.056287
-0.597569 1.439330
-0.532480 1.538180
-0.417808 1.600300
-0.401847 1.167920
-0.388889 1.325060
-0.518666 1.225600
0.124986 0.249542
0.363256 0.007296
-0.937055 1.151510
-0.459441 1.378850
0.542419 -0.015368
-0.630534 1.277520
0.341682 0.430483
-0.605913 1.269290
-0.108736 0.612322
-0.792147 1.309730
0.448017 0.370311
-1.105050 0.938198
0.329202 0.021313
0.898829 -0.111443
-0.628322 1.429940
-0.681036 1.168920
-0.554698 1.739390
-1.362450 0.779296
0.140811 0.249533
-0.153908 1.838020
-1.643430 0.448987
-0.414610 1.540660
-0.583900 1.419450
0.119263 0.044814
-0.806811 0.504991
-1.134170 1.170820
-0.315826 1.732420
-1.319430 -0.060139
-0.845771 0.934661
0.583528 0.177681
-0.800652 1.194980
-0.713563 1.217540
-0.665027 1.432610
-0.786944 1.121050
-0.326300 1.628140
0.099820 0.675939
0.889424 0.204073
-0.336042 1.597440
-0.519188 1.253010
-0.743539 1.188140
-0.858993 1.343730
-0.629200 0.409849
-0.437562 1.467850
-0.454098 1.457080
-0.387020 1.384360
-0.575707 1.316030
-0.529004 1.571130
-1.446520 1.687610
-0.335222 1.603460
-0.669177 1.241190
0.019818 0.663980
-0.120430 0.602843
0.341474 0.547061
-0.551397 1.367530
-0.457881 1.320160
-0.445265 1.676060
0.593793 0.526197
-0.360715 1.554220
0.340843 0.238589
-0.467948 1.586570
-0.922243 1.189870
-0.819323 1.241920
0.269853 0.327186
-0.820154 1.253800
-0.450298 1.335010
-0.643682 1.351390
-0.222976 1.958480
-0.484949 1.510490
-0.973885 1.135540
-0.522718 1.444640
-0.910400 1.217330
-1.012580 1.045640
0.271384 -0.002821
-0.604701 1.208660
-1.131110 1.144400
0.397087 0.488336
-0.547496 1.444480
-0.404338 1.617390
-0.376943 1.558660
-0.596127 1.658610
-0.856723 1.294160
-0.293323 1.777110
0.045239 0.715481
-0.332988 1.780190
-0.776431 0.356377
-0.583283 1.543160
-0.338541 0.599022
0.573449 0.146076
0.544449 0.500253
-0.657050 1.123950
-0.583956 0.459785
-0.572922 1.511750
-0.144487 1.507080
0.348198 0.459664
-0.922397 0.943425
-0.318017 1.699730
-0.856622 1.244420
-0.842114 1.167920
0.543952 0.039932
-0.545169 1.555900
-0.996665 1.218620
-0.748536 1.361360
-0.674365 1.223410
-1.644060 0.776261
0.437095 -0.111396
-0.442028 1.256530
-0.885940 1.176460
0.143611 0.502827
-0.541311 0.256386
-1.441470 1.787560
-0.228681 0.345534
-0.630348 1.531730
0.754786 0.006824
-0.500222 0.813176
0.656551 0.051729
-0.478622 1.343790
-0.053282 1.651610
0.243097 0.249568
0.616821 -0.014733
0.711481 -0.279835
-0.636041 1.207060
0.683485 0.023991
-0.566666 -0.101324
-0.599919 1.394630
0.804692 0.027352
-1.224580 0.693680
-0.912071 0.807054
-0.281624 1.448020
-0.690974 1.049770
0.570568 0.018032
-0.672221 1.513450
-0.525429 1.427950
-0.566844 1.320010
-0.254091 1.594840
-0.366484 1.717050
-0.437705 1.421230
-0.789607 1.230900
-0.951482 0.771776
-0.233046 1.567610
0.069826 0.112345
-0.291872 1.519640
-0.603703 0.875446
0.118686 0.265568
-0.191150 -0.141916
1.037880 0.057709
-0.366392 1.535650
-0.749991 1.252250
0.237238 0.091786
-1.040130 0.725064
-1.162510 1.625890
-0.613198 1.343150
-0.373222 1.285740
-0.231357 1.879670
-0.477449 1.500180
-0.859708 1.210620
0.401154 0.107786
-0.587441 1.469190
-0.563833 1.440370
-0.739172 1.303510
0.892036 -0.120764
-0.640462 0.516429
-0.494442 0.043881
-0.778369 0.677644
0.269140 -0.199623
-0.617034 1.588160
-0.058407 1.852190
-0.600021 1.485940
-0.410717 1.594060
-0.322048 1.740400
0.045363 0.645114
0.257066 -0.054757
0.622716 0.018147
-0.466026 1.422230
-0.286197 0.604379
-0.229091 0.541255
0.221537 -0.005244
0.377007 0.002357
0.475692 0.048661
0.627694 -0.051182
-0.436561 1.576870
-0.528813 1.665390
0.356089 -0.048387
-1.083940 1.177570
-0.688719 1.266430
-0.669540 1.494810
-0.247564 1.774550
-0.285884 1.808930
0.212445 0.486932
-0.786257 1.208090
-0.385917 1.507890
-0.489941 1.438420
-0.512469 1.392420
-0.452370 -0.070380
-1.356300 1.801210
-0.820127 0.732763
-0.129534 0.467131
0.077169 0.422104
-0.760233 1.060700
0.494222 0.180182
0.113411 0.230574
-0.573336 2.292250
-0.904027 1.168300
-0.456798 1.495610
0.131029 0.475635
-0.368809 1.496310
-0.450953 1.575400
-0.497793 0.639964
-0.398451 0.153057
-0.479644 1.287060
-0.827633 1.293080
-1.050950 0.918056
-0.906049 0.395885
-0.831664 1.319750
-0.744530 1.047900
-0.901936 1.093780
0.766442 0.147819
0.796347 -0.143466
-0.568714 1.379050
-0.584331 1.591370
-0.488000 1.359720
-0.709367 1.350730
-0.221804 1.373880
-0.995550 1.030010
-0.473321 1.622800
-0.309343 1.483260
-0.712426 1.440170
0.765354 0.017891
-0.352803 1.395610
-0.611855 1.432870
-0.423009 1.605810
0.708241 0.159437
-0.540672 1.551160
-0.170408 0.490022
-0.199946 0.484860
-0.610737 1.494700
0.546838 0.343420
-0.607518 1.236480
-0.545578 1.519240
0.231318 1.609450
-0.705484 1.222520
0.487527 -0.175455
-1.589730 0.754811
-0.995535 1.148120
-0.924345 0.818838
0.441437 0.100908
0.480731 0.092160
0.354929 -0.215419
0.559352 0.455409
-0.847955 1.373200
-0.782531 1.221380
-0.453746 1.310790
0.919996 0.110870
0.546806 -0.045395
-0.439801 1.924450
0.718934 0.071016
-0.167194 0.531284
0.699747 0.083247
-0.645384 1.274890
-0.963542 0.494557
-0.358493 1.639040
-1.270360 0.613774
-0.598252 1.533900
-0.446762 1.533330
-0.537801 1.566600
-0.112351 1.493340
0.625783 -0.074953
-0.340687 0.520298
0.631953 0.350465
-1.164720 1.033600
-0.657656 1.200410
-0.686750 1.253150
-0.774192 0.993628
-0.667344 0.162948
-0.624488 1.202970
-0.566186 1.217280
-0.769474 0.865571
-0.615484 1.542290
-0.705167 1.640930
-1.316700 0.603174
-0.236979 0.402117
-1.064450 0.709522
-0.450293 1.483640
-0.186641 1.682960
-0.525464 1.076380
0.181917 0.408722
-0.622920 1.073430
-0.273834 1.764510
-0.978201 1.065950
-0.670645 1.019650
-0.892903 0.293025
-0.983974 0.691165
0.413886 -0.039255
0.691627 -0.028623
-0.381173 1.487010
0.577275 -0.064692
-0.863345 1.203960
-0.623941 1.859880
-0.612368 1.263600
-0.555704 1.485980
-0.446118 0.891359
-0.872171 1.113420
-0.415179 1.780430
0.577891 0.140596
-1.422510 1.001210
-0.364592 1.659600
-0.609691 1.449880
0.037655 0.620328
-0.521476 1.623440
-0.462377 1.273440
-0.064614 0.514003
0.220282 0.080042
-0.410999 1.637830
0.877485 -0.095813
-0.597833 1.607670
0.129801 0.726676
0.322780 0.198959
-0.320935 0.262640
-0.523656 1.383340
-1.039630 1.245090
-0.869570 0.346666
0.362216 -0.043693
-1.006280 1.274780
-0.630141 1.510740
-0.289427 1.612350
-0.973346 1.230010
-0.958207 1.260730
-0.383758 1.392990
-0.331716 1.551320
-0.453505 1.611530
-0.487473 0.313063
-0.484829 1.426610
0.111438 -0.184083
-0.504227 1.642360
-0.844123 1.132190
-0.788839 1.436630
1.026130 -0.053443
-0.388058 1.594660
-0.806308 1.210630
0.681841 0.021895
-0.683129 1.337700
-0.641190 1.303960
-0.715334 1.180670
-0.408263 1.591690
-0.359227 1.569140
-1.789580 -0.149827
0.208519 0.799928
-0.530946 1.451430
-0.578486 0.365021
0.828713 -0.043084
0.001182 0.544595
-0.747570 1.261170
0.498234 0.270172
0.284040 0.776909
-0.431249 1.537340
-0.799189 1.232420
0.270965 0.341182
-0.037613 1.793110
-0.196047 1.544970
-0.493363 1.510020
-0.568761 1.585410
-0.231727 1.512190
0.177608 0.231435
-0.375733 1.503900
-0.738382 0.665548
-0.621039 1.485160
-0.393312 1.560900
0.659650 0.139644
0.619243 0.134309
-0.468811 1.538160
-0.479159 1.469130
-0.786235 1.202100
-0.877001 1.105560
-0.401431 1.446620
-0.433617 0.694482
-0.428869 1.646340
-0.485830 1.553200
0.229163 0.074385
-0.717440 1.467230
-0.115337 0.011203
0.099878 -0.079809
-1.470380 0.384731
-0.677043 1.553370
-0.335317 1.563930
-0.351176 1.633050
0.178971 0.195767
-0.136479 1.219110
-0.390413 1.575390
-0.612027 1.317540
-0.226237 1.384240
-0.746146 1.109530
0.435198 0.244004
-0.659851 1.555230
-0.325891 0.464313
0.719938 -0.064224
-0.403584 1.684590
-0.191350 1.615290
0.312317 0.327586
-0.655236 1.226760
-0.993405 1.635800
-0.250331 1.498040
-0.647981 1.755000
-0.601394 1.457480
0.521165 0.055542
0.684700 0.094485
-0.227731 1.721700
-1.843350 1.643900
-1.159880 0.841328
-0.437685 1.494920
-0.410666 1.443170
-0.474065 0.230036
0.550437 -0.011243
0.308175 0.279166
-1.026430 1.226850
-0.870419 1.338590
-1.286750 0.667085
-0.683095 0.276609
-0.832385 1.277600
-0.464800 1.508160
-1.176770 1.021090
0.040319 2.029080
-0.535937 1.386920
-0.841050 0.707441
-0.628752 1.279040
-0.169619 -0.058098
-0.418270 1.527990
-0.642636 1.494870
0.575248 0.373223
-0.441343 1.750970
0.289184 -0.048758
-1.741540 1.410710
-0.362200 0.720392
-1.213380 0.955388
0.738623 0.059018
-0.702246 1.279230
0.347059 0.190002
-0.090409 0.118803
0.517927 0.076995
-1.290660 1.679670
-0.685667 1.197320
-0.889794 1.106590
0.490308 -0.015850
-0.625998 1.197150
-0.478356 1.501280
0.924977 -0.113292
-0.694504 1.361300
-0.664575 1.451690
-0.334011 1.498720
-1.413260 0.778737
-1.117570 0.660546
0.241234 0.145073
-0.287245 1.902960
0.815360 0.002016
0.358584 -0.076589
-0.796570 1.393770
-0.575645 1.500440
-1.020630 0.517986
-0.554960 1.248430
-0.657557 2.043130
-0.775999 1.509380
-0.692939 1.032730
-0.457015 1.713210
0.373165 -0.154860
0.264702 0.750800
-0.630418 1.252890
0.776428 -0.214561
-0.886096 1.152360
-0.669769 1.519630
-0.556155 1.364700
-0.704627 1.672300
-0.832706 1.114270
0.294693 -0.029627
-0.617054 1.422630
0.781961 0.255539
-0.585552 1.583990
0.708462 0.073751
-0.604502 1.294490
-0.266693 1.829660
0.138838 -0.098126
-0.907013 0.557326
-0.675981 1.222000
-0.364541 2.047260
0.572193 -0.179414
-0.499096 1.770350
-0.423962 1.449210
0.524401 0.147013
-0.484085 1.510160
0.332675 -0.074712
-0.601432 1.377630
-0.644449 1.218990
0.545455 0.054985
-0.548004 1.361250
-0.333679 1.617430
-0.363331 1.432590
-0.398644 1.565520
-0.551793 1.628520
-0.899704 0.869476
0.906313 0.034766
-1.204050 0.831230
-0.566864 1.502890
-0.864130 1.162530
0.085238 0.560657
-0.883621 0.880112
0.485490 0.149056
-0.656728 1.456640
-0.887711 1.360720
-0.597487 1.280090
-1.508510 0.899865
-0.481401 1.548630
-0.609903 1.541490
-0.424430 1.510350
0.802995 0.080824
-0.701120 1.104050
-0.719419 1.276590
0.364799 0.257356
-0.412543 1.243870
-0.456194 1.345760
-0.707773 1.361970
-1.246220 1.543630
-0.214892 1.354300
-0.605168 1.497270
-1.328540 0.774031
-0.728334 0.623655
-1.059330 0.705629
-0.518756 1.569140
0.552039 -0.029021
-0.429359 1.599240
-0.342117 1.434860
-0.661173 1.313460
-0.528435 1.568170
0.073188 0.618758
0.278773 0.028573
-0.561483 1.399010
0.790974 0.004581
0.007526 1.773200
-0.720636 1.372570
-0.482533 1.325800
-0.596432 1.334120
0.500191 0.023871
-0.375069 0.452322
0.358423 0.164598
-0.737344 1.463720
-0.613545 1.095340
0.842843 -0.032972
-0.569857 1.567490
-0.884951 1.277700
-0.527168 1.337520
0.000151 -0.117908
0.848931 0.054176
-0.566308 1.500870
-0.878511 1.086930
-0.144014 0.485501
-0.824140 1.087450
0.235741 0.130979
0.227531 -0.054451
0.290452 0.352728
-0.508466 0.296998
-0.198409 1.833030
-0.737671 0.118965
-0.438494 1.596820
-0.836598 1.269480
-0.275776 1.483630
-0.563668 1.005000
-1.085160 1.582130
-0.315633 1.757900
-0.601367 1.444630
-0.730885 1.390090
0.934748 -0.041066
-0.127360 -0.231092
-0.445040 1.499490
-0.553721 1.467570
-0.274719 1.053370
-0.499330 1.481040
-0.303754 1.548180
0.476682 0.178576
-0.265970 1.714250
0.744291 0.009632
-0.950908 1.088900
-0.601713 1.557970
-0.872939 1.100290
-1.001850 1.094460
-0.504436 1.787980
0.552015 0.011517
-0.419101 1.332380
-0.753251 1.285440
-0.228601 1.540080
-0.020850 0.084867
-0.159293 0.524310
-0.797279 1.211080
-0.744661 0.202446
-0.381312 1.455980
0.617756 -0.106304
-0.151814 0.334104
-0.309868 1.805030
-0.813590 1.171440
-0.699492 1.392470
0.780493 0.008167
-0.830507 1.355080
-0.505326 1.349360
-0.626765 1.515070
-0.729794 0.530664
-0.599662 1.405870
-0.691223 1.251870
0.484033 0.329914
-0.322375 0.560141
1.020270 0.019591
-0.896151 1.230610
-0.320274 1.752460
-1.160710 0.746483
-0.397152 1.307590
-0.419788 0.654044
-0.806519 1.344960
-1.067440 1.039240
-0.818760 1.378110
0.073257 0.424063
0.439973 0.009656
-0.320184 1.653370
-0.323731 1.653550
-0.442992 1.635180
-0.249522 0.249632
0.147381 0.588319
-1.099270 1.534400
0.479987 0.093519
-0.239807 0.258526
-0.765608 1.530360
0.556125 -0.023881
0.012328 0.586544
-0.427137 1.697240
-0.430306 1.347610
-0.449005 1.444840
-1.194340 0.983971
-0.290903 0.424672
-0.282243 -0.066720
-0.460973 1.653590
-1.082970 0.966348
-0.152444 0.526612
0.708316 -0.133071
-0.533748 1.233660
-0.276379 1.673510
-0.343541 1.697140
-0.419136 1.327650
-0.139747 0.480922
-0.488311 1.506980
0.006135 -0.087318
-1.020710 1.335420
-0.205686 1.819010
-0.280054 0.249746
-0.684709 1.490880
-1.121040 0.698211
-0.504430 1.604130
-0.139361 0.979541
-0.563416 1.558490
-0.418637 1.584520
0.668077 0.553588
-0.685116 1.045930
-0.598821 1.348590
-0.722889 1.337120
0.503132 -0.222551
-1.272150 0.373635
-0.472149 1.605550
-1.020780 1.062510
-0.900440 0.952016
0.494056 0.427131
0.706738 -0.007171
-0.236543 1.851630
-0.672833 1.346180
-0.613300 1.316430
0.817591 -0.000549
-0.550680 0.168902
-0.619617 1.476140
-0.114865 0.065989
-0.293451 1.706150
-0.887617 1.185950
-1.641280 1.805570
-0.654146 1.419840
-0.414330 1.206650
-0.614645 1.361590
-0.083103 1.700050
0.070071 0.563553
-0.558259 1.157890
-0.531916 1.348680
-0.380747 1.451830
-0.549164 1.388540
-0.288075 0.179095
-0.681877 1.195640
-1.054520 0.845123
-0.446305 1.673090
-0.320581 1.573190
0.442426 -0.074693
-1.357330 0.735901
-0.487677 1.481890
-0.261004 0.433590
-0.534689 1.486810
-1.332670 0.372834
-0.416868 1.378460
-0.599594 0.456993
-0.822285 1.452330
0.635199 0.026873
-0.542463 1.506600
0.564033 0.127380
0.084486 -0.000354
-0.650770 1.225300
-0.640904 0.394109
-0.544099 1.188980
-0.577462 1.467370
-0.380679 1.634800
0.546775 -0.139553
-0.713950 1.211920
-0.558241 1.256680
-0.423206 1.561290
-0.793072 1.448890
-0.665928 1.122580
-0.880093 1.152340
-0.266076 1.736050
-0.454181 1.439380
0.977866 0.010675
-1.246820 0.933287
-0.480386 1.652070
-1.097260 1.095690
0.006307 0.096227
-0.707229 1.129820
-0.477307 1.560520
-0.597467 1.504200
-0.312595 1.539520
0.730950 0.025437
-0.488302 1.556290
-0.495488 1.274340
-0.504247 1.426000
-0.606146 1.412320
-0.754664 1.129470
-0.394076 1.585520
-0.868547 1.210460
-0.372863 1.519490
-0.871434 0.919542
0.175086 1.847480
0.834120 0.100867
0.138202 0.020380
-0.497139 1.452760
-0.670371 1.430020
-0.229337 1.827150
1.106520 -0.043340
-0.863769 1.104460
-0.451249 0.945797
-0.104647 0.484355
0.572109 0.000574
-0.945961 0.544182
-0.080029 0.076039
-0.848852 1.134130
0.073786 0.676813
0.725351 0.045788
-0.617510 1.531180
-0.537244 1.626060
-1.774820 0.701129
-0.635796 0.893950
0.144287 0.103103
0.007321 2.037570
-0.670042 1.430760
-0.971426 1.116850
-0.161497 1.651720
-0.605942 1.516490
-0.687085 1.188560
-0.577311 1.541710
-0.512862 1.469740
-0.488776 0.534531
-0.088066 1.552900
-0.668499 1.409860
-0.561537 1.400640
0.601422 -0.098494
0.362574 0.024866
-0.373576 1.461930
-1.228570 1.012740
-0.418749 1.359310
-0.455805 1.543380
-0.666003 1.444240
0.620242 -0.068137
-0.465856 1.547640
-0.502132 1.344700
-0.772454 0.921812
-0.600344 1.265330
-0.657261 1.402260
-0.557772 1.440870
-0.576162 1.434830
-0.339399 0.532786
-0.573143 1.359740
0.176663 0.647890
-0.528132 1.473130
-0.085529 0.504483
-0.813842 0.765243
-0.382943 1.719120
-0.246492 0.612764
-0.751960 1.372740
-0.383452 1.372270
-0.841100 0.062210
-0.602483 0.565554
0.773288 -0.025800
-0.649023 1.344300
-0.475643 1.540760
-0.558293 1.253420
-1.165070 1.228660
-0.779052 1.296360
-0.607830 1.293100
-0.765109 1.328470
0.322235 0.449053
-0.747841 1.331040
-0.309788 1.778200
-1.191500 1.035280
0.566146 0.041654
0.012175 0.205901
-1.077350 0.569761
-0.708432 1.425420
0.260968 0.154186
-0.775673 0.743954
-0.350275 1.385170
-0.760729 1.309360
-0.407482 1.606780
0.573544 -0.020764
-0.155910 1.339400
-0.590975 1.378210
0.497460 0.072612
-0.247235 1.636640
-0.504283 0.330183
-0.053673 0.980212
-1.172500 0.565628
-0.004010 0.466650
-0.823455 0.441572
-0.149939 1.124020
0.209699 0.237593
-0.588346 1.352320
0.928427 0.006276
-0.423206 1.485320
-0.482160 1.543800
0.760736 0.012964
-1.090480 1.067380
0.258881 0.120597
-0.447911 1.621730
-0.500366 0.961429
0.460263 -0.083104
-0.635890 1.298110
0.270066 0.370216
0.694200 0.116667
0.752632 0.076575
-1.136310 0.830633
-0.764476 1.354190
-0.813131 1.175200
-0.673792 1.168500
0.141637 0.040727
-0.581666 1.026090
-0.645699 1.365020
-1.127610 0.921779
0.901893 0.110841
-0.458963 1.531080
-0.700974 1.409970
0.144749 0.054337
-0.124203 0.646853
0.231584 0.010634
-0.820638 1.371890
-0.506448 1.295680
-0.902164 1.512680
-0.538831 1.527680
-0.540083 1.581860
-0.544640 1.314060
0.465231 0.007358
-0.411622 1.476430
-0.598880 1.381230
-0.645268 1.420900
0.084495 0.113488
-0.595997 1.464000
-0.829014 1.078380
-0.272127 1.557760
-0.702658 0.518203
-0.507907 1.527860
-0.789596 1.139270
-0.901225 1.569080
-0.356624 1.380000
-0.956091 1.243280
-0.600441 1.579100
-1.213110 0.337602
-0.529937 1.369280
1.033680 0.136280
-0.614407 1.380880
-0.292944 1.492230
-0.760743 0.965008
-0.114818 0.218635
-0.671278 1.508340
-0.987446 1.082680
-0.658936 1.322230
-0.377381 1.421670
-0.636508 1.066150
-0.473648 1.457610
-0.302951 0.311258
-1.008470 1.019500
0.649846 -0.067210
-0.491656 1.628320
0.021914 0.415799
-0.830047 0.594855
-0.640424 1.169890
-0.772013 1.281010
-0.632742 1.439020
-0.361013 1.224730
0.573041 0.034734
-0.639092 1.433970
-0.530712 1.530040
-0.360445 1.768490
-0.094204 0.655961
0.136204 -0.094773
0.460000 0.518133
-0.767038 1.091030
-0.598657 1.377920
0.480266 -0.039185
-0.346873 1.700940
-0.449378 1.212830
-0.247059 0.421954
-0.776252 1.306920
-0.610027 1.514550
-0.584139 1.201420
-0.435525 1.579810
-0.402702 1.871480
0.419782 -0.114097
-0.451472 1.572030
-1.054330 0.508207
-0.312917 1.185690
0.092967 0.285190
-0.803248 1.183620
-0.764425 0.411358
-0.781860 1.483260
-0.103423 0.711073
-0.276273 1.746490
0.481221 0.094816
0.324590 0.381685
-0.359427 0.514833
-0.938592 0.564374
-0.400596 1.471500
0.209509 0.117736
-0.523810 1.487750
-0.443572 1.203890
-0.118981 0.127471
-0.809482 1.487290
-0.616873 1.439860
0.065224 0.366327
-0.645104 0.484803
-0.726067 1.255950
-0.415505 0.315475
0.570184 0.079697
0.280149 -0.036935
-0.621765 1.448560
0.247059 0.492609
-0.988455 0.961888
0.145028 0.673148
-0.607024 1.203520
-0.381633 1.450780
-0.446272 1.438840
-0.564734 1.288440
-0.781045 1.240670
-0.439782 1.520290
-0.837294 1.357490
-0.507058 1.543880
-0.537705 1.531210
0.933532 0.179659
-0.563256 1.482460
-0.631454 1.487400
-0.630613 1.394610
-0.440329 1.513190
0.047741 0.409452
0.349958 -0.008769
-0.316306 1.785020
-0.190234 1.578640
0.202068 0.475259
0.298066 -0.016911
0.625064 0.073946
-0.581950 1.441600
-0.205400 1.662910
0.417815 0.094181
0.242980 0.441595
-0.050347 0.422969
-0.661708 1.312560
-0.382217 1.284220
0.039070 1.831200
0.504133 0.119153
-0.304291 1.587810
-1.224700 0.804413
-0.729007 1.068950
-0.431020 1.287190
-0.488692 1.539580
-0.335898 1.699950
-0.981642 0.626284
-0.410965 0.457100
-1.322030 1.233760
-0.815056 1.361010
-0.137578 0.360576
0.166444 0.551279
0.729248 0.078335
-0.037440 0.373761
0.787213 0.051931
-0.603743 1.177310
-0.839392 0.931032
-0.427884 1.406130
-0.698205 1.454430
0.265390 0.278715
-0.632635 1.609190
-0.393639 1.426200
-0.212032 1.751850
-0.233184 0.244016
0.431921 0.342057
-0.347843 1.488860
-0.005861 0.140768
-0.869736 1.103390
-0.619066 1.306020
-0.588738 1.413450
-0.403375 1.451480
0.716416 0.173118
0.082673 0.344504
-0.713795 1.382620
-0.134815 1.656030
-1.133820 1.553340
-0.016450 1.987520
0.855057 0.128055
-0.413991 1.276120
-0.373081 0.431248
-1.200290 0.229100
0.317367 0.211587
-0.501892 1.374290
-0.054082 0.551843
-0.477550 1.434140
-0.683746 1.337650
0.564707 0.032867
-0.548098 1.541520
-0.633625 1.373950
-0.539993 1.404620
-0.608527 1.178040
0.234506 0.429373
0.482660 0.155687
-0.646928 1.460390
-0.175348 0.613765
-0.195502 1.729750
-0.433120 1.561090
-0.583792 1.378360
-0.639510 1.224840
-0.610120 1.300940
-0.746738 1.204610
0.459077 0.037010
-0.928278 0.175330
-0.142221 0.529652
-0.535284 1.405530
-0.110789 0.509858
-0.042652 0.526575
-0.553801 1.443460
-0.335096 0.940849
-0.432412 1.532310
-0.432418 1.603800
-0.320525 1.442600
-0.254032 1.486830
0.764235 -0.005154
-0.442550 1.543860
0.877410 0.026156
-0.500579 1.275940
-0.755575 1.293700
-0.533958 1.445470
-1.164010 0.627446
0.498440 -0.055274
0.755557 0.023263
-0.625186 1.135820
-0.280523 1.495690
-0.360583 1.406510
-0.548525 0.574804
-0.744647 1.311910
-0.260754 1.650680
-0.678218 1.272490
-0.239594 0.341080
0.060620 -0.080773
-0.601322 1.138690
-0.725429 1.363830
-1.070600 0.973064
-0.586164 1.420340
-0.610641 1.427870
-0.826219 1.254460
0.251643 0.310311
-0.372679 1.668140
-0.181145 0.632240
-0.573463 1.472480
-0.545294 1.131020
-0.577087 1.393070
-0.483931 1.666380
0.271244 0.042989
-0.680638 1.096440
-0.200673 1.662090
-0.255370 1.654880
-0.712248 1.278550
-0.620094 1.523920
0.645547 0.180518
-0.519916 1.533190
-0.034263 0.522079
-0.608748 1.421620
0.699689 0.130772
-0.960132 1.205410
-0.453312 1.519540
-0.513381 1.477340
0.646067 0.003103
-0.121050 -0.112014
-0.416898 1.095460
-0.650142 1.379780
-0.719096 0.738701
-0.278591 1.751550
-0.518918 1.605610
-0.542701 1.247290
-0.954627 1.346330
-0.791375 1.047060
0.730880 -0.181767
0.385976 1.035840
-0.449494 1.562500
0.515376 -0.049773
-0.508685 1.360630
0.717377 0.151945
-0.931288 1.496660
0.650722 0.111854
0.079464 1.198070
-0.548025 1.408530
-0.170443 0.530105
-0.521801 1.245960
0.100320 0.451743
0.102658 0.092162
-0.548926 1.674260
-0.735626 0.413189
-0.555682 1.395820
-1.479570 1.381060
-1.145320 0.914328
0.767586 -0.028392
-0.213963 1.686720
-1.244340 0.876123
-0.870320 1.103740
-0.831611 1.244170
-0.749122 1.187100
-1.054990 0.778683
0.508307 0.132135
-0.679581 1.182050
-0.682965 1.175800
-0.817270 1.248950
0.907928 0.034826
0.175711 0.326396
-0.689024 0.416212
-0.274802 1.881910
-0.526321 1.521340
-0.121756 0.407646
0.352800 -0.012048
-0.575699 1.649970
-0.990581 0.971419
-0.232262 1.829260
-0.454540 1.337430
-1.306250 0.889424
-0.673730 0.904926
0.684792 -0.190944
0.250535 0.658951
0.288601 0.003397
0.527358 -0.173590
-0.393632 0.248726
-0.794881 1.162040
0.556760 0.167159
0.540662 -0.046655
0.877002 0.104532
-0.620724 1.371650
0.736332 0.023364
-0.560865 1.458820
-1.881210 0.882240
-0.053134 0.548934
0.084332 0.066140
-1.113570 0.869672
-0.254269 -0.051032
-0.542201 1.375120
-1.778930 1.884030
-0.448745 1.641510
-0.648646 1.551340
0.419072 0.241808
-0.574964 1.430530
-0.067501 0.481960
-0.471632 1.424180
-0.081285 0.375334
-0.520224 1.303940
-0.656491 1.242760
0.384394 0.121525
0.813823 -0.080817
-0.427940 1.510640
-0.387324 1.415020
-0.195839 1.995210
-0.085800 1.710200
-0.567356 1.480400
0.052201 0.357851
0.314426 0.172921
-0.600331 1.590670
-0.704594 1.397120
-0.486758 1.708340
-0.229962 1.594690
0.531053 -0.029105
0.083417 0.612063
-0.452356 1.577290
0.535736 -0.159274
-0.619151 1.377730
0.304114 -0.074970
0.085305 0.113132
-0.789573 1.178060
-0.436871 1.593500
-1.423670 0.813676
-0.871335 0.296280
-1.186820 1.108920
0.378700 0.026592
-1.080810 1.024030
-0.343049 1.715910
-0.361545 0.451814
-0.755039 1.388660
0.325277 0.276510
-0.475028 1.350940
-0.705333 0.841834
-0.752478 1.138200
-0.755605 1.194720
-0.787950 1.123750
-0.589388 1.357970
-0.790079 1.313650
0.780763 -0.019552
0.622888 -0.038632
0.632189 -0.024591
-0.447522 1.579930
-0.695710 1.483780
0.655646 -0.007462
-0.071679 -0.055827
-1.058490 0.606797
-0.289979 1.573940
-0.449395 1.612410
-0.584227 1.395620
-0.732221 1.516170
-0.516109 1.649240
-0.445341 0.179662
-0.177240 1.623840
-0.484930 1.338810
0.151202 -0.066006
-1.001530 0.546771
0.934098 0.042944
-0.534782 1.194530
-1.031250 1.286020
-0.415225 1.681990
-1.239060 1.049130
-0.336791 1.615080
-0.703566 1.337390
0.333098 0.636049
-1.067580 1.671360
-0.561695 1.300760
-0.554115 1.459270
-0.648822 1.371460
-0.619356 1.479660
0.587979 0.075740
-0.035091 0.303264
-0.358772 0.519705
-0.162086 1.610090
0.207487 0.480036
-0.485805 1.344500
-0.591841 1.326650
-0.532113 1.246870
-0.696297 1.353640
-0.563904 1.663770
-0.951830 0.908762
0.550542 0.101368
0.590603 0.014993
0.032738 0.334085
-0.529597 0.428027
0.049343 0.341090
-0.591451 1.414310
-0.700098 1.350500
-0.412528 1.658960
-1.796630 0.436292
-1.781730 0.632846
-0.795217 1.184420
0.536564 -0.135024
0.450859 0.141164
0.039106 0.667351
-0.614392 1.320870
-0.359346 1.299500
-0.010115 0.275000
-0.244591 1.775410
-0.687156 1.384460
0.490858 0.097760
-0.757308 1.415490
-0.923316 1.181450
-0.441128 1.540000
-0.464644 1.562990
-0.447164 1.530610
0.072868 0.090863
-0.286508 0.280211
-0.884934 1.101310
-1.863270 0.312856
-0.527072 1.531620
-0.495046 0.387929
-0.573355 1.516100
-1.040640 1.010060
-0.714285 1.361050
-0.656673 1.212550
-1.070780 0.670670
-0.497982 1.377780
0.326135 0.244606
-0.559415 1.502820
-0.172085 1.242410
-0.248707 -0.077293
0.468478 -0.030222
-0.358429 1.550870
-0.639134 1.362690
-0.519441 0.396574
-0.495348 1.560410
-1.235350 0.937119
-0.635711 1.479070
-0.041119 0.502034
0.065241 1.780530
0.107176 0.228358
0.543612 -0.044991
-0.676744 1.439460
-1.079980 1.252250
-0.731071 0.652570
0.221243 0.253857
-0.871653 1.306360
-0.536582 1.498010
0.037190 0.508312
-0.847826 1.314200
-0.251747 0.352400
-0.399819 1.585850
0.057860 0.251441
-0.652718 1.518870
-0.414695 1.513240
-0.377316 1.652860
-0.442034 1.252340
-0.231246 0.468514
-1.237140 0.401912
-0.694460 1.497660
-1.850200 1.969750
0.705426 0.084660
-0.638568 1.361010
0.764707 0.117731
-0.792562 1.126420
-0.508641 1.627710
-0.563166 1.348250
-0.338487 1.654900
-0.529977 1.418290
-1.834050 1.299250
-0.234405 1.740740
-0.877717 1.286580
0.108577 -0.256254
-0.933850 1.228320
0.073409 0.437980
0.397335 0.191669
0.764637 0.170681
0.824778 0.084889
-0.647161 0.793554
-0.723483 1.236480
-0.559715 1.473800
-0.050792 1.470820
-0.436890 1.357920
-0.814359 1.116070
-0.356614 1.831130
-0.899138 1.081380
-0.694049 1.427020
-0.391638 1.408740
-0.114454 0.600645
-0.262182 0.558759
-0.060606 -0.120870
-0.996323 1.168390
-0.337431 1.629650
-0.901631 1.132050
-0.529370 0.274743
0.577411 0.363324
-0.045728 -0.093886
-0.288478 1.657680
0.454993 -0.138163
-0.615142 1.418300
-0.529268 1.354610
-0.769868 0.636944
-0.550891 1.693130
-0.545712 1.487360
-1.465350 0.555000
-0.746051 1.070850
-0.621507 1.264880
0.721889 0.265863
-0.513108 0.477797
0.409506 0.330826
-0.630152 1.479660
-0.776447 1.296860
-0.270846 1.503250
-0.707151 1.012550
-0.741852 1.323140
-0.343026 1.529410
-0.063301 0.464675
-1.409650 1.294640
0.799891 0.018928
0.524448 0.001539
0.485561 0.135955
0.682928 -0.036615
0.636826 0.228856
-0.754002 1.477000
-0.269699 0.528018
0.312548 0.309129
-0.596588 1.302620
0.228303 0.285841
-0.585705 1.341140
-0.717292 1.200650
-0.571257 1.700930
-1.005430 0.825013
-0.472490 1.488330
-0.176168 0.510813
-0.698642 1.289260
0.811200 -0.078493
0.697549 0.015831
-1.002410 1.121880
-0.417359 1.554910
-0.468550 0.030191
-0.345657 1.620020
-0.545097 0.403847
-0.400588 1.390600
-0.618221 1.457540
-0.314331 1.485350
-0.734501 1.248040
-0.441473 1.548710
-0.667612 0.620813
-0.626030 1.129820
-0.618846 1.341000
0.589550 0.180733
-0.162133 1.641400
-0.489493 1.443100
0.186912 0.128714
-0.663615 1.469670
-0.060569 1.466330
-0.968037 1.120550
-0.736372 1.260910
-0.493329 1.559970
-0.523198 1.287220
0.696281 0.079284
-0.672843 1.561820
-0.858369 1.292630
0.479856 -0.123655
-1.102730 -0.221541
0.753735 0.202025
-0.774317 1.302810
0.623623 -0.020025
-1.115780 0.631606
0.493390 -0.056403
-0.115890 1.055330
-0.550031 1.417420
0.417704 0.070756
0.627456 0.173133
-0.518552 1.365460
-0.746029 1.106850
-0.353006 1.550060
-1.092290 0.560787
-0.693678 1.198750
-1.143660 0.577182
-0.243073 1.882950
-0.293291 1.711090
0.704338 -0.075284
-0.002832 0.597111
0.104445 0.423033
-0.843927 0.975161
0.735099 0.059082
-0.146847 1.755330
-1.292980 1.099660
-0.573621 1.354180
0.665846 0.276387
-1.135180 1.088440
-0.622735 1.397430
-0.497526 1.476430
-0.543451 1.333460
-0.019422 0.203913
-0.426996 1.818750
-0.301945 1.526600
-0.544112 1.537920
-1.098080 0.474903
-0.573724 1.606610
-0.783045 0.497028
-0.971100 1.543440
-1.145850 1.014100
0.567322 -0.142467
0.548629 -0.051847
-0.672329 1.084410
0.158102 0.621619
0.570147 0.295007
0.896047 0.003393
0.379407 0.101384
-0.433631 1.660930
-0.286160 1.334590
-1.189980 0.840124
-0.412466 1.609390
-0.753578 1.383280
-0.811634 1.396820
-0.119819 0.617180
-1.617070 1.057430
-0.574530 1.104930
-0.382825 1.586340
-0.319889 1.642570
-0.656462 1.476400
-1.473950 0.536250
-0.698703 1.590720
-0.744251 0.632449
-0.601638 1.290360
-0.618326 1.373330
-0.161717 0.127827
0.726210 0.039457
0.529182 -0.287810
-0.100346 0.124988
-0.176527 1.658100
-1.306630 1.840940
-0.922686 1.075900
0.382219 0.531853
-0.876548 0.432642
-0.409712 1.504440
-0.234939 1.458320
0.251904 0.106984
-0.910508 1.039520
-0.458991 1.540390
0.492577 -0.009312
-0.411857 1.476390
0.465366 0.030207
-0.354790 1.602130
-0.845780 0.888467
-0.652512 1.384660
-0.681471 1.372920
-0.503359 0.132334
0.383756 0.303625
-0.804171 1.159090
-0.141774 1.531170
-0.526664 1.386240
-1.661650 1.225220
-0.682371 1.373020
-1.022060 0.721158
-0.619092 1.499930
-0.582990 1.672300
0.362432 0.022749
-0.698881 1.173850
0.606809 0.081181
0.487514 0.095895
-0.772268 0.985830
0.302316 0.017003
-0.489767 1.561240
0.454084 0.195544
-0.516726 1.448830
0.715606 -0.161818
0.147742 0.471740
-0.375728 1.668480
-0.525793 1.514130
-0.815060 1.213010
-0.263230 -0.062706
-0.763485 1.004250
-0.577260 1.271580
-0.707406 1.584800
-0.434499 1.307680
-1.071700 0.972066
-1.653650 1.033520
-0.922493 1.060170
-0.439100 1.573990
-0.471411 1.375910
-0.189093 0.282088
-0.365729 0.367386
-0.579172 1.387930
-0.672440 1.381460
-0.423568 1.967060
-0.564327 1.470940
-0.633021 1.374120
-1.607020 0.507275
-0.677165 1.150040
-0.168942 1.891990
0.323989 0.300685
0.011528 0.091251
-0.700542 1.411790
-0.193785 1.558260
-1.068740 1.069030
-0.540268 1.499080
-0.553057 1.405810
0.245580 0.163930
-0.581402 1.328980
-0.578245 1.403060
-0.419193 1.527660
0.496273 -0.012600
-0.614522 1.309490
0.358472 0.270161
0.530921 0.091343
-0.298090 0.430665
-0.547849 1.422050
0.678834 0.048898
-1.326120 0.340571
-0.300701 1.597810
-0.608178 1.314090
-0.955812 1.253880
0.026520 0.120138
-0.018694 0.234046
-0.294901 0.232152
-0.934250 1.088440
-0.996602 0.479007
-0.581518 1.300020
-0.866595 1.098300
-0.263095 1.568910
0.553741 0.192840
-0.682505 1.421930
-1.216710 0.047004
-0.540825 1.517110
-0.403529 1.417860
-1.070130 0.986293
-0.171011 1.630990
-0.047081 1.851350
-0.790950 0.922846
-0.529112 1.262030
0.350712 0.044571
0.561240 0.011914
0.286664 0.094759
-0.305722 1.727460
-0.414585 1.522990
-0.798904 1.227170
-0.351138 1.585240
-0.489168 1.591460
-0.557882 1.421660
-0.446212 0.775877
0.004291 0.475956
-0.909386 1.550650
0.493233 0.054697
-0.470094 1.453870
-0.361999 1.687620
-0.272129 1.894320
0.794764 -0.129346
0.071373 0.118226
-1.094850 0.844512
-0.461014 1.685330
-0.603919 1.477040
-0.951269 0.990663
-1.124520 0.752110
-0.252262 1.793860
-0.705707 1.465410
-0.523544 1.732590
-0.584416 1.536740
0.413544 0.196540
-0.720547 1.494110
-0.735032 1.409990
0.241965 -0.087419
-0.570400 1.406980
-1.731440 -0.118283
-0.332529 1.689660
-0.033420 0.705041
-1.393260 1.128590
0.768973 0.062897
-0.407888 1.462210
-0.479718 1.475680
-0.050505 1.749460
-1.303650 0.802452
-0.703801 1.253130
-1.006290 1.165860
0.500722 -0.204974
0.090394 0.943883
-0.842472 1.144560
-0.230510 1.495050
-0.927451 1.277860
-0.717246 1.461600
0.028462 -0.009759
-1.133380 0.755252
0.624232 -0.028821
0.476664 0.209459
-0.776299 1.362180
-0.440798 1.821690
-1.090110 1.248870
-0.664472 1.256200
0.940854 -0.144528
-0.724547 1.222570
0.476391 0.063418
-0.049425 -0.178768
-0.136204 1.786850
-0.491513 1.332450
0.808594 -0.092996
-0.557906 1.308090
-0.576362 1.366960
-0.233435 0.460429
0.375286 0.095799
-0.453805 1.565440
-0.660816 1.282570
-0.598210 0.468729
-0.911047 0.792028
-0.379594 1.460580
-0.673768 1.604280
-0.868044 1.483230
-0.461989 1.422140
0.031639 0.556810
-0.479808 1.527490
0.202641 -0.020269
0.148572 -0.070353
0.166275 0.047161
-0.660485 1.273720
0.053518 -0.208230
-0.727956 1.253970
0.314162 0.002309
0.070051 0.496495
-0.853324 1.022780
-0.586411 1.448200
-0.763367 1.220410
-0.666745 1.313310
-0.355374 1.673150
0.323117 0.099514
-1.522350 0.387652
-0.274475 1.777920
-0.749994 1.376690
-0.750911 1.186700
0.474542 0.621536
-0.580143 1.344650
-0.170135 0.581171
-0.672085 1.186380
-0.340685 1.425580
-0.450144 0.582890
-0.063840 0.576848
0.538073 0.184040
-0.650822 1.229280
-0.466206 1.412640
0.678248 -0.032360
-0.588150 1.170370
-0.442712 1.226330
-0.602442 1.606340
0.740711 0.115922
-0.378854 1.807830
-0.534807 1.351620
0.229486 0.488794
-0.291402 0.363741
-0.446224 1.534040
0.336181 0.655039
-0.745738 1.255430
-0.295931 1.477690
-0.251547 1.568290
-0.716460 1.583740
-1.156720 1.369670
-0.809592 1.229960
-0.402541 1.372720
-0.062340 0.794226
-0.331201 1.713770
0.359620 -0.053548
0.718902 0.007390
-0.949298 0.956720
-0.547135 1.228450
-0.944053 1.111450
-0.463886 1.435620
-0.522663 1.422370
-0.614885 0.461267
0.055737 0.105977
-0.852995 1.150360
-0.743111 1.472030
0.614175 -0.024220
0.444845 0.012829
-0.337277 1.626580
-0.470554 1.652860
-1.862060 0.367186
-1.008170 1.056010
-0.020141 0.484859
0.542505 0.413759
-0.406029 1.836530
0.150776 0.467276
-0.506786 1.402850
-0.380995 1.612900
-0.855129 1.075670
-0.285415 1.615180
0.570359 0.274446
-0.477550 1.523500
-0.583725 0.914628
-0.400675 0.568841
-0.246780 1.707110
-0.632081 1.199670
0.451594 -0.149563
-0.494524 1.816180
-0.482079 1.631420
0.657660 -0.281783
-1.391140 0.537125
-0.572480 1.730110
-0.917301 0.890374
0.647675 0.362459
-0.435715 1.473900
-0.343860 1.675230
-0.486591 1.392070
-0.270421 -0.069799
0.533456 0.193837
-0.610722 1.306820
0.057681 0.249092
-0.185039 1.800360
-0.519377 1.367620
-0.646159 1.225760
-0.346026 1.875380
0.727830 0.110226
-0.342106 1.834590
-0.182242 1.580870
-0.512252 1.439110
-0.456913 1.517690
-0.878918 0.955105
-0.425219 1.583730
0.586526 0.083067
-0.465571 1.143490
0.532840 -0.128586
-0.383392 1.294930
-0.878059 1.216530
-0.422776 1.726260
-1.038000 0.999654
-0.408270 1.658760
-0.670361 1.332210
-0.763376 1.155110
-1.079510 0.865317
-0.591791 1.607660
-0.357405 1.748550
-0.185964 0.233812
-0.289020 1.613740
-0.288911 0.494412
-0.681348 1.263210
0.690552 0.038169
0.742303 0.068327
-1.267230 0.442690
-1.066700 0.458703
-0.181205 1.594070
-0.694815 1.458990
0.300219 0.280634
-0.435064 1.504040
-0.352361 1.468000
-0.561372 1.434990
-0.606713 1.255210
0.761329 0.133396
-1.138560 0.660414
0.061948 -0.056485
-0.997892 1.442310
-0.628741 1.471550
-0.470559 1.524100
0.046299 0.501894
-0.374864 0.328380
-0.480535 1.439880
-0.454021 1.369590
-0.311633 1.726020
-0.780150 0.552621
-0.599581 1.433960
0.438976 0.469173
-0.826701 1.264930
-0.315557 1.423030
-0.522181 1.567030
-0.447113 1.651550
-0.325806 1.594150
-0.955880 0.966230
0.348543 0.533778
-0.538243 1.765100
-0.693959 1.272100
-0.987938 1.023010
-0.917673 1.171580
0.171930 0.466445
-0.715952 1.186890
-0.391391 1.291720
0.213094 0.124313
-0.379095 1.793740
-0.460519 1.473540
-0.325219 1.492340
-0.165657 0.583965
0.569217 0.311556
-0.572198 1.470440
-0.867935 1.202220
-0.794358 1.482120
-0.955509 1.086840
-0.981495 0.853044
0.111560 -0.004598
