-6.613485469669962147e-02
-6.613485469669962147e-02
-6.934261965438640041e-02
-7.100319855460954233e-02
-7.279883531844862088e-02
-7.474200924299770343e-02
-7.684572079631438180e-02
-7.912615551841706285e-02
-8.160343880212177214e-02
-8.430210219530769045e-02
-8.725081982706943406e-02
-9.048076516278119596e-02
-9.402277679937373622e-02
-9.790549952195999606e-02
-1.021573979368029100e-01
-1.068116311036710342e-01
-1.119084031172023763e-01
-1.174929369798284468e-01
-1.236137959904849287e-01
-1.303237213982437470e-01
-1.376798485607201028e-01
-1.457444731209601996e-01
-1.545850128246797350e-01
-1.642756262090987740e-01
-1.748946686810379514e-01
-1.865351887234810990e-01
-1.992661396351841363e-01
-2.132805357173528094e-01
-2.272211910834275594e-01
-2.349897090104334230e-01
-2.494214470475701328e-01
-2.836099863509653485e-01
-2.932342503379297693e-01
-3.290068505186011794e-01
-3.045225349119343172e-01
-3.270296541484912223e-01
-3.081659316815402172e-01
-3.247174411817092543e-01
-3.115993631133593400e-01
-3.740552310105411671e-01
-4.087687951010975929e-01
-3.896928108946348113e-01
-4.053106879196172185e-01
-3.941614211581063731e-01
-4.014238988312178180e-01
-3.983145079763810159e-01
-3.971123089564522202e-01
-4.021428424727699902e-01
-4.711509371104537491e-01
-5.110872535487590573e-01
-4.858152999143915962e-01
-5.066663290339914472e-01
-4.917082593696235349e-01
-5.017209566742090177e-01
-4.971820267181123465e-01
-4.962596994267062245e-01
-5.022250457145748248e-01
-4.902920845589086585e-01
-5.068264091760247281e-01
-4.838285432034484246e-01
-5.109759134374438627e-01
-5.871540797149962243e-01
-6.382777547424739462e-01
-5.908234608228892792e-01
-6.335836766533037290e-01
-5.988774119767881210e-01
-6.282606511664403648e-01
-6.064224644616783566e-01
-6.223215844008757047e-01
-6.134434114474444089e-01
-6.157806022050191785e-01
-6.199259108353133430e-01
-6.086529505284953290e-01
-6.258565683628569687e-01
-6.009548913735553999e-01
-6.312230170426916809e-01
-5.927035956498136748e-01
-6.360139919697265221e-01
-5.839170342280005643e-01
-6.402193995546154870e-01
-7.224640085705771320e-01
-7.872730677528224641e-01
-7.030911136054615040e-01
-7.829400722408740299e-01
-7.138260661313704514e-01
-7.778703851111267165e-01
-7.239896918051437202e-01
-7.720803633509765174e-01
-7.335621274414054760e-01
-7.655879139851040627e-01
-7.425244649070578129e-01
-7.584123534942071032e-01
-7.508588699789935372e-01
-7.505742614904776788e-01
-7.585486978848119399e-01
-7.420953307141781030e-01
-7.655786040301886253e-01
-7.329982153527129229e-01
-7.719346484131303088e-01
-7.233063795776621951e-01
-7.776043922533331099e-01
-7.130439480572920985e-01
-7.825769854289803540e-01
-7.022355600386711583e-01
-7.868432434097765160e-01
-8.751819805038888456e-01
-9.552879451281773848e-01
-1.031584788350456972e+00
-9.210767660645380328e-01
-1.025786521858206068e+00
-9.350754214215032389e-01
-1.019087804811603437e+00
-9.483539425151773505e-01
-1.011516371641290490e+00
-9.608841874571059094e-01
-1.003101838603839946e+00
-9.726393586439265881e-01
-9.938754437337180558e-01
-9.835942061006451853e-01
-9.838697852302987767e-01
-9.937252262697383598e-01
-9.731185621771016869e-01
-1.003010853156865334e+00
-9.616563211307400660e-01
-1.011431638700891700e+00
-9.495182116924490989e-01
-1.018970419269755512e+00
-9.367397537177086786e-01
-1.025612465309275967e+00
-9.233566183404060546e-01
-1.031345611378927885e+00
-9.094044245100633139e-01
-1.036160364105242815e+00
-8.949185522752589605e-01
-1.040049985958288348e+00
-1.134049642112917367e+00
-1.229142082448059226e+00
-1.326833652989358514e+00
-1.425849029871956386e+00
-1.520150544304668117e+00
-1.279177328412061776e+00
-1.526332484954133539e+00
-1.256028204112253466e+00
-1.530910736187871546e+00
-1.618691586292645646e+00
-1.389292331886331944e+00
-1.627217965580545211e+00
-1.365118381187494068e+00
-1.634015965199456133e+00
-1.340426712077779525e+00
-1.639070855630884394e+00
-1.543533649053508094e+00
-1.594876077511365953e+00
-1.524018057057969333e+00
-1.610399074946185172e+00
-1.503598143548988908e+00
-1.624420518509588129e+00
-1.482354333042067651e+00
-1.636893290944755996e+00
-1.460364720089549984e+00
-1.647776849066769023e+00
-1.437704647572910943e+00
-1.657037847704733169e+00
-1.414446373532969314e+00
-1.664650666209242624e+00
-1.390658820118046313e+00
-1.670597820221914720e+00
-1.366407397127989087e+00
-1.674870244761532678e+00
-1.750856951366479786e+00
-1.536204571848379441e+00
-1.761506459205610664e+00
-1.511788406804922769e+00
-1.770405336887693526e+00
-1.486838405612431524e+00
-1.777529002225042065e+00
-1.461425142069198824e+00
-1.782862322921623610e+00
-1.435614987503692097e+00
-1.786399880057392808e+00
-1.854807548592206867e+00
-1.636552494104865696e+00
-1.866873974918018986e+00
-1.611079032386504517e+00
-1.877102760360991329e+00
-1.585072981164035610e+00
-1.885461444135974274e+00
-1.558609434457869369e+00
-1.891927913121899119e+00
-1.531758716176644608e+00
-1.896490811475851856e+00
-1.951102884875485000e+00
-1.645439643184343437e+00
-1.942591259528062553e+00
-1.673332027344085038e+00
-1.932468267309439103e+00
-1.700378365818324689e+00
-1.920808259824626552e+00
-1.726506959732801993e+00
-1.907690266169913107e+00
-1.751645339926412692e+00
-1.893196879071368244e+00
-1.775720840925537169e+00
-1.877413172896484017e+00
-1.798661241264667643e+00
-1.860425677020078883e+00
-1.820395463957132032e+00
-1.842321423300029792e+00
-1.840854328016232166e+00
-1.823187081536860488e+00
-1.859971338951948772e+00
-1.803108192050320469e+00
-1.877683503273847698e+00
-1.782168500134876155e+00
-1.893932149405107346e+00
-1.760449393322317979e+00
-1.908663735249907178e+00
-1.738029439168380375e+00
-1.921830621158071795e+00
-1.714984018740998151e+00
-1.933391786365442622e+00
-1.691385049095012416e+00
-1.943313467301179820e+00
-1.667300786734708051e+00
-1.951569697511773338e+00
-1.642795703314623879e+00
-1.958142731372771284e+00
-1.617930424529983480e+00
-1.963023337157724590e+00
-1.592761723209956459e+00
-1.966210949264796781e+00
-2.010374892704599237e+00
-1.836728132222565257e+00
-2.024546038449948515e+00
-1.813013865601586838e+00
-2.037076824147030507e+00
-1.788760414247706487e+00
-2.047928554145922231e+00
-1.764037846844406454e+00
-2.057070594965578536e+00
-1.738912123135356813e+00
-2.064480888036310802e+00
-1.713445059132675308e+00
-2.070146325103617624e+00
-1.687694347532841421e+00
-2.074062972923096826e+00
-2.152154783807899818e+00
-2.194698757182612869e+00
-1.976241095855759911e+00
-2.209821994620315255e+00
-1.949978800298434400e+00
-2.223122705772914376e+00
-1.923256000733298388e+00
-2.234554542947792211e+00
-1.896146331981647615e+00
-2.244081088449718653e+00
-1.868718260339751192e+00
-2.251676533859722440e+00
-1.841035169680242056e+00
-2.257326170493530793e+00
-1.813155499319775155e+00
-2.261026671618734607e+00
-2.326506951792326916e+00
-1.962490443314508504e+00
-2.336303190776369387e+00
-1.934073760771805706e+00
-2.344077100814085046e+00
-1.905445840097416577e+00
-2.349812688820561934e+00
-1.876664786689899111e+00
-2.353506438764683129e+00
-2.426442147765097257e+00
-1.979114626949720179e+00
-2.433518591296675915e+00
-1.949348567425091883e+00
-2.438438289445637785e+00
-1.919496967101606888e+00
-2.441203197347421749e+00
-2.392254506753717536e+00
-2.317023522851964223e+00
-2.415954326324871282e+00
-2.290691359190597964e+00
-2.438010943218838822e+00
-2.263680149724426993e+00
-2.458334956919966618e+00
-2.236086266547631318e+00
-2.476843231516250743e+00
-2.207999847692941220e+00
-2.493460304887142875e+00
-2.179504740420155073e+00
-2.508119740356957283e+00
-2.150678546338142816e+00
-2.520765373678632404e+00
-2.121592748861643063e+00
-2.531352408707716606e+00
-2.092312905210280238e+00
-2.539848318423483686e+00
-2.062898887119053892e+00
-2.546233514073321214e+00
-2.033405156495357247e+00
-2.550501753909168112e+00
-2.119806459614953731e+00
-2.545514122474844321e+00
-2.090957710968718519e+00
-2.552809262312961014e+00
-2.062003954129252747e+00
-2.558047992314706143e+00
-2.032995274932337448e+00
-2.561231655228091597e+00
-2.548341609787645901e+00
-2.357221318377247687e+00
-2.568168620773213284e+00
-2.329969183176590963e+00
-2.586236237601529542e+00
-2.302299618619449983e+00
-2.602475174647408629e+00
-2.274288460693386416e+00
-2.616824700212588173e+00
-2.246005741872344696e+00
-2.629233739929384139e+00
-2.217515853490036548e+00
-2.639661839163277346e+00
-2.188877756746509640e+00
-2.648079947553534375e+00
-2.160145229384945242e+00
-2.654470994399400485e+00
-2.131367136905488735e+00
-2.658830231252205856e+00
-2.102587718941983042e+00
-2.661165327366215472e+00
-2.561629154554530885e+00
-2.556547520720435340e+00
-2.586868816205379673e+00
-2.532336942023175830e+00
-2.610748701855775344e+00
-2.507444409950313702e+00
-2.633186674847116215e+00
-2.481958841749273503e+00
-2.654103999041330653e+00
-2.455963917349842429e+00
-2.673426429927253434e+00
-2.429537969185852742e+00
-2.691085312695833842e+00
-2.402753963228804412e+00
-2.707018657303684961e+00
-2.375679555755867867e+00
-2.721172158316686129e+00
-2.348377211388567698e+00
-2.733500126577932843e+00
-2.320904369245656795e+00
-2.743966300657408208e+00
-2.293313645507943033e+00
-2.752544508755598418e+00
-2.265653062205722268e+00
-2.759219156192569855e+00
-2.237966293518824035e+00
-2.763985519646238842e+00
-2.210292922294574414e+00
-2.766849836555386410e+00
-2.809016648408621197e+00
-2.394137416693521203e+00
-2.820376530298333240e+00
-2.366344301301904540e+00
-2.829837462941718673e+00
-2.338495450313010426e+00
-2.837379233234968101e+00
-2.310634204319080176e+00
-2.842992639879468264e+00
-2.282799765686394533e+00
-2.846679669603429108e+00
-2.439497201652662373e+00
-2.824236069701079099e+00
-2.412770602681839627e+00
-2.834948231385109985e+00
-2.385947494940250824e+00
-2.843860502603588802e+00
-2.359072031002459102e+00
-2.850957281563228918e+00
-2.332184385974330088e+00
-2.856232851901169933e+00
-2.305320994503760268e+00
-2.859691486135533811e+00
-2.546303259456425661e+00
-2.804375819431362160e+00
-2.521637849103169238e+00
-2.819268821974246109e+00
-2.496736040191232409e+00
-2.832593767766622861e+00
-2.471648908303922809e+00
-2.844316247063059855e+00
-2.446423588328256571e+00
-2.854409205145886919e+00
-2.421103432462157201e+00
-2.862853376305737996e+00
-2.395728185080975514e+00
-2.869637598207283702e+00
-2.370334168877179959e+00
-2.874758995971184117e+00
-2.344954477556997485e+00
-2.878223029634707775e+00
-2.347197392710014263e+00
-2.880259482093350254e+00
-2.454683568586666809e+00
-2.870056492280362193e+00
-2.430249273576821967e+00
-2.877435973889787668e+00
-2.405776098770533444e+00
-2.883245277764524328e+00
-2.381296629109569185e+00
-2.887486774000576961e+00
-2.356840592470310636e+00
-2.890170232288640673e+00
-2.919649255643664620e+00
-2.500135016621292561e+00
-2.911730338283959441e+00
-2.526931068971990602e+00
-2.902725624279906214e+00
-2.553222911075576640e+00
-2.892690271860615780e+00
-2.578971863353625604e+00
-2.881680763295407566e+00
-2.604138507995556573e+00
-2.869754392966725298e+00
-2.628682859121979742e+00
-2.856968788204330423e+00
-2.652564555216846642e+00
-2.843381468210591567e+00
-2.675743073539384120e+00
-2.829049444818344305e+00
-2.698177965715033988e+00
-2.814028867338105311e+00
-2.719829113143278576e+00
-2.798374712410127696e+00
-2.740657000256841780e+00
-2.782140518608778645e+00
-2.760623003032883993e+00
-2.765378164567560582e+00
-2.779689689524494689e+00
-2.748137688611347329e+00
-2.797821128560586512e+00
-2.730467147281719686e+00
-2.814983202191835066e+00
-2.712412509720520504e+00
-2.831143916962833629e+00
-2.694017584610191474e+00
-2.846273708696464233e+00
-2.675323976234757151e+00
-2.860345735212299623e+00
-2.656371066207749543e+00
-2.873336151295188934e+00
-2.637196017486951316e+00
-2.885224360293562995e+00
-2.617833797431545317e+00
-2.895993236977232321e+00
-2.598317216859828971e+00
-2.905629316724609890e+00
-2.578676982284683117e+00
-2.914122946729654995e+00
-2.558941758757843576e+00
-2.921468395700483445e+00
-2.539138241015882258e+00
-2.927663919449206009e+00
-2.519291230871007592e+00
-2.932711780798846313e+00
-2.499423719051074855e+00
-2.936618223328482546e+00
-2.479556969928560228e+00
-2.939393399586733402e+00
-2.459710607804154847e+00
-2.941051255495195083e+00
-2.870867930987309524e+00
-2.832263202968241522e+00
-2.887336458989092414e+00
-2.816199516633719035e+00
-2.902934933512654414e+00
-2.799826076417883058e+00
-2.917640205218724692e+00
-2.783178066377931970e+00
-2.931431196977082543e+00
-2.766288934318696491e+00
-2.944289091242559664e+00
-2.749190388965459420e+00
-2.956197501888413903e+00
-2.731912411199198143e+00
-2.967142627322190140e+00
-2.714483277310977716e+00
-2.977113381950518445e+00
-2.696929592367581563e+00
-2.986101503412641467e+00
-2.679276331924588472e+00
-2.994101633425288789e+00
-2.661546890479812078e+00
-3.001111370589226723e+00
-2.643763135220794425e+00
-3.007131294064113725e+00
-2.625945463773811106e+00
-3.012164957621607631e+00
-2.608112864822234034e+00
-3.016218854198279065e+00
-2.590282980597105045e+00
-3.019302351685060337e+00
-4.213896117932992347e+00
-5.494451416367839514e+00
-6.821540256148414194e+00
-8.166896226434859685e+00
-9.504908066124837518e+00
-1.078440152118034945e+01
-1.187393635111001267e+01
-1.257630392261635421e+01
-1.287878540502642544e+01
-1.297396011673731131e+01
-1.300005055680199639e+01
-1.300691684494059253e+01
-1.300870878217064508e+01
-1.300917673779994921e+01
-1.300929931369844716e+01
-1.300933153844211887e+01
-1.300934004313005765e+01
-1.300934229618542481e+01
-1.300934289549384992e+01
-1.300934305533593260e+01
-1.300934309817202816e+01
-1.300934310967431529e+01
-1.300934311264904331e+01
-1.300934311324398962e+01
-1.300934311443388047e+01
-1.300934311423556622e+01
-1.300934311383893416e+01
-1.300934311344230387e+01
-1.300934311383893416e+01
-1.300934311443388047e+01
-1.300934311383893416e+01
-1.300934311383893416e+01
-1.300934311403725019e+01
-1.300934311403725019e+01
-1.300934311324398962e+01
-1.300934311364061990e+01
-1.300934311383893416e+01
-1.300934311403725019e+01
-1.300934311383893416e+01
-1.300934311383893416e+01
-1.300934311403725019e+01
-1.300934311364061990e+01
-1.300934311403725019e+01
-1.300934311403725019e+01
-1.300934311383893416e+01
-1.300934311364061990e+01
-1.300934311403725019e+01
-1.300934311403725019e+01
-1.300934311383893416e+01
-1.300934311364061990e+01
-1.300934311383893416e+01
-1.300934311383893416e+01
-1.300934311403725019e+01
-1.300934311364061990e+01
-1.300934311344230387e+01
-1.300934311403725019e+01
-1.300934311403725019e+01
-1.300934311364061990e+01
-1.300934311423556622e+01
-1.300934311403725019e+01
-1.300934311423556622e+01
-1.300934311383893416e+01
-1.300934311364061990e+01
-1.300934311443388047e+01
-1.300934311403725019e+01
-1.300934311403725019e+01
-1.300934311364061990e+01
-1.300934311383893416e+01
-1.300934311383893416e+01
-1.300934311423556622e+01
-1.300934311423556622e+01
-1.300934311403725019e+01
-1.300934311403725019e+01
-1.300934311383893416e+01
-1.300934311403725019e+01
-1.300934311423556622e+01
-1.300934311403725019e+01
-1.300934311364061990e+01
-1.300934311383893416e+01
-1.300934311403725019e+01
-1.300934311383893416e+01
-1.300934311383893416e+01
-1.300934311423556622e+01
-1.300934311364061990e+01
-1.300934311383893416e+01
-1.300934311364061990e+01
-1.300934311403725019e+01
-1.300934311383893416e+01
-1.300934311364061990e+01
-1.300934311383893416e+01
-1.300934311423556622e+01
-1.300934311423556622e+01
-1.300934311403725019e+01
-1.300934311383893416e+01
-1.300934311383893416e+01
-1.300934311403725019e+01
-1.300934311403725019e+01
-1.300934311443388047e+01
-1.300934311423556622e+01
-1.300934311383893416e+01
-1.300934311364061990e+01
-1.300934311403725019e+01
-1.300934311403725019e+01
-1.300934311443388047e+01
-1.300934311403725019e+01
-1.300934311364061990e+01
-1.300934311403725019e+01
-1.300934311423556622e+01
-1.300934311383893416e+01
-1.300934311423556622e+01
-1.300934311383893416e+01
-1.300934311423556622e+01
-1.300934311403725019e+01
-1.300934311403725019e+01
-1.300934311443388047e+01
-1.300934311403725019e+01
-1.300934311403725019e+01
-1.300934311383893416e+01
-1.300934311403725019e+01
-1.300934311403725019e+01
-1.300934311403725019e+01
-1.300934311383893416e+01
-1.300934311403725019e+01
-1.300934311423556622e+01
-1.300934311364061990e+01
-1.300934311383893416e+01
-1.300934311423556622e+01
-1.300934311403725019e+01
-1.300934311423556622e+01
-1.300934311423556622e+01
-1.300934311383893416e+01
-1.300934311383893416e+01
-1.300934311383893416e+01
-1.300934311403725019e+01
-1.300934311383893416e+01
-1.300934311383893416e+01
-1.300934311423556622e+01
-1.300934311364061990e+01
-1.300934311403725019e+01
-1.300934311383893416e+01
-1.300934311364061990e+01
-1.300934311403725019e+01
-1.300934311364061990e+01
-1.300934311383893416e+01
-1.300934311383893416e+01
-1.300934311443388047e+01
-1.300934311423556622e+01
-1.300934311364061990e+01
-1.300934311423556622e+01
-1.300934311403725019e+01
-1.300934311423556622e+01
-1.300934311423556622e+01
-1.300934311403725019e+01
-1.300934311443388047e+01
-1.300934311443388047e+01
-1.300934311403725019e+01
-1.300934311403725019e+01
-1.300934311423556622e+01
-1.300934311403725019e+01
-1.300934311423556622e+01
-1.300934311423556622e+01
-1.300934311403725019e+01
-1.300934311403725019e+01
-1.300934311403725019e+01
-1.300934311383893416e+01
-1.300934311423556622e+01
-1.300934311423556622e+01
-1.300934311403725019e+01
-1.300934311383893416e+01
-1.300934311364061990e+01
-1.300934311423556622e+01
-1.300934311403725019e+01
-1.300934311423556622e+01
-1.300934311403725019e+01
-1.300934311383893416e+01
-1.300934311443388047e+01
-1.300934311383893416e+01
-1.300934311423556622e+01
-1.300934311383893416e+01
-1.300934311364061990e+01
-1.300934311364061990e+01
-1.300934311383893416e+01
-1.300934311383893416e+01
-1.300934311383893416e+01
-1.300934311423556622e+01
-1.300934311383893416e+01
-1.300934311423556622e+01
-1.300934311383893416e+01
-1.300934311423556622e+01
-1.300934311403725019e+01
-1.300934311423556622e+01
-1.300934311423556622e+01
-1.300934311403725019e+01
-1.300934311344230387e+01
-1.300934311443388047e+01
-1.300934311383893416e+01
-1.300934311364061990e+01
-1.300934311423556622e+01
-1.300934311383893416e+01
-1.300934311403725019e+01
-1.300934311423556622e+01
-1.300934311383893416e+01
-1.300934311403725019e+01
-1.300934311383893416e+01
-1.300934311423556622e+01
-1.300934311423556622e+01
-1.300934311383893416e+01
-1.300934311344230387e+01
-1.300934311364061990e+01
-1.300934311423556622e+01
-1.300934311364061990e+01
-1.300934311364061990e+01
