80000.000000 0.000000 0.000000 0.000000 0.000000 0.000000 0.000000
40000.000000 0.158041 0.143976 0.379963 2.587016 3600.406966 61.233858
20000.000000 0.076887 0.088626 0.160762 1.220091 323.171588 13.330815
10000.000000 0.078988 0.033915 0.066725 0.489561 60.455200 3.540292
5000.000000 0.035697 0.031792 0.057969 0.218163 10.892355 0.988983
2500.000000 0.008343 0.008149 0.014684 0.100087 2.496316 0.392751
1250.000000 0.005918 0.004195 0.006749 0.047680 0.761886 0.161882
625.000000 0.011335 0.011483 0.016248 0.032950 0.412500 0.044506
313.000000 0.006061 0.006046 0.008033 0.046306 0.176986 0.011460
157.000000 0.003404 0.003158 0.003860 0.030219 0.146959 0.004717
